Costo de la solución:
 841,843007128962 

1	1	138,668	199	0	69	70	30	20	66	65	71	35	34	78	29	24	68	80	12	0
1	2	132,923	175	0	88	62	11	64	49	36	47	46	8	45	83	18	89	0
1	3	116,234	198	0	26	54	4	55	25	39	67	23	56	75	73	58	0
1	4	89,579	179	0	95	97	92	37	100	14	38	44	91	98	59	94	0
1	5	79,861	165	0	1	50	51	9	81	33	79	3	77	76	28	0
1	6	83,332	191	0	6	96	99	93	85	61	16	86	17	84	5	60	0
1	7	100,626	178	0	52	7	82	48	19	63	90	32	10	31	27	0
1	8	100,615	173	0	13	87	42	43	15	57	2	41	22	74	72	21	40	53	0
1	9	0	0	0	0
1	10	0	0	0	0

Tiempo de ejecución:
 812,849749999994 
