Costo de la solución:
 1599,18269676771 

1	1	207,613	127	0	53	60	63	66	64	62	61	65	59	57	0
1	2	33,932	76	0	105	106	107	104	103	100	99	101	102	0
1	3	188,027	117	0	109	37	49	50	51	48	42	39	110	116	0
1	4	190,328	131	0	68	77	79	80	56	58	55	54	52	98	0
1	5	177,897	121	0	17	16	19	22	24	33	30	27	25	23	0
1	6	189,914	63	0	29	32	35	36	34	31	28	26	20	21	0
1	7	135,583	147	0	67	73	76	78	72	75	74	71	70	69	120	0
1	8	178,369	132	0	40	43	45	47	46	44	41	38	115	97	0
1	9	120,19	148	0	117	83	5	11	15	14	13	12	8	108	94	0
1	10	25,719	65	0	95	96	93	92	86	111	88	0
1	11	110,157	133	0	85	113	6	7	9	10	4	3	1	2	81	119	0
1	12	41,447	115	0	87	89	91	90	114	118	18	84	112	82	0
1	13	0	0	0	0

Tiempo de ejecución:
 793,509875000003 
