Iteraciones:   1520 

Costo         Vehículos     Tiempo [seg]
 1813,786      13            1,57 
 1735,232      13            2,823 
 1735,232      13            3,796 
 1684,324      13            5,142 
 1684,324      13            6,217 
 1684,324      13            7,319 
 1684,324      13            8,166 
 1684,324      13            9,13 
 1684,324      13            10,063 
 1684,324      13            10,918 
 1684,324      13            11,823 
 1684,324      13            12,774 
 1684,324      13            13,504 
 1684,324      13            14,335 
 1684,324      13            15,176 
 1684,324      13            16,063 
 1684,324      13            17,13 
 1684,324      13            17,949 
 1684,324      13            18,848 
 1684,324      13            19,583 
 1684,324      13            20,417 
 1684,324      13            21,177 
 1684,324      13            21,949 
 1684,324      13            22,884 
 1684,324      13            23,515 
 1684,324      13            23,924 
 1684,324      13            24,301 
 1684,324      13            24,74 
 1684,324      13            25,111 
 1684,324      13            25,525 
 1684,324      13            25,957 
 1684,324      13            26,369 
 1684,324      13            26,732 
 1684,324      13            27,099 
 1684,324      13            27,465 
 1684,324      13            27,884 
 1684,324      13            28,295 
 1684,324      13            28,751 
 1684,324      13            29,156 
 1684,324      13            29,554 
 1684,324      13            29,997 
 1679,339      13            30,466 
 1679,339      13            30,9 
 1679,339      13            31,351 
 1679,339      13            31,832 
 1679,339      13            32,264 
 1679,339      13            32,753 
 1674,776      13            33,203 
 1674,776      13            33,567 
 1674,776      13            33,978 
 1674,776      13            34,377 
 1674,776      13            34,805 
 1674,776      13            35,171 
 1674,776      13            35,57 
 1674,776      13            36,075 
 1674,776      13            36,496 
 1674,776      13            36,901 
 1674,776      13            37,298 
 1674,776      13            37,687 
 1674,776      13            38,072 
 1674,776      13            38,467 
 1674,776      13            38,874 
 1674,776      13            39,273 
 1674,776      13            39,683 
 1674,776      13            40,344 
 1674,776      13            40,738 
 1674,776      13            41,08 
 1674,776      13            41,545 
 1674,776      13            41,913 
 1674,776      13            42,405 
 1674,776      13            42,856 
 1674,776      13            43,348 
 1674,776      13            43,78 
 1674,776      13            44,193 
 1674,776      13            44,714 
 1674,776      13            45,123 
 1674,776      13            45,539 
 1674,776      13            45,905 
 1674,776      13            46,469 
 1674,776      13            46,892 
 1674,776      13            47,276 
 1674,776      13            47,67 
 1674,776      13            48,092 
 1674,776      13            48,521 
 1674,776      13            48,934 
 1674,776      13            49,307 
 1674,776      13            49,704 
 1674,776      13            50,149 
 1674,776      13            50,553 
 1674,776      13            50,994 
 1674,776      13            51,401 
 1674,776      13            51,778 
 1674,776      13            52,196 
 1674,776      13            52,59 
 1674,776      13            53,056 
 1674,776      13            53,501 
 1674,776      13            53,932 
 1674,776      13            54,292 
 1674,776      13            54,702 
 1674,776      13            55,118 
 1674,776      13            55,475 
 1674,776      13            55,94 
 1674,776      13            56,319 
 1674,776      13            56,696 
 1674,776      13            57,23 
 1674,776      13            57,651 
 1674,776      13            58,13 
 1674,776      13            58,516 
 1674,776      13            58,991 
 1674,776      13            59,47 
 1674,776      13            59,935 
 1674,776      13            60,457 
 1674,776      13            60,835 
 1674,776      13            61,289 
 1674,776      13            61,703 
 1674,776      13            62,145 
 1674,776      13            62,534 
 1674,776      13            62,9 
 1674,776      13            63,339 
 1674,776      13            63,769 
 1674,776      13            64,153 
 1674,776      13            64,653 
 1674,776      13            65,134 
 1674,776      13            65,557 
 1674,776      13            65,935 
 1674,776      13            66,417 
 1674,776      13            66,801 
 1674,776      13            67,322 
 1674,776      13            67,774 
 1674,776      13            68,167 
 1674,776      13            68,58 
 1674,776      13            68,984 
 1657,095      13            69,444 
 1657,095      13            69,853 
 1657,095      13            70,248 
 1657,095      13            70,675 
 1657,095      13            71,29 
 1657,095      13            71,8 
 1657,095      13            72,279 
 1657,095      13            72,7 
 1657,095      13            73,113 
 1657,095      13            73,532 
 1657,095      13            73,97 
 1657,095      13            74,369 
 1657,095      13            74,732 
 1657,095      13            75,114 
 1657,095      13            75,591 
 1657,095      13            76,035 
 1657,095      13            76,478 
 1657,095      13            76,883 
 1657,095      13            77,348 
 1657,095      13            77,797 
 1657,095      13            78,159 
 1657,095      13            78,659 
 1657,095      13            79,192 
 1657,095      13            79,579 
 1657,095      13            79,997 
 1657,095      13            80,397 
 1657,095      13            80,851 
 1657,095      13            81,237 
 1657,095      13            81,633 
 1657,095      13            82,019 
 1657,095      13            82,451 
 1657,095      13            82,847 
 1657,095      13            83,294 
 1657,095      13            83,658 
 1657,095      13            84,037 
 1657,095      13            84,442 
 1657,095      13            84,853 
 1657,095      13            85,199 
 1657,095      13            85,628 
 1657,095      13            86,039 
 1657,095      13            86,43 
 1657,095      13            86,839 
 1657,095      13            87,249 
 1657,095      13            87,625 
 1657,095      13            87,985 
 1657,095      13            88,376 
 1657,095      13            88,876 
 1657,095      13            89,329 
 1657,095      13            89,768 
 1657,095      13            90,136 
 1657,095      13            90,529 
 1657,095      13            90,992 
 1657,095      13            91,374 
 1657,095      13            91,803 
 1657,095      13            92,186 
 1657,095      13            92,701 
 1657,095      13            93,154 
 1657,095      13            93,55 
 1657,095      13            94,016 
 1657,095      13            94,526 
 1657,095      13            94,897 
 1657,095      13            95,31 
 1657,095      13            95,732 
 1657,095      13            96,172 
 1657,095      13            96,581 
 1657,095      13            96,975 
 1657,095      13            97,356 
 1657,095      13            97,801 
 1657,095      13            98,193 
 1657,095      13            98,638 
 1657,095      13            99,035 
 1657,095      13            99,427 
 1657,095      13            99,846 
 1657,095      13            100,212 
 1657,095      13            100,627 
 1657,095      13            101,048 
 1657,095      13            101,473 
 1657,095      13            101,87 
 1657,095      13            102,303 
 1657,095      13            102,722 
 1657,095      13            103,123 
 1657,095      13            103,582 
 1657,095      13            103,934 
 1657,095      13            104,342 
 1657,095      13            104,768 
 1657,095      13            105,154 
 1657,095      13            105,582 
 1657,095      13            106,042 
 1657,095      13            106,383 
 1657,095      13            106,77 
 1657,095      13            107,225 
 1657,095      13            107,643 
 1657,095      13            108,033 
 1657,095      13            108,403 
 1657,095      13            108,82 
 1657,095      13            109,246 
 1657,095      13            109,633 
 1657,095      13            110,019 
 1657,095      13            110,386 
 1657,095      13            110,781 
 1657,095      13            111,171 
 1657,095      13            111,542 
 1657,095      13            111,915 
 1657,095      13            112,296 
 1657,095      13            112,688 
 1657,095      13            113,249 
 1657,095      13            113,725 
 1657,095      13            114,15 
 1657,095      13            114,564 
 1657,095      13            114,966 
 1657,095      13            115,385 
 1657,095      13            115,756 
 1657,095      13            116,178 
 1657,095      13            116,575 
 1657,095      13            116,953 
 1657,095      13            117,363 
 1657,095      13            117,724 
 1657,095      13            118,112 
 1657,095      13            118,581 
 1657,095      13            118,961 
 1657,095      13            119,393 
 1657,095      13            119,807 
 1657,095      13            120,215 
 1657,095      13            120,711 
 1657,095      13            121,097 
 1657,095      13            121,497 
 1657,095      13            121,918 
 1657,095      13            122,285 
 1657,095      13            122,794 
 1657,095      13            123,157 
 1657,095      13            123,579 
 1657,095      13            123,98 
 1657,095      13            124,369 
 1657,095      13            124,8 
 1657,095      13            125,199 
 1657,095      13            125,588 
 1657,095      13            126,028 
 1657,095      13            126,469 
 1657,095      13            127,027 
 1657,095      13            127,541 
 1657,095      13            127,921 
 1657,095      13            128,383 
 1657,095      13            128,771 
 1657,095      13            129,199 
 1657,095      13            129,572 
 1657,095      13            129,975 
 1657,095      13            130,384 
 1657,095      13            130,821 
 1657,095      13            131,213 
 1657,095      13            131,621 
 1657,095      13            132,03 
 1657,095      13            132,453 
 1657,095      13            132,84 
 1657,095      13            133,29 
 1657,095      13            133,775 
 1657,095      13            134,259 
 1657,095      13            134,675 
 1657,095      13            135,172 
 1657,095      13            135,716 
 1657,095      13            136,114 
 1657,095      13            136,567 
 1657,095      13            136,962 
 1657,095      13            137,357 
 1657,095      13            137,803 
 1657,095      13            138,183 
 1657,095      13            138,573 
 1657,095      13            138,95 
 1657,095      13            139,337 
 1657,095      13            139,723 
 1657,095      13            140,157 
 1657,095      13            140,558 
 1657,095      13            141,042 
 1657,095      13            141,446 
 1657,095      13            141,929 
 1657,095      13            142,336 
 1657,095      13            142,76 
 1657,095      13            143,28 
 1657,095      13            143,656 
 1657,095      13            144,139 
 1657,095      13            144,616 
 1657,095      13            145,15 
 1657,095      13            145,572 
 1657,095      13            145,941 
 1657,095      13            146,363 
 1657,095      13            146,748 
 1657,095      13            147,135 
 1657,095      13            147,576 
 1657,095      13            147,996 
 1657,095      13            148,377 
 1657,095      13            148,798 
 1657,095      13            149,217 
 1657,095      13            149,624 
 1657,095      13            150,026 
 1657,095      13            150,454 
 1657,095      13            150,867 
 1657,095      13            151,285 
 1657,095      13            151,732 
 1657,095      13            152,188 
 1657,095      13            152,599 
 1657,095      13            152,983 
 1657,095      13            153,445 
 1657,095      13            153,864 
 1657,095      13            154,41 
 1657,095      13            154,802 
 1657,095      13            155,17 
 1657,095      13            155,58 
 1657,095      13            155,944 
 1657,095      13            156,348 
 1657,095      13            156,7 
 1657,095      13            157,152 
 1657,095      13            157,537 
 1657,095      13            157,933 
 1657,095      13            158,354 
 1657,095      13            158,764 
 1657,095      13            159,209 
 1657,095      13            159,59 
 1657,095      13            159,977 
 1657,095      13            160,425 
 1657,095      13            160,827 
 1657,095      13            161,19 
 1657,095      13            161,707 
 1657,095      13            162,053 
 1657,095      13            162,453 
 1657,095      13            162,854 
 1657,095      13            163,318 
 1657,095      13            163,749 
 1657,095      13            164,142 
 1657,095      13            164,524 
 1657,095      13            164,923 
 1657,095      13            165,367 
 1657,095      13            165,809 
 1657,095      13            166,228 
 1657,095      13            166,612 
 1657,095      13            166,992 
 1657,095      13            167,415 
 1657,095      13            167,783 
 1657,095      13            168,263 
 1657,095      13            168,649 
 1657,095      13            169,07 
 1657,095      13            169,523 
 1657,095      13            169,97 
 1657,095      13            170,394 
 1657,095      13            170,785 
 1657,095      13            171,158 
 1657,095      13            171,661 
 1657,095      13            172,074 
 1657,095      13            172,518 
 1657,095      13            172,961 
 1657,095      13            173,349 
 1657,095      13            173,776 
 1657,095      13            174,181 
 1657,095      13            174,606 
 1657,095      13            175,043 
 1657,095      13            175,432 
 1657,095      13            175,801 
 1657,095      13            176,174 
 1657,095      13            176,669 
 1657,095      13            177,049 
 1657,095      13            177,497 
 1657,095      13            177,905 
 1657,095      13            178,381 
 1657,095      13            178,876 
 1657,095      13            179,294 
 1657,095      13            179,701 
 1657,095      13            180,198 
 1657,095      13            180,584 
 1657,095      13            180,966 
 1657,095      13            181,327 
 1657,095      13            181,773 
 1657,095      13            182,209 
 1657,095      13            182,679 
 1657,095      13            183,142 
 1657,095      13            183,557 
 1657,095      13            183,955 
 1657,095      13            184,35 
 1657,095      13            184,789 
 1657,095      13            185,23 
 1657,095      13            185,66 
 1657,095      13            186,085 
 1657,095      13            186,49 
 1657,095      13            186,943 
 1657,095      13            187,334 
 1657,095      13            187,741 
 1657,095      13            188,139 
 1657,095      13            188,568 
 1657,095      13            189,106 
 1657,095      13            189,584 
 1657,095      13            190,018 
 1657,095      13            190,431 
 1657,095      13            190,887 
 1657,095      13            191,28 
 1657,095      13            191,702 
 1657,095      13            192,173 
 1657,095      13            192,579 
 1657,095      13            192,989 
 1657,095      13            193,402 
 1657,095      13            193,84 
 1657,095      13            194,244 
 1657,095      13            194,676 
 1657,095      13            195,074 
 1657,095      13            195,467 
 1657,095      13            195,899 
 1657,095      13            196,298 
 1657,095      13            196,765 
 1657,095      13            197,283 
 1657,095      13            197,807 
 1657,095      13            198,208 
 1657,095      13            198,586 
 1657,095      13            199,007 
 1657,095      13            199,382 
 1657,095      13            199,795 
 1657,095      13            200,195 
 1657,095      13            200,685 
 1657,095      13            201,071 
 1657,095      13            201,474 
 1657,095      13            201,872 
 1657,095      13            202,279 
 1657,095      13            202,69 
 1657,095      13            203,15 
 1657,095      13            203,578 
 1657,095      13            204,053 
 1657,095      13            204,458 
 1657,095      13            204,906 
 1657,095      13            205,31 
 1657,095      13            205,716 
 1657,095      13            206,088 
 1657,095      13            206,517 
 1657,095      13            206,887 
 1657,095      13            207,254 
 1657,095      13            207,639 
 1657,095      13            208,047 
 1657,095      13            208,418 
 1657,095      13            208,885 
 1657,095      13            209,23 
 1657,095      13            209,587 
 1657,095      13            209,98 
 1657,095      13            210,379 
 1657,095      13            210,8 
 1657,095      13            211,218 
 1657,095      13            211,635 
 1657,095      13            212,017 
 1657,095      13            212,457 
 1657,095      13            212,86 
 1657,095      13            213,21 
 1657,095      13            213,66 
 1657,095      13            214,06 
 1657,095      13            214,564 
 1657,095      13            215,034 
 1657,095      13            215,438 
 1657,095      13            215,849 
 1657,095      13            216,257 
 1657,095      13            216,726 
 1657,095      13            217,092 
 1657,095      13            217,576 
 1657,095      13            217,965 
 1657,095      13            218,335 
 1657,095      13            218,71 
 1657,095      13            219,127 
 1657,095      13            219,576 
 1657,095      13            219,957 
 1657,095      13            220,36 
 1657,095      13            220,817 
 1657,095      13            221,271 
 1657,095      13            221,693 
 1657,095      13            222,148 
 1657,095      13            222,589 
 1657,095      13            223,011 
 1657,095      13            223,415 
 1657,095      13            223,832 
 1657,095      13            224,291 
 1657,095      13            224,717 
 1657,095      13            225,173 
 1657,095      13            225,585 
 1657,095      13            225,988 
 1657,095      13            226,435 
 1657,095      13            226,836 
 1657,095      13            227,268 
 1657,095      13            227,656 
 1657,095      13            228,078 
 1657,095      13            228,473 
 1657,095      13            228,897 
 1657,095      13            229,296 
 1657,095      13            229,748 
 1657,095      13            230,186 
 1657,095      13            230,586 
 1657,095      13            230,957 
 1657,095      13            231,368 
 1599,182      13            231,873 
 1599,182      13            232,241 
 1599,182      13            232,655 
 1599,182      13            233,06 
 1599,182      13            233,503 
 1599,182      13            233,925 
 1599,182      13            234,317 
 1599,182      13            234,693 
 1599,182      13            235,234 
 1599,182      13            235,672 
 1599,182      13            236,099 
 1599,182      13            236,505 
 1599,182      13            236,888 
 1599,182      13            237,279 
 1599,182      13            237,694 
 1599,182      13            238,089 
 1599,182      13            238,447 
 1599,182      13            238,826 
 1599,182      13            239,417 
 1599,182      13            239,841 
 1599,182      13            240,229 
 1599,182      13            240,646 
 1599,182      13            241,102 
 1599,182      13            241,527 
 1599,182      13            241,968 
 1599,182      13            242,367 
 1599,182      13            242,787 
 1599,182      13            243,185 
 1599,182      13            243,58 
 1599,182      13            243,952 
 1599,182      13            244,338 
 1599,182      13            244,752 
 1599,182      13            245,161 
 1599,182      13            245,567 
 1599,182      13            245,971 
 1599,182      13            246,451 
 1599,182      13            246,944 
 1599,182      13            247,413 
 1599,182      13            247,825 
 1599,182      13            248,248 
 1599,182      13            248,645 
 1599,182      13            249,066 
 1599,182      13            249,46 
 1599,182      13            249,909 
 1599,182      13            250,335 
 1599,182      13            250,747 
 1599,182      13            251,15 
 1599,182      13            251,556 
 1599,182      13            251,994 
 1599,182      13            252,369 
 1599,182      13            252,781 
 1599,182      13            253,163 
 1599,182      13            253,545 
 1599,182      13            253,946 
 1599,182      13            254,353 
 1599,182      13            254,879 
 1599,182      13            255,246 
 1599,182      13            255,674 
 1599,182      13            256,073 
 1599,182      13            256,503 
 1599,182      13            256,886 
 1599,182      13            257,352 
 1599,182      13            257,738 
 1599,182      13            258,105 
 1599,182      13            258,476 
 1599,182      13            258,839 
 1599,182      13            259,28 
 1599,182      13            259,662 
 1599,182      13            260,033 
 1599,182      13            260,475 
 1599,182      13            260,83 
 1599,182      13            261,24 
 1599,182      13            261,632 
 1599,182      13            261,985 
 1599,182      13            262,456 
 1599,182      13            262,841 
 1599,182      13            263,228 
 1599,182      13            263,721 
 1599,182      13            264,12 
 1599,182      13            264,538 
 1599,182      13            265,029 
 1599,182      13            265,42 
 1599,182      13            265,963 
 1599,182      13            266,4 
 1599,182      13            266,749 
 1599,182      13            267,199 
 1599,182      13            267,601 
 1599,182      13            267,998 
 1599,182      13            268,378 
 1599,182      13            268,778 
 1599,182      13            269,187 
 1599,182      13            269,582 
 1599,182      13            270,042 
 1599,182      13            270,45 
 1599,182      13            271,032 
 1599,182      13            271,385 
 1599,182      13            271,767 
 1599,182      13            272,143 
 1599,182      13            272,571 
 1599,182      13            272,949 
 1599,182      13            273,388 
 1599,182      13            273,823 
 1599,182      13            274,208 
 1599,182      13            274,711 
 1599,182      13            275,155 
 1599,182      13            275,557 
 1599,182      13            275,945 
 1599,182      13            276,331 
 1599,182      13            276,697 
 1599,182      13            277,127 
 1599,182      13            277,511 
 1599,182      13            277,87 
 1599,182      13            278,233 
 1599,182      13            278,677 
 1599,182      13            279,075 
 1599,182      13            279,579 
 1599,182      13            279,987 
 1599,182      13            280,454 
 1599,182      13            280,94 
 1599,182      13            281,321 
 1599,182      13            281,778 
 1599,182      13            282,293 
 1599,182      13            282,677 
 1599,182      13            283,224 
 1599,182      13            283,619 
 1599,182      13            284,024 
 1599,182      13            284,422 
 1599,182      13            284,807 
 1599,182      13            285,215 
 1599,182      13            285,699 
 1599,182      13            286,102 
 1599,182      13            286,461 
 1599,182      13            286,851 
 1599,182      13            287,227 
 1599,182      13            287,608 
 1599,182      13            288,03 
 1599,182      13            288,42 
 1599,182      13            288,791 
 1599,182      13            289,2 
 1599,182      13            289,591 
 1599,182      13            289,971 
 1599,182      13            290,364 
 1599,182      13            290,732 
 1599,182      13            291,158 
 1599,182      13            291,556 
 1599,182      13            291,956 
 1599,182      13            292,344 
 1599,182      13            292,744 
 1599,182      13            293,109 
 1599,182      13            293,545 
 1599,182      13            293,922 
 1599,182      13            294,386 
 1599,182      13            294,775 
 1599,182      13            295,163 
 1599,182      13            295,612 
 1599,182      13            296,041 
 1599,182      13            296,411 
 1599,182      13            296,893 
 1599,182      13            297,296 
 1599,182      13            297,714 
 1599,182      13            298,123 
 1599,182      13            298,511 
 1599,182      13            298,925 
 1599,182      13            299,369 
 1599,182      13            299,84 
 1599,182      13            300,248 
 1599,182      13            300,654 
 1599,182      13            301,03 
 1599,182      13            301,545 
 1599,182      13            301,975 
 1599,182      13            302,389 
 1599,182      13            302,772 
 1599,182      13            303,107 
 1599,182      13            303,529 
 1599,182      13            303,945 
 1599,182      13            304,332 
 1599,182      13            304,722 
 1599,182      13            305,105 
 1599,182      13            305,509 
 1599,182      13            305,922 
 1599,182      13            306,362 
 1599,182      13            306,851 
 1599,182      13            307,336 
 1599,182      13            307,731 
 1599,182      13            308,112 
 1599,182      13            308,557 
 1599,182      13            308,963 
 1599,182      13            309,379 
 1599,182      13            309,77 
 1599,182      13            310,196 
 1599,182      13            310,596 
 1599,182      13            311,036 
 1599,182      13            311,441 
 1599,182      13            311,845 
 1599,182      13            312,264 
 1599,182      13            312,697 
 1599,182      13            313,314 
 1599,182      13            313,794 
 1599,182      13            314,176 
 1599,182      13            314,629 
 1599,182      13            314,997 
 1599,182      13            315,373 
 1599,182      13            315,845 
 1599,182      13            316,239 
 1599,182      13            316,619 
 1599,182      13            317,02 
 1599,182      13            317,494 
 1599,182      13            317,836 
 1599,182      13            318,232 
 1599,182      13            318,654 
 1599,182      13            319,044 
 1599,182      13            319,534 
 1599,182      13            319,906 
 1599,182      13            320,33 
 1599,182      13            320,71 
 1599,182      13            321,067 
 1599,182      13            321,435 
 1599,182      13            321,859 
 1599,182      13            322,23 
 1599,182      13            322,729 
 1599,182      13            323,193 
 1599,182      13            323,61 
 1599,182      13            324,023 
 1599,182      13            324,426 
 1599,182      13            324,827 
 1599,182      13            325,17 
 1599,182      13            325,543 
 1599,182      13            325,984 
 1599,182      13            326,36 
 1599,182      13            326,786 
 1599,182      13            327,17 
 1599,182      13            327,579 
 1599,182      13            327,942 
 1599,182      13            328,447 
 1599,182      13            328,836 
 1599,182      13            329,286 
 1599,182      13            329,736 
 1599,182      13            330,226 
 1599,182      13            330,59 
 1599,182      13            330,998 
 1599,182      13            331,409 
 1599,182      13            331,815 
 1599,182      13            332,217 
 1599,182      13            332,649 
 1599,182      13            333,065 
 1599,182      13            333,454 
 1599,182      13            333,826 
 1599,182      13            334,209 
 1599,182      13            334,671 
 1599,182      13            335,036 
 1599,182      13            335,443 
 1599,182      13            335,812 
 1599,182      13            336,244 
 1599,182      13            336,625 
 1599,182      13            337,027 
 1599,182      13            337,401 
 1599,182      13            337,807 
 1599,182      13            338,167 
 1599,182      13            338,531 
 1599,182      13            338,931 
 1599,182      13            339,314 
 1599,182      13            339,794 
 1599,182      13            340,175 
 1599,182      13            340,587 
 1599,182      13            341,021 
 1599,182      13            341,438 
 1599,182      13            341,9 
 1599,182      13            342,281 
 1599,182      13            342,689 
 1599,182      13            343,083 
 1599,182      13            343,497 
 1599,182      13            343,94 
 1599,182      13            344,315 
 1599,182      13            344,716 
 1599,182      13            345,114 
 1599,182      13            345,53 
 1599,182      13            345,894 
 1599,182      13            346,263 
 1599,182      13            346,637 
 1599,182      13            346,993 
 1599,182      13            347,409 
 1599,182      13            347,779 
 1599,182      13            348,179 
 1599,182      13            348,572 
 1599,182      13            348,993 
 1599,182      13            349,444 
 1599,182      13            349,856 
 1599,182      13            350,236 
 1599,182      13            350,659 
 1599,182      13            351,083 
 1599,182      13            351,51 
 1599,182      13            351,903 
 1599,182      13            352,317 
 1599,182      13            352,739 
 1599,182      13            353,148 
 1599,182      13            353,538 
 1599,182      13            353,98 
 1599,182      13            354,402 
 1599,182      13            354,792 
 1599,182      13            355,162 
 1599,182      13            355,679 
 1599,182      13            356,045 
 1599,182      13            356,45 
 1599,182      13            356,892 
 1599,182      13            357,315 
 1599,182      13            357,727 
 1599,182      13            358,143 
 1599,182      13            358,584 
 1599,182      13            358,977 
 1599,182      13            359,333 
 1599,182      13            359,803 
 1599,182      13            360,165 
 1599,182      13            360,553 
 1599,182      13            360,992 
 1599,182      13            361,385 
 1599,182      13            361,751 
 1599,182      13            362,142 
 1599,182      13            362,566 
 1599,182      13            362,917 
 1599,182      13            363,315 
 1599,182      13            363,689 
 1599,182      13            364,057 
 1599,182      13            364,478 
 1599,182      13            364,881 
 1599,182      13            365,282 
 1599,182      13            365,684 
 1599,182      13            366,182 
 1599,182      13            366,607 
 1599,182      13            367,005 
 1599,182      13            367,407 
 1599,182      13            367,816 
 1599,182      13            368,204 
 1599,182      13            368,572 
 1599,182      13            368,923 
 1599,182      13            369,274 
 1599,182      13            369,675 
 1599,182      13            370,118 
 1599,182      13            370,52 
 1599,182      13            370,957 
 1599,182      13            371,413 
 1599,182      13            371,863 
 1599,182      13            372,247 
 1599,182      13            372,711 
 1599,182      13            373,174 
 1599,182      13            373,542 
 1599,182      13            373,946 
 1599,182      13            374,344 
 1599,182      13            374,724 
 1599,182      13            375,155 
 1599,182      13            375,545 
 1599,182      13            375,922 
 1599,182      13            376,271 
 1599,182      13            376,693 
 1599,182      13            377,122 
 1599,182      13            377,52 
 1599,182      13            377,935 
 1599,182      13            378,302 
 1599,182      13            378,669 
 1599,182      13            379,048 
 1599,182      13            379,476 
 1599,182      13            379,888 
 1599,182      13            380,311 
 1599,182      13            380,704 
 1599,182      13            381,109 
 1599,182      13            381,566 
 1599,182      13            381,937 
 1599,182      13            382,365 
 1599,182      13            382,705 
 1599,182      13            383,103 
 1599,182      13            383,489 
 1599,182      13            383,88 
 1599,182      13            384,294 
 1599,182      13            384,691 
 1599,182      13            385,163 
 1599,182      13            385,595 
 1599,182      13            386,032 
 1599,182      13            386,417 
 1599,182      13            386,869 
 1599,182      13            387,298 
 1599,182      13            387,698 
 1599,182      13            388,105 
 1599,182      13            388,539 
 1599,182      13            388,904 
 1599,182      13            389,382 
 1599,182      13            389,74 
 1599,182      13            390,135 
 1599,182      13            390,575 
 1599,182      13            390,962 
 1599,182      13            391,327 
 1599,182      13            391,74 
 1599,182      13            392,148 
 1599,182      13            392,523 
 1599,182      13            392,922 
 1599,182      13            393,335 
 1599,182      13            393,741 
 1599,182      13            394,222 
 1599,182      13            394,648 
 1599,182      13            395,125 
 1599,182      13            395,484 
 1599,182      13            395,904 
 1599,182      13            396,331 
 1599,182      13            396,728 
 1599,182      13            397,096 
 1599,182      13            397,481 
 1599,182      13            397,927 
 1599,182      13            398,34 
 1599,182      13            398,73 
 1599,182      13            399,199 
 1599,182      13            399,634 
 1599,182      13            400,065 
 1599,182      13            400,439 
 1599,182      13            400,833 
 1599,182      13            401,243 
 1599,182      13            401,668 
 1599,182      13            402,104 
 1599,182      13            402,558 
 1599,182      13            403,027 
 1599,182      13            403,452 
 1599,182      13            403,849 
 1599,182      13            404,267 
 1599,182      13            404,692 
 1599,182      13            405,095 
 1599,182      13            405,506 
 1599,182      13            405,92 
 1599,182      13            406,28 
 1599,182      13            406,676 
 1599,182      13            407,072 
 1599,182      13            407,477 
 1599,182      13            407,927 
 1599,182      13            408,391 
 1599,182      13            408,749 
 1599,182      13            409,144 
 1599,182      13            409,557 
 1599,182      13            409,97 
 1599,182      13            410,33 
 1599,182      13            410,725 
 1599,182      13            411,127 
 1599,182      13            411,675 
 1599,182      13            412,098 
 1599,182      13            412,501 
 1599,182      13            412,893 
 1599,182      13            413,244 
 1599,182      13            413,645 
 1599,182      13            414,032 
 1599,182      13            414,476 
 1599,182      13            414,881 
 1599,182      13            415,282 
 1599,182      13            415,702 
 1599,182      13            416,07 
 1599,182      13            416,513 
 1599,182      13            416,922 
 1599,182      13            417,33 
 1599,182      13            417,728 
 1599,182      13            418,192 
 1599,182      13            418,585 
 1599,182      13            418,978 
 1599,182      13            419,357 
 1599,182      13            419,797 
 1599,182      13            420,194 
 1599,182      13            420,624 
 1599,182      13            421,038 
 1599,182      13            421,373 
 1599,182      13            421,786 
 1599,182      13            422,206 
 1599,182      13            422,62 
 1599,182      13            423,03 
 1599,182      13            423,408 
 1599,182      13            423,781 
 1599,182      13            424,152 
 1599,182      13            424,627 
 1599,182      13            425,065 
 1599,182      13            425,493 
 1599,182      13            425,867 
 1599,182      13            426,323 
 1599,182      13            426,702 
 1599,182      13            427,237 
 1599,182      13            427,655 
 1599,182      13            428,057 
 1599,182      13            428,498 
 1599,182      13            428,857 
 1599,182      13            429,243 
 1599,182      13            429,644 
 1599,182      13            430,047 
 1599,182      13            430,432 
 1599,182      13            430,831 
 1599,182      13            431,233 
 1599,182      13            431,783 
 1599,182      13            432,162 
 1599,182      13            432,541 
 1599,182      13            432,969 
 1599,182      13            433,382 
 1599,182      13            433,81 
 1599,182      13            434,226 
 1599,182      13            434,663 
 1599,182      13            435,096 
 1599,182      13            435,513 
 1599,182      13            435,899 
 1599,182      13            436,337 
 1599,182      13            436,688 
 1599,182      13            437,072 
 1599,182      13            437,48 
 1599,182      13            437,84 
 1599,182      13            438,208 
 1599,182      13            438,591 
 1599,182      13            438,979 
 1599,182      13            439,402 
 1599,182      13            439,814 
 1599,182      13            440,343 
 1599,182      13            440,741 
 1599,182      13            441,113 
 1599,182      13            441,513 
 1599,182      13            441,878 
 1599,182      13            442,278 
 1599,182      13            442,7 
 1599,182      13            443,127 
 1599,182      13            443,547 
 1599,182      13            443,907 
 1599,182      13            444,33 
 1599,182      13            444,696 
 1599,182      13            445,066 
 1599,182      13            445,404 
 1599,182      13            445,835 
 1599,182      13            446,212 
 1599,182      13            446,616 
 1599,182      13            446,99 
 1599,182      13            447,346 
 1599,182      13            447,769 
 1599,182      13            448,192 
 1599,182      13            448,559 
 1599,182      13            448,929 
 1599,182      13            449,366 
 1599,182      13            449,734 
 1599,182      13            450,213 
 1599,182      13            450,754 
 1599,182      13            451,236 
 1599,182      13            451,624 
 1599,182      13            452,028 
 1599,182      13            452,472 
 1599,182      13            452,92 
 1599,182      13            453,338 
 1599,182      13            453,742 
 1599,182      13            454,187 
 1599,182      13            454,591 
 1599,182      13            455,025 
 1599,182      13            455,411 
 1599,182      13            455,817 
 1599,182      13            456,228 
 1599,182      13            456,655 
 1599,182      13            457,099 
 1599,182      13            457,585 
 1599,182      13            458,065 
 1599,182      13            458,463 
 1599,182      13            458,861 
 1599,182      13            459,252 
 1599,182      13            459,64 
 1599,182      13            460,013 
 1599,182      13            460,497 
 1599,182      13            460,849 
 1599,182      13            461,243 
 1599,182      13            461,661 
 1599,182      13            462,09 
 1599,182      13            462,549 
 1599,182      13            462,927 
 1599,182      13            463,404 
 1599,182      13            463,746 
 1599,182      13            464,157 
 1599,182      13            464,648 
 1599,182      13            465,141 
 1599,182      13            465,601 
 1599,182      13            466,037 
 1599,182      13            466,485 
 1599,182      13            466,955 
 1599,182      13            467,364 
 1599,182      13            467,824 
 1599,182      13            468,251 
 1599,182      13            468,631 
 1599,182      13            469,014 
 1599,182      13            469,466 
 1599,182      13            469,87 
 1599,182      13            470,302 
 1599,182      13            470,775 
 1599,182      13            471,22 
 1599,182      13            471,637 
 1599,182      13            472,054 
 1599,182      13            472,444 
 1599,182      13            472,836 
 1599,182      13            473,251 
 1599,182      13            473,717 
 1599,182      13            474,093 
 1599,182      13            474,443 
 1599,182      13            474,868 
 1599,182      13            475,233 
 1599,182      13            475,675 
 1599,182      13            476,061 
 1599,182      13            476,529 
 1599,182      13            476,968 
 1599,182      13            477,38 
 1599,182      13            477,781 
 1599,182      13            478,152 
 1599,182      13            478,555 
 1599,182      13            478,973 
 1599,182      13            479,347 
 1599,182      13            479,758 
 1599,182      13            480,155 
 1599,182      13            480,541 
 1599,182      13            480,952 
 1599,182      13            481,373 
 1599,182      13            481,841 
 1599,182      13            482,297 
 1599,182      13            482,729 
 1599,182      13            483,132 
 1599,182      13            483,512 
 1599,182      13            483,944 
 1599,182      13            484,368 
 1599,182      13            484,789 
 1599,182      13            485,197 
 1599,182      13            485,591 
 1599,182      13            486,013 
 1599,182      13            486,421 
 1599,182      13            486,784 
 1599,182      13            487,16 
 1599,182      13            487,54 
 1599,182      13            487,977 
 1599,182      13            488,398 
 1599,182      13            488,763 
 1599,182      13            489,191 
 1599,182      13            489,577 
 1599,182      13            489,984 
 1599,182      13            490,416 
 1599,182      13            490,781 
 1599,182      13            491,18 
 1599,182      13            491,592 
 1599,182      13            491,927 
 1599,182      13            492,41 
 1599,182      13            492,802 
 1599,182      13            493,192 
 1599,182      13            493,599 
 1599,182      13            493,993 
 1599,182      13            494,366 
 1599,182      13            494,794 
 1599,182      13            495,245 
 1599,182      13            495,647 
 1599,182      13            496,075 
 1599,182      13            496,51 
 1599,182      13            496,862 
 1599,182      13            497,251 
 1599,182      13            497,642 
 1599,182      13            498,028 
 1599,182      13            498,462 
 1599,182      13            498,852 
 1599,182      13            499,247 
 1599,182      13            499,641 
 1599,182      13            500,106 
 1599,182      13            500,488 
 1599,182      13            500,85 
 1599,182      13            501,234 
 1599,182      13            501,64 
 1599,182      13            502,047 
 1599,182      13            502,447 
 1599,182      13            502,828 
 1599,182      13            503,211 
 1599,182      13            503,695 
 1599,182      13            504,107 
 1599,182      13            504,566 
 1599,182      13            505,005 
 1599,182      13            505,403 
 1599,182      13            505,818 
 1599,182      13            506,198 
 1599,182      13            506,597 
 1599,182      13            506,985 
 1599,182      13            507,406 
 1599,182      13            507,776 
 1599,182      13            508,121 
 1599,182      13            508,503 
 1599,182      13            508,912 
 1599,182      13            509,337 
 1599,182      13            509,739 
 1599,182      13            510,182 
 1599,182      13            510,568 
 1599,182      13            511,035 
 1599,182      13            511,458 
 1599,182      13            511,931 
 1599,182      13            512,361 
 1599,182      13            512,819 
 1599,182      13            513,233 
 1599,182      13            513,626 
 1599,182      13            513,985 
 1599,182      13            514,388 
 1599,182      13            514,816 
 1599,182      13            515,197 
 1599,182      13            515,578 
 1599,182      13            515,961 
 1599,182      13            516,366 
 1599,182      13            516,78 
 1599,182      13            517,177 
 1599,182      13            517,613 
 1599,182      13            518,031 
 1599,182      13            518,448 
 1599,182      13            518,836 
 1599,182      13            519,25 
 1599,182      13            519,639 
 1599,182      13            520,158 
 1599,182      13            520,511 
 1599,182      13            520,883 
 1599,182      13            521,243 
 1599,182      13            521,67 
 1599,182      13            522,05 
 1599,182      13            522,507 
 1599,182      13            522,915 
 1599,182      13            523,263 
 1599,182      13            523,713 
 1599,182      13            524,117 
 1599,182      13            524,537 
 1599,182      13            524,931 
 1599,182      13            525,316 
 1599,182      13            525,82 
 1599,182      13            526,192 
 1599,182      13            526,602 
 1599,182      13            527,01 
 1599,182      13            527,415 
 1599,182      13            527,837 
 1599,182      13            528,247 
 1599,182      13            528,653 
 1599,182      13            529,051 
 1599,182      13            529,508 
 1599,182      13            529,887 
 1599,182      13            530,329 
 1599,182      13            530,689 
 1599,182      13            531,12 
 1599,182      13            531,501 
 1599,182      13            531,901 
 1599,182      13            532,311 
 1599,182      13            532,7 
 1599,182      13            533,101 
 1599,182      13            533,532 
 1599,182      13            533,95 
 1599,182      13            534,336 
 1599,182      13            534,843 
 1599,182      13            535,259 
 1599,182      13            535,665 
 1599,182      13            536,033 
 1599,182      13            536,522 
 1599,182      13            536,951 
 1599,182      13            537,411 
 1599,182      13            537,905 
 1599,182      13            538,304 
 1599,182      13            538,714 
 1599,182      13            539,135 
 1599,182      13            539,53 
 1599,182      13            539,934 
 1599,182      13            540,388 
 1599,182      13            540,785 
 1599,182      13            541,262 
 1599,182      13            541,681 
 1599,182      13            542,031 
 1599,182      13            542,471 
 1599,182      13            542,873 
 1599,182      13            543,343 
 1599,182      13            543,716 
 1599,182      13            544,122 
 1599,182      13            544,495 
 1599,182      13            544,978 
 1599,182      13            545,382 
 1599,182      13            545,772 
 1599,182      13            546,132 
 1599,182      13            546,528 
 1599,182      13            546,96 
 1599,182      13            547,354 
 1599,182      13            547,749 
 1599,182      13            548,15 
 1599,182      13            548,668 
 1599,182      13            549,085 
 1599,182      13            549,521 
 1599,182      13            549,924 
 1599,182      13            550,38 
 1599,182      13            550,78 
 1599,182      13            551,219 
 1599,182      13            551,647 
 1599,182      13            552,082 
 1599,182      13            552,49 
 1599,182      13            552,881 
 1599,182      13            553,264 
 1599,182      13            553,622 
 1599,182      13            554,107 
 1599,182      13            554,508 
 1599,182      13            554,953 
 1599,182      13            555,366 
 1599,182      13            555,729 
 1599,182      13            556,137 
 1599,182      13            556,539 
 1599,182      13            556,939 
 1599,182      13            557,384 
 1599,182      13            557,831 
 1599,182      13            558,204 
 1599,182      13            558,608 
 1599,182      13            559,008 
 1599,182      13            559,412 
 1599,182      13            559,868 
 1599,182      13            560,245 
 1599,182      13            560,698 
 1599,182      13            561,056 
 1599,182      13            561,456 
 1599,182      13            561,896 
 1599,182      13            562,291 
 1599,182      13            562,749 
 1599,182      13            563,145 
 1599,182      13            563,55 
 1599,182      13            563,934 
 1599,182      13            564,332 
 1599,182      13            564,705 
 1599,182      13            565,084 
 1599,182      13            565,502 
 1599,182      13            565,969 
 1599,182      13            566,38 
 1599,182      13            566,765 
 1599,182      13            567,158 
 1599,182      13            567,56 
 1599,182      13            567,953 
 1599,182      13            568,324 
 1599,182      13            568,688 
 1599,182      13            569,069 
 1599,182      13            569,469 
 1599,182      13            569,872 
 1599,182      13            570,31 
 1599,182      13            570,721 
 1599,182      13            571,124 
 1599,182      13            571,515 
 1599,182      13            571,935 
 1599,182      13            572,356 
 1599,182      13            572,739 
 1599,182      13            573,226 
 1599,182      13            573,624 
 1599,182      13            574,035 
 1599,182      13            574,399 
 1599,182      13            574,771 
 1599,182      13            575,159 
 1599,182      13            575,541 
 1599,182      13            575,961 
 1599,182      13            576,401 
 1599,182      13            576,911 
 1599,182      13            577,331 
 1599,182      13            577,793 
 1599,182      13            578,171 
 1599,182      13            578,638 
 1599,182      13            579,063 
 1599,182      13            579,492 
 1599,182      13            579,873 
 1599,182      13            580,318 
 1599,182      13            580,72 
 1599,182      13            581,253 
 1599,182      13            581,648 
 1599,182      13            582,006 
 1599,182      13            582,459 
 1599,182      13            582,941 
 1599,182      13            583,33 
 1599,182      13            583,748 
 1599,182      13            584,113 
 1599,182      13            584,524 
 1599,182      13            584,984 
 1599,182      13            585,391 
 1599,182      13            585,837 
 1599,182      13            586,241 
 1599,182      13            586,64 
 1599,182      13            587,011 
 1599,182      13            587,47 
 1599,182      13            587,841 
 1599,182      13            588,255 
 1599,182      13            588,677 
 1599,182      13            589,126 
 1599,182      13            589,518 
 1599,182      13            589,902 
 1599,182      13            590,333 
 1599,182      13            590,757 
 1599,182      13            591,192 
 1599,182      13            591,566 
 1599,182      13            591,949 
 1599,182      13            592,362 
 1599,182      13            592,803 
 1599,182      13            593,134 
 1599,182      13            593,554 
 1599,182      13            593,972 
 1599,182      13            594,387 
 1599,182      13            594,812 
 1599,182      13            595,216 
 1599,182      13            595,595 
 1599,182      13            595,995 
 1599,182      13            596,413 
 1599,182      13            596,784 
 1599,182      13            597,198 
 1599,182      13            597,616 
 1599,182      13            598,02 
 1599,182      13            598,507 
 1599,182      13            598,904 
 1599,182      13            599,309 
 1599,182      13            599,756 
 1599,182      13            600,14 
 1599,182      13            600,613 
 1599,182      13            601,009 
 1599,182      13            601,409 
 1599,182      13            601,802 
 1599,182      13            602,208 
 1599,182      13            602,599 
 1599,182      13            603,011 
 1599,182      13            603,445 
 1599,182      13            603,847 
 1599,182      13            604,207 
 1599,182      13            604,611 
 1599,182      13            605,044 
 1599,182      13            605,478 
 1599,182      13            605,85 
 1599,182      13            606,213 
 1599,182      13            606,578 
 1599,182      13            607,007 
 1599,182      13            607,366 
 1599,182      13            607,748 
 1599,182      13            608,153 
 1599,182      13            608,561 
 1599,182      13            608,988 
 1599,182      13            609,469 
 1599,182      13            609,886 
 1599,182      13            610,276 
 1599,182      13            610,716 
 1599,182      13            611,156 
 1599,182      13            611,546 
 1599,182      13            611,926 
 1599,182      13            612,309 
 1599,182      13            612,704 
 1599,182      13            613,088 
 1599,182      13            613,483 
 1599,182      13            613,91 
 1599,182      13            614,294 
 1599,182      13            614,683 
 1599,182      13            615,097 
 1599,182      13            615,49 
 1599,182      13            615,861 
 1599,182      13            616,246 
 1599,182      13            616,67 
 1599,182      13            617,084 
 1599,182      13            617,52 
 1599,182      13            617,892 
 1599,182      13            618,285 
 1599,182      13            618,689 
 1599,182      13            619,302 
 1599,182      13            619,759 
 1599,182      13            620,148 
 1599,182      13            620,639 
 1599,182      13            621,161 
 1599,182      13            621,611 
 1599,182      13            622,151 
 1599,182      13            622,534 
 1599,182      13            623,007 
 1599,182      13            623,425 
 1599,182      13            623,883 
 1599,182      13            624,248 
 1599,182      13            624,7 
 1599,182      13            625,128 
 1599,182      13            625,529 
 1599,182      13            625,908 
 1599,182      13            626,315 
 1599,182      13            626,693 
 1599,182      13            627,113 
 1599,182      13            627,499 
 1599,182      13            627,887 
 1599,182      13            628,328 
 1599,182      13            628,793 
 1599,182      13            629,239 
 1599,182      13            629,691 
 1599,182      13            630,077 
 1599,182      13            630,503 
 1599,182      13            630,88 
 1599,182      13            631,292 
 1599,182      13            631,688 
 1599,182      13            632,106 
 1599,182      13            632,478 
 1599,182      13            632,895 
 1599,182      13            633,281 
 1599,182      13            633,665 
 1599,182      13            634,096 
 1599,182      13            634,475 
 1599,182      13            634,818 
 1599,182      13            635,175 
 1599,182      13            635,533 
 1599,182      13            635,959 
 1599,182      13            636,34 
 1599,182      13            636,729 
 1599,182      13            637,177 
 1599,182      13            637,567 
 1599,182      13            638,011 
 1599,182      13            638,375 
 1599,182      13            638,787 
 1599,182      13            639,179 
 1599,182      13            639,585 
 1599,182      13            640,04 
 1599,182      13            640,598 
 1599,182      13            640,978 
 1599,182      13            641,337 
 1599,182      13            641,762 
 1599,182      13            642,21 
 1599,182      13            642,641 
 1599,182      13            643,001 
 1599,182      13            643,368 
