Costo de la solución:
 1581,55357107467 

1	1	200,826	113	0	52	54	57	62	64	66	63	60	55	53	0
1	2	201,144	127	0	68	79	80	56	58	61	65	59	98	116	0
1	3	186,772	123	0	110	40	43	45	48	51	50	42	39	94	0
1	4	192,972	67	0	20	22	24	27	30	33	34	36	35	29	0
1	5	174,433	126	0	109	37	44	46	49	47	41	38	115	97	0
1	6	176,714	117	0	21	26	23	28	32	31	25	19	16	17	0
1	7	43,347	103	0	105	106	107	104	103	100	99	101	102	96	93	95	0
1	8	129,031	162	0	67	69	70	71	74	72	75	78	77	76	73	0
1	9	117,732	156	0	112	113	7	9	10	11	15	14	13	12	8	108	0
1	10	41,346	141	0	88	111	86	85	84	18	118	114	90	91	89	92	87	0
1	11	117,23	140	0	82	117	83	6	5	4	3	1	2	81	119	120	0
1	12	0	0	0	0
1	13	0	0	0	0

Tiempo de ejecución:
 1267,35825 
