Costo de la solución:
 840,139015312391 

1	1	121,36	190	0	28	50	51	9	35	71	65	66	20	30	70	1	69	27	0
1	2	145,373	195	0	52	7	88	62	11	64	49	36	47	46	45	17	84	5	60	89	0
1	3	107,076	153	0	54	55	25	39	67	23	56	4	26	0
1	4	101,342	197	0	6	96	99	61	16	86	38	14	44	91	100	97	13	0
1	5	99,302	190	0	76	77	3	79	33	81	78	34	29	24	68	80	12	0
1	6	49,577	158	0	95	92	37	98	85	93	59	94	0
1	7	109,531	180	0	31	10	32	90	63	19	48	82	8	83	18	0
1	8	106,574	195	0	58	2	57	87	42	43	15	41	22	75	74	72	73	21	40	53	0
1	9	0	0	0	0
1	10	0	0	0	0

Tiempo de ejecución:
 1253,66125 
