Iteraciones:   1700 

Costo         Vehículos     Tiempo [seg]
 1553,609      8             2,34 
 1464,245      8             4,117 
 1464,245      8             5,599 
 1381,809      8             7,564 
 1381,809      8             9,342 
 1381,809      8             10,933 
 1381,809      8             12,539 
 1381,809      8             14,13 
 1381,809      8             15,611 
 1301,137      8             17,327 
 1301,137      8             18,684 
 1301,137      8             20,399 
 1301,137      8             22,037 
 1301,137      8             23,518 
 1301,137      8             24,751 
 1292,884      8             26,232 
 1292,884      8             27,948 
 1292,884      8             29,554 
 1288,55       8             31,036 
 1288,55       8             32,502 
 1288,55       8             33,999 
 1288,55       8             35,48 
 1288,55       8             36,978 
 1288,55       8             38,444 
 1288,55       8             39,925 
 1288,55       8             41,313 
 1288,55       8             43,122 
 1286,811      8             44,853 
 1286,811      8             47,162 
 1275,526      8             48,971 
 1275,526      8             50,359 
 1275,526      8             51,871 
 1275,526      8             53,79 
 1275,526      8             55,334 
 1275,526      8             56,722 
 1275,526      8             58,079 
 1275,526      8             59,716 
 1275,526      8             61,541 
 1275,526      8             63,178 
 1275,526      8             65,128 
 1275,526      8             66,656 
 1275,526      8             68,169 
 1275,526      8             69,666 
 1275,526      8             71,351 
 1275,526      8             72,957 
 1275,526      8             74,47 
 1275,526      8             76,201 
 1275,526      8             77,558 
 1275,526      8             79,039 
 1275,526      8             80,412 
 1275,526      8             81,862 
 1275,526      8             83,578 
 1275,526      8             85,168 
 1275,526      8             86,681 
 1275,526      8             88,163 
 1275,526      8             89,644 
 1275,526      8             91,173 
 1275,526      8             92,639 
 1275,526      8             94,151 
 1275,526      8             95,789 
 1275,526      8             97,302 
 1275,526      8             98,783 
 1275,526      8             100,39 
 1275,526      8             101,98 
 1275,526      8             103,4 
 1275,526      8             104,866 
 1275,526      8             106,597 
 1275,526      8             108,078 
 1275,526      8             109,544 
 1275,526      8             110,917 
 1275,526      8             112,417 
 1275,526      8             113,902 
 1275,526      8             115,402 
 1275,526      8             116,902 
 1275,526      8             118,434 
 1275,526      8             120,09 
 1275,526      8             121,59 
 1275,526      8             123,434 
 1275,526      8             125,153 
 1275,526      8             126,638 
 1275,526      8             128,153 
 1275,526      8             129,622 
 1275,526      8             131,263 
 1275,526      8             132,919 
 1275,526      8             134,623 
 1275,526      8             135,998 
 1275,526      8             137,248 
 1275,526      8             138,701 
 1275,526      8             140,342 
 1275,526      8             141,748 
 1275,526      8             143,389 
 1275,526      8             145,014 
 1275,526      8             146,514 
 1275,526      8             147,999 
 1275,526      8             149,499 
 1275,526      8             151,202 
 1275,526      8             152,828 
 1275,526      8             154,375 
 1275,526      8             155,968 
 1275,526      8             157,453 
 1275,526      8             159,063 
 1275,526      8             160,516 
 1275,526      8             162,016 
 1275,526      8             163,61 
 1275,526      8             164,985 
 1275,526      8             166,876 
 1275,526      8             168,563 
 1275,526      8             169,954 
 1275,526      8             171,782 
 1275,526      8             173,267 
 1275,526      8             174,877 
 1275,526      8             176,47 
 1275,526      8             177,83 
 1275,526      8             179,314 
 1275,526      8             180,674 
 1275,526      8             182,143 
 1275,526      8             183,627 
 1275,526      8             185,237 
 1275,526      8             186,706 
 1275,526      8             188,081 
 1275,526      8             189,831 
 1275,526      8             191,237 
 1275,526      8             192,863 
 1275,526      8             194,347 
 1275,526      8             195,941 
 1275,526      8             197,457 
 1275,526      8             198,957 
 1275,526      8             200,348 
 1275,526      8             201,707 
 1275,526      8             203,098 
 1275,526      8             204,833 
 1275,526      8             206,317 
 1275,526      8             207,77 
 1275,526      8             209,13 
 1275,526      8             210,614 
 1275,526      8             211,974 
 1275,526      8             213,677 
 1275,526      8             215,177 
 1275,526      8             216,662 
 1275,526      8             218,146 
 1275,526      8             219,49 
 1275,526      8             221,084 
 1275,526      8             222,678 
 1275,526      8             224,288 
 1275,526      8             225,772 
 1275,526      8             227,241 
 1275,526      8             228,6 
 1275,526      8             230,319 
 1275,526      8             231,663 
 1275,526      8             233,398 
 1275,526      8             234,757 
 1275,526      8             236,617 
 1275,526      8             238,101 
 1275,526      8             239,695 
 1275,526      8             241,18 
 1275,526      8             242,539 
 1275,526      8             244,149 
 1275,526      8             245,633 
 1275,526      8             247,118 
 1275,526      8             248,696 
 1275,526      8             250,196 
 1275,526      8             251,775 
 1275,526      8             253,275 
 1275,526      8             254,619 
 1275,526      8             256,087 
 1275,526      8             257,572 
 1275,526      8             258,931 
 1275,526      8             260,432 
 1275,526      8             261,901 
 1275,526      8             263,807 
 1275,526      8             265,213 
 1275,526      8             266,854 
 1275,526      8             268,745 
 1275,526      8             270,276 
 1275,526      8             271,683 
 1275,526      8             273,198 
 1275,526      8             274,917 
 1275,526      8             276,683 
 1275,526      8             277,965 
 1275,526      8             279,449 
 1275,526      8             280,793 
 1275,526      8             282,215 
 1275,526      8             283,559 
 1275,526      8             284,918 
 1275,526      8             286,387 
 1275,526      8             287,731 
 1275,526      8             289,106 
 1275,526      8             290,825 
 1275,526      8             292,544 
 1275,526      8             293,888 
 1275,526      8             295,482 
 1275,526      8             296,841 
 1275,526      8             298,342 
 1275,526      8             299,92 
 1275,526      8             301,404 
 1275,526      8             302,764 
 1275,526      8             304,233 
 1275,526      8             305,702 
 1275,526      8             307,311 
 1275,526      8             308,671 
 1275,526      8             310,03 
 1275,526      8             311,39 
 1275,526      8             312,734 
 1275,526      8             314,093 
 1275,526      8             315,562 
 1275,526      8             317,031 
 1275,526      8             318,5 
 1275,526      8             319,875 
 1275,526      8             321,375 
 1275,526      8             322,969 
 1275,526      8             324,453 
 1275,526      8             325,922 
 1275,526      8             327,282 
 1275,526      8             328,751 
 1275,526      8             330,47 
 1275,526      8             331,954 
 1275,526      8             333,439 
 1275,526      8             334,782 
 1275,526      8             336,267 
 1275,526      8             337,611 
 1275,526      8             339,205 
 1275,526      8             340,689 
 1275,526      8             342,174 
 1275,526      8             343,658 
 1274,632      8             345,409 
 1274,632      8             346,659 
 1274,632      8             348,159 
 1274,632      8             349,518 
 1274,632      8             351,018 
 1274,632      8             352,675 
 1274,632      8             354,05 
 1274,632      8             355,409 
 1274,632      8             357,113 
 1268,029      8             358,832 
 1268,029      8             360,207 
 1268,029      8             361,676 
 1268,029      8             363,035 
 1268,029      8             364,488 
 1268,029      8             365,989 
 1268,029      8             367,458 
 1268,029      8             368,817 
 1268,029      8             370,552 
 1268,029      8             372,036 
 1268,029      8             373,755 
 1268,029      8             375,224 
 1268,029      8             376,74 
 1268,029      8             378,412 
 1268,029      8             380,037 
 1268,029      8             381,771 
 1268,029      8             383,147 
 1268,029      8             384,615 
 1268,029      8             386,459 
 1268,029      8             388,178 
 1268,029      8             389,522 
 1268,029      8             390,96 
 1268,029      8             392,694 
 1268,029      8             394,179 
 1268,029      8             395,741 
 1268,029      8             397,117 
 1268,029      8             398,57 
 1268,029      8             399,945 
 1268,029      8             401,57 
 1268,029      8             402,93 
 1268,029      8             404,43 
 1268,029      8             405,899 
 1268,029      8             407,555 
 1268,029      8             409,165 
 1268,029      8             410,649 
 1268,029      8             412,307 
 1268,029      8             414,011 
 1268,029      8             415,638 
 1268,029      8             417,139 
 1268,029      8             418,671 
 1268,029      8             420,079 
 1268,029      8             421,861 
 1268,029      8             423,237 
 1268,029      8             424,958 
 1268,029      8             426,662 
 1268,029      8             428,148 
 1268,029      8             429,993 
 1268,029      8             431,478 
 1268,029      8             433,089 
 1268,029      8             434,575 
 1268,029      8             436,17 
 1268,029      8             437,53 
 1268,029      8             439,016 
 1268,029      8             440,595 
 1268,029      8             441,971 
 1268,029      8             443,457 
 1268,029      8             445,052 
 1268,029      8             446,631 
 1268,029      8             448,117 
 1268,029      8             449,602 
 1268,029      8             451,197 
 1268,029      8             452,558 
 1268,029      8             454,059 
 1268,029      8             455,654 
 1268,029      8             457,374 
 1268,029      8             459,188 
 1268,029      8             461,049 
 1239,543      8             462,691 
 1239,543      8             464,177 
 1239,543      8             465,647 
 1239,543      8             467,023 
 1239,543      8             468,602 
 1239,543      8             470,103 
 1239,543      8             471,823 
 1239,543      8             473,184 
 1239,543      8             474,56 
 1239,543      8             475,92 
 1227,389      8             477,875 
 1227,389      8             479,126 
 1227,389      8             480,706 
 1227,389      8             482,082 
 1227,389      8             483,802 
 1227,389      8             485,397 
 1227,389      8             486,757 
 1227,389      8             488,227 
 1227,389      8             489,588 
 1227,389      8             490,933 
 1227,389      8             492,309 
 1227,389      8             493,779 
 1204,176      8             495,139 
 1204,176      8             496,5 
 1204,176      8             497,829 
 1204,176      8             499,314 
 1204,176      8             500,784 
 1204,176      8             502,16 
 1204,176      8             503,521 
 1204,176      8             504,991 
 1204,176      8             506,461 
 1204,176      8             507,899 
 1204,176      8             509,275 
 1204,176      8             510,73 
 1204,176      8             512,106 
 1204,176      8             513,466 
 1204,176      8             514,905 
 1204,176      8             516,547 
 1204,176      8             517,986 
 1204,176      8             519,237 
 1204,176      8             520,816 
 1204,176      8             522,083 
 1204,176      8             523,49 
 1204,176      8             525,257 
 1204,176      8             526,711 
 1204,176      8             528,213 
 1204,176      8             529,698 
 1204,176      8             531,34 
 1204,176      8             532,701 
 1203,012      8             534,358 
 1203,012      8             536,141 
 1203,012      8             537,501 
 1203,012      8             538,987 
 1203,012      8             540,504 
 1203,012      8             541,849 
 1203,012      8             543,209 
 1203,012      8             544,679 
 1203,012      8             545,93 
 1203,012      8             547,4 
 1203,012      8             548,995 
 1203,012      8             550,606 
 1203,012      8             552,091 
 1203,012      8             553,577 
 1203,012      8             555,156 
 1203,012      8             556,626 
 1203,012      8             558,127 
 1203,012      8             559,629 
 1203,012      8             561,114 
 1203,012      8             562,365 
 1203,012      8             563,945 
 1203,012      8             565,336 
 1203,012      8             566,822 
 1203,012      8             568,323 
 1203,012      8             569,902 
 1203,012      8             571,404 
 1203,012      8             572,733 
 1203,012      8             574,359 
 1203,012      8             575,954 
 1203,012      8             577,424 
 1203,012      8             578,91 
 1203,012      8             580,52 
 1203,012      8             581,881 
 1203,012      8             583,351 
 1203,012      8             584,961 
 1203,012      8             586,431 
 1203,012      8             587,776 
 1203,012      8             589,262 
 1203,012      8             590,857 
 1203,012      8             592,467 
 1203,012      8             593,828 
 1203,012      8             595,298 
 1203,012      8             596,783 
 1203,012      8             598,253 
 1203,012      8             599,723 
 1203,012      8             601,225 
 1203,012      8             602,694 
 1203,012      8             604,18 
 1203,012      8             605,556 
 1203,012      8             607,026 
 1203,012      8             608,387 
 1203,012      8             609,841 
 1203,012      8             611,326 
 1203,012      8             612,671 
 1203,012      8             614,172 
 1203,012      8             615,877 
 1203,012      8             617,488 
 1203,012      8             618,958 
 1203,012      8             620,678 
 1203,012      8             622,054 
 1203,012      8             623,883 
 1203,012      8             625,51 
 1203,012      8             627,011 
 1203,012      8             628,356 
 1203,012      8             629,826 
 1203,012      8             631,186 
 1203,012      8             632,547 
 1203,012      8             634,032 
 1203,012      8             635,862 
 1203,012      8             637,488 
 1203,012      8             638,833 
 1203,012      8             640,553 
 1203,012      8             642,023 
 1203,012      8             643,634 
 1203,012      8             644,869 
 1203,012      8             646,464 
 1203,012      8             647,809 
 1203,012      8             649,295 
 1203,012      8             650,561 
 1203,012      8             652,156 
 1203,012      8             653,751 
 1203,012      8             655,112 
 1203,012      8             656,597 
 1203,012      8             657,942 
 1203,012      8             659,303 
 1203,012      8             660,679 
 1203,012      8             662,055 
 1203,012      8             663,556 
 1203,012      8             665,135 
 1203,012      8             666,512 
 1203,012      8             667,856 
 1203,012      8             669,201 
 1203,012      8             670,687 
 1203,012      8             672,047 
 1203,012      8             673,517 
 1203,012      8             674,893 
 1203,012      8             676,254 
 1203,012      8             677,849 
 1203,012      8             679,569 
 1203,012      8             681,305 
 1203,012      8             682,759 
 1203,012      8             684,119 
 1203,012      8             685,527 
 1203,012      8             686,747 
 1203,012      8             688,232 
 1203,012      8             689,593 
 1203,012      8             691,313 
 1203,012      8             692,767 
 1203,012      8             694,018 
 1203,012      8             695,676 
 1203,012      8             697,02 
 1203,012      8             698,381 
 1203,012      8             699,741 
 1203,012      8             701,211 
 1203,012      8             702,697 
 1203,012      8             704,057 
 1203,012      8             705,402 
 1203,012      8             706,903 
 1203,012      8             708,389 
 1203,012      8             709,984 
 1203,012      8             711,454 
 1203,012      8             712,924 
 1203,012      8             714,301 
 1203,012      8             715,646 
 1203,012      8             717,007 
 1203,012      8             718,493 
 1203,012      8             720,198 
 1203,012      8             721,559 
 1203,012      8             723,045 
 1203,012      8             724,656 
 1203,012      8             726,235 
 1203,012      8             727,737 
 1203,012      8             729,223 
 1203,012      8             730,568 
 1203,012      8             731,804 
 1203,012      8             733,415 
 1203,012      8             734,744 
 1203,012      8             736,23 
 1203,012      8             737,623 
 1203,012      8             739,343 
 1203,012      8             740,704 
 1203,012      8             742,049 
 1203,012      8             743,645 
 1203,012      8             745,115 
 1203,012      8             746,601 
 1203,012      8             747,836 
 1203,012      8             749,307 
 1203,012      8             750,464 
 1203,012      8             751,512 
 1203,012      8             752,717 
 1203,012      8             753,733 
 1195,033      8             754,922 
 1195,033      8             756,033 
 1195,033      8             757,049 
 1195,033      8             758,066 
 1195,033      8             759,098 
 1195,033      8             760,193 
 1195,033      8             761,32 
 1195,033      8             762,43 
 1195,033      8             763,572 
 1195,033      8             764,776 
 1195,033      8             765,981 
 1195,033      8             767,091 
 1195,033      8             768,217 
 1195,033      8             769,328 
 1195,033      8             770,423 
 1195,033      8             771,533 
 1195,033      8             772,472 
 1195,033      8             773,661 
 1195,033      8             774,599 
 1195,033      8             775,929 
 1195,033      8             777,133 
 1195,033      8             778,338 
 1195,033      8             779,386 
 1195,033      8             780,48 
 1195,033      8             781,497 
 1195,033      8             782,53 
 1195,033      8             783,562 
 1195,033      8             784,766 
 1195,033      8             785,971 
 1195,033      8             787,003 
 1195,033      8             788,02 
 1195,033      8             789,349 
 1195,033      8             790,663 
 1195,033      8             791,617 
 1195,033      8             793,072 
 1195,033      8             794,276 
 1195,033      8             795,403 
 1195,033      8             796,419 
 1195,033      8             797,608 
 1195,033      8             798,985 
 1195,033      8             800,001 
 1195,033      8             801,112 
 1195,033      8             802,316 
 1195,033      8             803,442 
 1195,033      8             804,678 
 1195,033      8             805,71 
 1195,033      8             806,774 
 1195,033      8             808,182 
 1195,033      8             809,308 
 1195,033      8             810,419 
 1195,033      8             811,451 
 1195,033      8             812,561 
 1195,033      8             813,672 
 1195,033      8             814,767 
 1195,033      8             815,971 
 1195,033      8             817,207 
 1195,033      8             818,396 
 1195,033      8             819,522 
 1195,033      8             820,726 
 1195,033      8             822,103 
 1195,033      8             823,495 
 1195,033      8             824,559 
 1195,033      8             825,653 
 1195,033      8             826,873 
 1195,033      8             828,015 
 1195,033      8             829,173 
 1195,033      8             830,205 
 1195,033      8             831,41 
 1195,033      8             832,536 
 1195,033      8             833,771 
 1195,033      8             834,991 
 1195,033      8             836,133 
 1195,033      8             837,385 
 1195,033      8             838,433 
 1195,033      8             839,574 
 1195,033      8             840,669 
 1195,033      8             841,952 
 1195,033      8             842,89 
 1195,033      8             844,22 
 1195,033      8             845,377 
 1195,033      8             846,488 
 1195,033      8             847,599 
 1195,033      8             848,787 
 1195,033      8             849,914 
 1195,033      8             851,04 
 1195,033      8             852,369 
 1195,033      8             853,511 
 1195,033      8             854,731 
 1195,033      8             855,873 
 1195,033      8             857,015 
 1195,033      8             857,985 
 1195,033      8             859,111 
 1195,033      8             860,159 
 1195,033      8             861,207 
 1195,033      8             862,364 
 1195,033      8             863,522 
 1195,033      8             864,632 
 1195,033      8             865,758 
 1195,033      8             867,057 
 1195,033      8             868,183 
 1195,033      8             869,231 
 1195,033      8             870,451 
 1195,033      8             871,468 
 1195,033      8             872,5 
 1195,033      8             873,517 
 1195,033      8             874,705 
 1195,033      8             875,988 
 1195,033      8             877,13 
 1195,033      8             878,225 
 1195,033      8             879,257 
 1195,033      8             880,446 
 1195,033      8             881,65 
 1195,033      8             882,683 
 1195,033      8             883,887 
 1195,033      8             884,982 
 1195,033      8             886,093 
 1195,033      8             887,281 
 1195,033      8             888,298 
 1195,033      8             889,424 
 1195,033      8             890,425 
 1195,033      8             891,551 
 1195,033      8             892,646 
 1195,033      8             893,773 
 1195,033      8             894,883 
 1195,033      8             896,056 
 1195,033      8             897,182 
 1195,033      8             898,277 
 1195,033      8             899,404 
 1195,033      8             900,498 
 1195,033      8             901,609 
 1195,033      8             902,688 
 1195,033      8             903,721 
 1195,033      8             905,019 
 1195,033      8             906,145 
 1195,033      8             907,271 
 1195,033      8             908,585 
 1195,033      8             909,633 
 1195,033      8             910,728 
 1195,033      8             912,058 
 1195,033      8             913,137 
 1195,033      8             914,169 
 1195,033      8             915,452 
 1195,033      8             916,625 
 1195,033      8             917,97 
 1195,033      8             919,096 
 1195,033      8             920,348 
 1195,033      8             921,677 
 1195,033      8             922,897 
 1195,033      8             923,914 
 1195,033      8             925,197 
 1195,033      8             926,291 
 1195,033      8             927,324 
 1195,033      8             928,513 
 1195,033      8             929,639 
 1195,033      8             930,749 
 1195,033      8             931,75 
 1195,033      8             932,955 
 1195,033      8             934,425 
 1195,033      8             935,723 
 1195,033      8             936,756 
 1195,033      8             937,851 
 1195,033      8             939,071 
 1195,033      8             940,119 
 1195,033      8             941,417 
 1195,033      8             942,527 
 1195,033      8             943,638 
 1195,033      8             944,764 
 1195,033      8             945,953 
 1195,033      8             947,157 
 1195,033      8             948,362 
 1195,033      8             949,472 
 1195,033      8             950,473 
 1195,033      8             951,506 
 1195,033      8             952,788 
 1195,033      8             953,915 
 1195,033      8             954,931 
 1195,033      8             956,167 
 1195,033      8             957,277 
 1195,033      8             958,451 
 1195,033      8             959,53 
 1195,033      8             960,687 
 1195,033      8             962,033 
 1195,033      8             963,237 
 1195,033      8             964,379 
 1195,033      8             965,63 
 1195,033      8             966,803 
 1191,61       8             967,914 
 1191,61       8             968,946 
 1191,61       8             970,151 
 1191,61       8             971,464 
 1191,61       8             972,778 
 1191,61       8             974,077 
 1191,61       8             975,109 
 1191,61       8             976,204 
 1191,61       8             977,299 
 1191,61       8             978,534 
 1191,61       8             979,661 
 1191,61       8             980,959 
 1191,61       8             982,054 
 1173,997      8             983,258 
 1173,997      8             984,463 
 1173,997      8             985,761 
 1173,997      8             986,95 
 1173,997      8             988,06 
 1173,997      8             989,077 
 1173,997      8             990,203 
 1173,997      8             991,314 
 1173,997      8             992,424 
 1173,997      8             993,363 
 1173,997      8             994,645 
 1173,997      8             995,865 
 1173,997      8             996,96 
 1173,997      8             998,243 
 1173,997      8             999,369 
 1173,997      8             1000,636 
 1173,997      8             1001,747 
 1173,997      8             1002,873 
 1173,997      8             1003,983 
 1173,997      8             1005,219 
 1173,997      8             1006,486 
 1173,997      8             1007,597 
 1173,997      8             1008,613 
 1173,997      8             1009,63 
 1173,997      8             1010,725 
 1173,997      8             1011,695 
 1173,997      8             1012,711 
 1173,997      8             1013,822 
 1173,997      8             1015,027 
 1173,997      8             1016,059 
 1173,997      8             1017,154 
 1173,997      8             1018,202 
 1173,997      8             1019,516 
 1173,997      8             1020,642 
 1173,997      8             1021,769 
 1173,997      8             1022,864 
 1173,997      8             1024,021 
 1173,997      8             1025,163 
 1173,997      8             1026,274 
 1173,997      8             1027,306 
 1173,997      8             1028,495 
 1173,997      8             1029,606 
 1173,997      8             1030,623 
 1173,997      8             1031,671 
 1173,997      8             1032,766 
 1173,997      8             1033,876 
 1173,997      8             1034,987 
 1173,997      8             1036,004 
 1173,997      8             1037,036 
 1173,997      8             1038,053 
 1173,997      8             1039,242 
 1173,997      8             1040,384 
 1173,997      8             1041,823 
 1173,997      8             1042,762 
 1173,997      8             1043,935 
 1173,997      8             1045,124 
 1173,997      8             1046,281 
 1173,997      8             1047,455 
 1173,997      8             1048,471 
 1173,997      8             1049,488 
 1173,997      8             1050,599 
 1173,997      8             1051,756 
 1173,997      8             1052,789 
 1173,997      8             1053,978 
 1173,997      8             1055,088 
 1173,997      8             1056,089 
 1173,997      8             1057,106 
 1173,997      8             1058,061 
 1173,997      8             1059,077 
 1173,997      8             1060,172 
 1173,997      8             1061,377 
 1173,997      8             1062,394 
 1173,997      8             1063,598 
 1173,997      8             1064,599 
 1173,997      8             1065,632 
 1173,997      8             1066,742 
 1173,997      8             1067,931 
 1173,997      8             1068,948 
 1173,997      8             1069,98 
 1173,997      8             1070,997 
 1173,997      8             1072,264 
 1173,997      8             1073,281 
 1173,997      8             1074,314 
 1173,997      8             1075,237 
 1173,997      8             1076,253 
 1173,997      8             1077,364 
 1173,997      8             1078,381 
 1173,997      8             1079,57 
 1173,997      8             1080,586 
 1173,997      8             1081,619 
 1173,997      8             1082,62 
 1173,997      8             1083,559 
 1173,997      8             1084,575 
 1173,997      8             1085,686 
 1173,997      8             1086,781 
 1173,997      8             1087,798 
 1173,997      8             1088,736 
 1173,997      8             1089,753 
 1173,997      8             1090,848 
 1173,997      8             1091,865 
 1173,997      8             1092,897 
 1173,997      8             1094,008 
 1173,997      8             1095,025 
 1173,997      8             1096,12 
 1173,997      8             1097,34 
 1173,997      8             1098,545 
 1173,997      8             1099,514 
 1173,997      8             1100,547 
 1173,997      8             1101,548 
 1173,997      8             1102,659 
 1173,997      8             1103,769 
 1173,997      8             1104,802 
 1173,997      8             1106,085 
 1173,997      8             1107,023 
 1173,997      8             1108,196 
 1173,997      8             1109,307 
 1173,997      8             1110,324 
 1173,997      8             1111,356 
 1173,997      8             1112,451 
 1173,997      8             1113,468 
 1173,997      8             1114,485 
 1173,997      8             1115,517 
 1173,997      8             1116,628 
 1173,997      8             1117,739 
 1173,997      8             1118,834 
 1173,997      8             1119,772 
 1173,997      8             1120,867 
 1173,997      8             1121,993 
 1173,997      8             1123,104 
 1173,997      8             1124,199 
 1173,997      8             1125,294 
 1173,997      8             1126,233 
 1173,997      8             1127,25 
 1173,997      8             1128,36 
 1173,997      8             1129,377 
 1173,997      8             1130,566 
 1173,997      8             1131,676 
 1173,997      8             1132,693 
 1173,997      8             1133,804 
 1173,997      8             1134,915 
 1173,997      8             1135,931 
 1173,997      8             1136,964 
 1173,997      8             1138,153 
 1173,997      8             1139,248 
 1173,997      8             1140,374 
 1173,997      8             1141,391 
 1173,997      8             1142,501 
 1173,997      8             1143,409 
 1173,997      8             1144,285 
 1173,997      8             1145,083 
 1173,997      8             1145,771 
 1173,997      8             1146,506 
 1173,997      8             1147,257 
 1173,997      8             1147,945 
 1173,997      8             1148,712 
 1173,997      8             1149,4 
 1173,997      8             1150,088 
 1173,997      8             1150,808 
 1173,997      8             1151,496 
 1173,997      8             1152,278 
 1173,997      8             1153,029 
 1173,997      8             1153,78 
 1173,997      8             1154,562 
 1173,997      8             1155,297 
 1173,997      8             1155,939 
 1173,997      8             1156,611 
 1173,997      8             1157,268 
 1173,997      8             1157,957 
 1173,997      8             1158,645 
 1173,997      8             1159,427 
 1173,997      8             1160,131 
 1173,997      8             1160,851 
 1173,997      8             1161,539 
 1173,997      8             1162,337 
 1173,997      8             1163,072 
 1173,997      8             1163,838 
 1173,997      8             1164,636 
 1173,997      8             1165,356 
 1173,997      8             1166,06 
 1173,997      8             1166,842 
 1173,997      8             1167,546 
 1173,997      8             1168,265 
 1173,997      8             1168,907 
 1173,997      8             1169,642 
 1173,997      8             1170,502 
 1173,997      8             1171,253 
 1173,997      8             1172,082 
 1173,997      8             1172,786 
 1173,997      8             1173,459 
 1173,997      8             1174,147 
 1173,997      8             1174,882 
 1173,997      8             1175,618 
 1173,997      8             1176,306 
 1173,997      8             1176,994 
 1173,997      8             1177,698 
 1173,997      8             1178,418 
 1173,997      8             1179,184 
 1173,997      8             1179,904 
 1173,997      8             1180,655 
 1173,997      8             1181,327 
 1173,997      8             1182 
 1173,997      8             1182,688 
 1173,997      8             1184,597 
 1173,997      8             1185,77 
 1173,997      8             1186,709 
 1173,997      8             1187,741 
 1173,997      8             1188,836 
 1173,997      8             1189,884 
 1173,997      8             1190,995 
 1173,997      8             1192,09 
 1173,997      8             1193,107 
 1173,997      8             1194,139 
 1173,997      8             1195,156 
 1173,997      8             1196,345 
 1173,997      8             1197,44 
 1173,997      8             1198,472 
 1173,997      8             1199,567 
 1173,997      8             1200,772 
 1173,997      8             1201,882 
 1173,997      8             1202,915 
 1173,997      8             1203,916 
 1173,997      8             1204,948 
 1173,997      8             1206,168 
 1173,997      8             1207,357 
 1173,997      8             1208,484 
 1173,997      8             1209,813 
 1173,997      8             1210,94 
 1173,997      8             1212,05 
 1173,997      8             1213,083 
 1173,997      8             1214,178 
 1173,997      8             1215,21 
 1173,997      8             1216,289 
 1173,997      8             1217,4 
 1173,997      8             1218,433 
 1173,997      8             1219,653 
 1173,997      8             1220,779 
 1173,997      8             1221,89 
 1173,997      8             1222,938 
 1173,997      8             1223,986 
 1173,997      8             1225,003 
 1173,997      8             1226,113 
 1173,997      8             1227,318 
 1173,997      8             1228,475 
 1173,997      8             1229,492 
 1173,997      8             1230,603 
 1173,997      8             1231,62 
 1173,997      8             1232,652 
 1173,997      8             1233,763 
 1173,997      8             1234,779 
 1173,997      8             1235,984 
 1173,997      8             1237,079 
 1173,997      8             1238,111 
 1173,997      8             1238,972 
 1173,997      8             1239,691 
 1173,997      8             1240,52 
 1173,997      8             1241,318 
 1173,997      8             1242,132 
 1173,997      8             1242,945 
 1173,997      8             1244,087 
 1173,997      8             1244,932 
 1173,997      8             1245,683 
 1173,997      8             1246,434 
 1173,997      8             1247,2 
 1173,997      8             1247,982 
 1173,997      8             1248,686 
 1173,997      8             1249,421 
 1173,997      8             1250,063 
 1173,997      8             1250,798 
 1173,997      8             1251,533 
 1173,997      8             1252,284 
 1173,997      8             1253,004 
 1173,997      8             1253,692 
 1173,997      8             1254,552 
 1173,997      8             1255,35 
 1173,997      8             1255,991 
 1173,997      8             1256,648 
 1173,997      8             1257,337 
 1173,997      8             1258,134 
 1173,997      8             1258,87 
 1173,997      8             1259,605 
 1173,997      8             1260,34 
 1173,997      8             1261,028 
 1173,997      8             1261,701 
 1173,997      8             1262,515 
 1173,997      8             1263,25 
 1173,997      8             1263,985 
 1173,997      8             1264,72 
 1173,997      8             1265,596 
 1173,997      8             1266,41 
 1173,997      8             1267,27 
 1173,997      8             1268,021 
 1173,997      8             1268,866 
 1173,997      8             1269,616 
 1173,997      8             1270,367 
 1173,997      8             1271,228 
 1173,997      8             1271,932 
 1173,997      8             1272,714 
 1173,997      8             1273,527 
 1173,997      8             1274,247 
 1173,997      8             1275,091 
 1173,997      8             1275,827 
 1173,997      8             1276,546 
 1173,997      8             1277,297 
 1173,997      8             1278,017 
 1173,997      8             1278,736 
 1173,997      8             1279,565 
 1173,997      8             1280,285 
 1173,997      8             1280,989 
 1173,997      8             1281,771 
 1173,997      8             1282,522 
 1173,997      8             1283,195 
 1173,997      8             1283,899 
 1173,997      8             1284,634 
 1173,997      8             1285,338 
 1173,997      8             1286,135 
 1173,997      8             1286,871 
 1173,997      8             1287,606 
 1173,997      8             1288,607 
 1173,997      8             1289,905 
 1173,997      8             1290,688 
 1173,997      8             1291,313 
 1173,997      8             1291,986 
 1173,997      8             1292,706 
 1173,997      8             1293,409 
 1173,997      8             1294,051 
 1173,997      8             1294,723 
 1173,997      8             1295,521 
 1173,997      8             1296,272 
 1173,997      8             1296,945 
 1173,997      8             1297,758 
 1173,997      8             1298,446 
 1173,997      8             1299,135 
 1173,997      8             1299,823 
 1173,997      8             1300,605 
 1173,997      8             1301,356 
 1173,997      8             1301,997 
 1173,997      8             1302,701 
 1173,997      8             1303,405 
 1173,997      8             1304,203 
 1173,997      8             1304,876 
 1173,997      8             1305,548 
 1173,997      8             1306,252 
 1173,997      8             1306,972 
 1173,997      8             1307,707 
 1173,997      8             1308,427 
 1173,997      8             1309,178 
 1173,997      8             1309,913 
 1173,997      8             1310,585 
 1173,997      8             1311,274 
 1173,997      8             1312,009 
 1173,997      8             1312,869 
 1173,997      8             1313,667 
 1173,997      8             1314,543 
 1173,997      8             1315,247 
 1173,997      8             1315,967 
 1173,997      8             1316,639 
 1173,997      8             1317,437 
 1173,997      8             1318,157 
 1173,997      8             1318,845 
 1173,997      8             1319,659 
 1173,997      8             1320,363 
 1173,997      8             1321,035 
 1173,997      8             1321,708 
 1173,997      8             1322,443 
 1173,997      8             1323,132 
 1173,997      8             1323,82 
 1173,997      8             1324,539 
 1173,997      8             1325,181 
 1173,997      8             1325,916 
 1173,997      8             1326,651 
 1173,997      8             1327,34 
 1173,997      8             1328,075 
 1173,997      8             1328,748 
 1173,997      8             1329,436 
 1173,997      8             1330,124 
 1173,997      8             1330,875 
 1173,997      8             1331,61 
 1173,997      8             1332,971 
 1173,997      8             1334,004 
 1173,997      8             1335,146 
 1173,997      8             1336,648 
 1173,997      8             1337,915 
 1173,997      8             1339,01 
 1173,997      8             1340,042 
 1173,997      8             1341,075 
 1173,997      8             1342,279 
 1173,997      8             1343,312 
 1173,997      8             1344,454 
 1173,997      8             1345,564 
 1173,997      8             1346,706 
 1173,997      8             1347,848 
 1173,997      8             1348,865 
 1173,997      8             1350,007 
 1173,997      8             1351,118 
 1173,997      8             1352,181 
 1173,997      8             1353,292 
 1173,997      8             1354,325 
 1173,997      8             1355,56 
 1173,997      8             1356,64 
 1173,997      8             1357,829 
 1173,997      8             1358,939 
 1173,997      8             1360,081 
 1173,997      8             1361,208 
 1173,997      8             1362,256 
 1173,997      8             1363,382 
 1173,997      8             1364,477 
 1173,997      8             1365,51 
 1173,997      8             1366,605 
 1173,997      8             1367,622 
 1173,997      8             1368,67 
 1173,997      8             1369,687 
 1173,997      8             1370,891 
 1173,997      8             1371,908 
 1173,997      8             1372,878 
 1173,997      8             1373,973 
 1173,997      8             1375,021 
 1173,997      8             1376,226 
 1173,997      8             1377,274 
 1173,997      8             1378,306 
 1173,997      8             1379,401 
 1173,997      8             1380,34 
 1173,997      8             1381,466 
 1173,997      8             1382,608 
 1173,997      8             1383,656 
 1173,997      8             1384,798 
 1173,997      8             1385,956 
 1173,997      8             1387,176 
 1173,997      8             1388,49 
 1173,997      8             1389,601 
 1173,997      8             1390,618 
 1173,997      8             1391,713 
 1173,997      8             1392,745 
 1173,997      8             1393,856 
 1173,997      8             1395,232 
 1173,997      8             1396,828 
 1173,997      8             1397,861 
 1173,997      8             1398,971 
 1173,997      8             1400,004 
 1173,997      8             1401,13 
 1173,997      8             1402,272 
 1173,997      8             1403,383 
 1173,997      8             1404,4 
 1173,997      8             1405,62 
 1173,997      8             1406,934 
 1173,997      8             1408,17 
 1173,997      8             1409,593 
 1173,997      8             1410,907 
 1173,997      8             1412,002 
 1173,997      8             1413,207 
 1173,997      8             1414,239 
 1173,997      8             1415,35 
 1173,997      8             1416,367 
 1173,997      8             1417,493 
 1173,997      8             1418,619 
 1173,997      8             1419,714 
 1173,997      8             1420,841 
 1173,997      8             1421,952 
 1173,997      8             1422,984 
 1173,997      8             1423,985 
 1173,997      8             1425,127 
 1173,997      8             1426,238 
 1173,997      8             1427,364 
 1173,997      8             1428,381 
 1173,997      8             1429,304 
 1173,997      8             1430,321 
 1173,997      8             1431,338 
 1173,997      8             1432,448 
 1173,997      8             1433,528 
 1173,997      8             1434,56 
 1173,997      8             1435,749 
 1173,997      8             1436,782 
 1173,997      8             1437,877 
 1173,997      8             1438,987 
 1173,997      8             1440,02 
 1173,997      8             1441,037 
 1173,997      8             1442,132 
 1173,997      8             1443,07 
 1173,997      8             1444,181 
 1173,997      8             1445,292 
 1173,997      8             1446,293 
 1173,997      8             1447,31 
 1173,997      8             1448,326 
 1173,997      8             1449,359 
 1173,997      8             1450,548 
 1173,997      8             1451,565 
 1173,997      8             1452,675 
 1173,997      8             1453,708 
 1173,997      8             1454,819 
 1173,997      8             1456,023 
 1173,997      8             1457,087 
 1173,997      8             1458,182 
 1173,997      8             1459,293 
 1173,997      8             1460,419 
 1173,997      8             1461,53 
 1173,997      8             1462,546 
 1173,997      8             1463,782 
 1173,997      8             1464,955 
 1173,997      8             1465,988 
 1173,997      8             1467,052 
 1173,997      8             1468,225 
 1173,997      8             1469,289 
 1173,997      8             1470,399 
 1173,997      8             1471,463 
 1173,997      8             1472,652 
 1173,997      8             1473,794 
 1173,997      8             1474,905 
 1173,997      8             1475,984 
 1173,997      8             1477,22 
 1173,997      8             1478,456 
 1173,997      8             1479,504 
 1173,997      8             1480,63 
 1173,997      8             1481,663 
 1173,997      8             1482,758 
 1173,997      8             1483,837 
 1173,997      8             1485,042 
 1173,997      8             1486,152 
 1173,997      8             1487,357 
 1173,997      8             1488,374 
 1173,997      8             1489,406 
 1173,997      8             1490,673 
 1173,997      8             1491,706 
 1173,997      8             1492,895 
 1173,997      8             1494,021 
 1173,997      8             1495,132 
 1173,997      8             1496,227 
 1173,997      8             1497,338 
 1173,997      8             1498,276 
 1173,997      8             1499,199 
 1173,997      8             1500,294 
 1173,997      8             1501,311 
 1173,997      8             1502,328 
 1173,997      8             1503,345 
 1173,997      8             1504,455 
 1173,997      8             1505,488 
 1173,997      8             1506,505 
 1173,997      8             1507,678 
 1173,997      8             1508,789 
 1173,997      8             1509,993 
 1173,997      8             1510,947 
 1173,997      8             1512,152 
 1173,997      8             1513,278 
 1173,997      8             1514,295 
 1173,997      8             1515,406 
 1173,997      8             1516,407 
 1173,997      8             1517,439 
 1173,997      8             1518,628 
 1173,997      8             1519,739 
 1173,997      8             1520,756 
 1173,997      8             1521,945 
 1173,997      8             1522,977 
 1173,997      8             1523,994 
 1173,997      8             1525,089 
 1173,997      8             1526,122 
 1173,997      8             1527,217 
 1173,997      8             1528,327 
 1173,997      8             1529,36 
 1173,997      8             1530,47 
 1173,997      8             1531,487 
 1173,997      8             1532,676 
 1173,997      8             1533,709 
 1173,997      8             1534,804 
 1173,997      8             1535,836 
 1173,997      8             1536,853 
 1173,997      8             1537,964 
 1173,997      8             1539,09 
 1173,997      8             1540,216 
 1173,997      8             1541,202 
 1173,997      8             1542,328 
 1173,997      8             1543,329 
 1173,997      8             1544,362 
 1173,997      8             1545,566 
 1173,997      8             1546,583 
 1173,997      8             1547,616 
 1173,997      8             1548,648 
 1173,997      8             1549,759 
 1173,997      8             1550,838 
 1173,997      8             1551,965 
 1173,997      8             1552,981 
 1173,997      8             1554,155 
 1173,997      8             1555,172 
 1173,997      8             1556,517 
 1173,997      8             1557,565 
 1173,997      8             1558,801 
 1173,997      8             1559,88 
 1173,997      8             1560,897 
 1173,997      8             1561,992 
 1173,997      8             1563,197 
 1173,997      8             1564,292 
 1173,997      8             1565,496 
 1173,997      8             1566,544 
 1173,997      8             1567,655 
 1173,997      8             1568,672 
 1173,997      8             1569,751 
 1173,997      8             1570,862 
 1173,997      8             1571,875 
 1173,997      8             1572,886 
 1173,997      8             1573,913 
 1173,997      8             1574,924 
 1173,997      8             1576,106 
 1173,997      8             1577,132 
 1173,997      8             1578,143 
 1173,997      8             1579,232 
 1173,997      8             1580,243 
 1173,997      8             1581,285 
 1173,997      8             1582,374 
 1173,997      8             1583,307 
 1173,997      8             1584,396 
 1173,997      8             1585,5 
 1173,997      8             1586,604 
 1173,997      8             1587,709 
 1173,997      8             1588,813 
 1173,997      8             1589,917 
 1173,997      8             1590,913 
 1173,997      8             1591,924 
 1173,997      8             1593,121 
 1173,997      8             1594,148 
 1173,997      8             1595,237 
 1173,997      8             1596,279 
 1173,997      8             1597,617 
 1173,997      8             1598,721 
 1173,997      8             1599,778 
 1173,997      8             1600,852 
 1173,997      8             1601,863 
 1173,997      8             1602,858 
 1173,997      8             1604,071 
 1173,997      8             1605,176 
 1173,997      8             1606,249 
 1173,997      8             1607,446 
 1173,997      8             1608,551 
 1173,997      8             1609,733 
 1173,997      8             1610,744 
 1173,997      8             1611,724 
 1173,997      8             1613,046 
 1173,997      8             1614,197 
 1173,997      8             1615,301 
 1173,997      8             1616,452 
 1173,997      8             1617,525 
 1173,997      8             1618,63 
 1173,997      8             1619,703 
 1173,997      8             1620,792 
 1173,997      8             1622,082 
 1173,997      8             1623,187 
 1173,997      8             1624,291 
 1173,997      8             1625,318 
 1173,997      8             1626,422 
 1173,997      8             1627,495 
 1173,997      8             1628,599 
 1173,997      8             1629,626 
 1173,997      8             1630,637 
 1173,997      8             1631,632 
 1173,997      8             1632,659 
 1173,997      8             1633,763 
 1173,997      8             1634,759 
 1173,997      8             1635,77 
 1173,997      8             1636,781 
 1173,997      8             1637,792 
 1173,997      8             1638,818 
 1173,997      8             1639,907 
 1173,997      8             1640,934 
 1173,997      8             1641,945 
 1173,997      8             1642,956 
 1173,997      8             1644,075 
 1173,997      8             1645,273 
 1173,997      8             1646,362 
 1173,997      8             1647,544 
 1173,997      8             1648,477 
 1173,997      8             1649,613 
 1173,997      8             1650,686 
 1173,997      8             1651,79 
 1173,997      8             1652,879 
 1173,997      8             1654,03 
 1173,997      8             1655,134 
 1173,997      8             1656,301 
 1173,997      8             1657,405 
 1173,997      8             1658,431 
 1173,997      8             1659,536 
 1173,997      8             1660,625 
 1173,997      8             1661,822 
 1173,997      8             1662,849 
 1173,997      8             1663,937 
 1173,997      8             1664,964 
 1173,997      8             1665,959 
 1173,997      8             1667,064 
 1173,997      8             1668,168 
 1173,997      8             1669,179 
 1173,997      8             1670,112 
 1173,997      8             1671,217 
 1173,997      8             1672,29 
 1173,997      8             1673,394 
 1173,997      8             1674,405 
 1173,997      8             1675,416 
 1173,997      8             1676,427 
 1173,997      8             1677,376 
 1173,997      8             1678,558 
 1173,997      8             1679,833 
 1173,997      8             1681 
 1173,997      8             1682,244 
 1173,997      8             1683,473 
 1173,997      8             1684,655 
 1173,997      8             1685,682 
 1173,997      8             1686,693 
 1173,997      8             1687,906 
 1173,997      8             1688,917 
 1173,997      8             1690,005 
 1173,997      8             1691,016 
 1173,997      8             1692,059 
 1173,997      8             1693,147 
 1173,997      8             1694,252 
 1173,997      8             1695,449 
 1173,997      8             1696,46 
 1173,997      8             1697,705 
 1173,997      8             1698,933 
 1173,997      8             1700,038 
 1173,997      8             1701,08 
 1173,997      8             1702,122 
 1173,997      8             1703,226 
 1173,997      8             1704,346 
 1173,997      8             1705,45 
 1173,997      8             1706,461 
 1173,997      8             1707,55 
 1173,997      8             1708,577 
 1173,997      8             1709,665 
 1173,997      8             1710,692 
 1173,997      8             1711,796 
 1173,997      8             1712,807 
 1173,997      8             1713,896 
 1173,997      8             1714,923 
 1173,997      8             1715,933 
 1173,997      8             1717,193 
 1173,997      8             1718,127 
 1173,997      8             1719,138 
 1173,997      8             1720,149 
 1173,997      8             1721,331 
 1173,997      8             1722,342 
 1173,997      8             1723,461 
 1173,997      8             1724,55 
 1173,997      8             1725,655 
 1173,997      8             1726,681 
 1173,997      8             1727,785 
 1173,997      8             1728,89 
 1173,997      8             1729,901 
 1173,997      8             1730,989 
 1173,997      8             1732,078 
 1173,997      8             1733,105 
 1173,997      8             1734,194 
 1173,997      8             1735,22 
 1173,997      8             1736,324 
 1173,997      8             1737,506 
 1173,997      8             1738,44 
 1173,997      8             1739,451 
 1173,997      8             1740,539 
 1173,997      8             1741,644 
 1173,997      8             1742,67 
 1173,997      8             1743,852 
 1173,997      8             1744,801 
 1173,997      8             1745,983 
 1173,997      8             1747,072 
 1173,997      8             1748,083 
 1173,997      8             1749,11 
 1173,997      8             1750,121 
 1173,997      8             1751,209 
 1173,997      8             1752,407 
 1173,997      8             1753,34 
 1173,997      8             1754,429 
 1173,997      8             1755,471 
 1173,997      8             1756,498 
 1173,997      8             1757,524 
 1173,997      8             1758,628 
 1173,997      8             1759,639 
 1173,997      8             1760,744 
 1173,997      8             1761,832 
 1173,997      8             1763,03 
 1173,997      8             1764,057 
 1173,997      8             1765,145 
 1173,997      8             1766,172 
 1173,997      8             1767,354 
 1173,997      8             1768,365 
 1173,997      8             1769,298 
 1173,997      8             1770,387 
 1173,997      8             1771,414 
 1173,997      8             1772,611 
 1173,997      8             1773,622 
 1173,997      8             1774,633 
 1173,997      8             1775,644 
 1173,997      8             1776,655 
 1173,997      8             1777,822 
 1173,997      8             1778,957 
 1173,997      8             1780,17 
 1173,997      8             1781,383 
 1173,997      8             1782,488 
 1173,997      8             1783,499 
 1173,997      8             1784,603 
 1173,997      8             1785,63 
 1173,997      8             1786,718 
 1173,997      8             1787,823 
 1173,997      8             1789,02 
 1173,997      8             1790,125 
 1173,997      8             1791,322 
 1173,997      8             1792,411 
 1173,997      8             1793,422 
 1173,997      8             1794,433 
 1173,997      8             1795,46 
 1173,997      8             1796,548 
 1173,997      8             1797,559 
 1173,997      8             1798,586 
 1173,997      8             1799,659 
 1173,997      8             1800,592 
 1173,997      8             1801,603 
 1173,997      8             1802,692 
 1173,997      8             1803,89 
 1173,997      8             1804,916 
 1173,997      8             1806,021 
 1173,997      8             1807,109 
 1173,997      8             1808,043 
 1173,997      8             1809,131 
 1173,997      8             1810,158 
 1173,997      8             1811,169 
 1173,997      8             1812,273 
 1173,997      8             1813,362 
 1173,997      8             1814,388 
 1173,997      8             1815,571 
 1173,997      8             1816,566 
 1173,997      8             1817,577 
 1173,997      8             1818,603 
 1173,997      8             1819,599 
 1173,997      8             1820,625 
 1173,997      8             1821,808 
 1173,997      8             1822,819 
 1173,997      8             1824,016 
 1173,997      8             1825,12 
 1173,997      8             1826,225 
 1173,997      8             1827,236 
 1173,997      8             1828,356 
 1173,997      8             1829,444 
 1173,997      8             1830,533 
 1173,997      8             1831,544 
 1173,997      8             1832,571 
 1173,997      8             1833,675 
 1173,997      8             1834,686 
 1173,997      8             1835,775 
 1173,997      8             1836,786 
 1173,997      8             1837,89 
 1173,997      8             1839,01 
 1173,997      8             1840,192 
 1173,997      8             1841,405 
 1173,997      8             1842,478 
 1173,997      8             1843,505 
 1173,997      8             1844,594 
 1173,997      8             1845,605 
 1173,997      8             1846,538 
 1173,997      8             1847,627 
 1173,997      8             1848,56 
 1173,997      8             1849,664 
 1173,997      8             1850,862 
 1173,997      8             1851,951 
 1173,997      8             1853,008 
 1173,997      8             1854,253 
 1173,997      8             1855,388 
 1173,997      8             1856,492 
 1173,997      8             1857,643 
 1173,997      8             1858,779 
 1173,997      8             1859,712 
 1173,997      8             1860,801 
 1173,997      8             1861,905 
 1173,997      8             1862,916 
 1173,997      8             1863,927 
 1173,997      8             1865,031 
 1173,997      8             1866,042 
 1173,997      8             1867,069 
 1173,997      8             1868,158 
 1173,997      8             1869,091 
 1173,997      8             1870,103 
 1173,997      8             1871,195 
 1173,997      8             1872,21 
 1173,997      8             1873,286 
 1173,997      8             1874,301 
 1173,997      8             1875,456 
 1173,997      8             1876,579 
 1173,997      8             1877,766 
 1173,997      8             1878,936 
 1173,997      8             1879,982 
 1173,997      8             1881,012 
 1173,997      8             1882,167 
 1173,997      8             1883,181 
 1173,997      8             1884,258 
 1173,997      8             1885,288 
 1173,997      8             1886,303 
 1173,997      8             1887,411 
 1173,997      8             1888,55 
 1173,997      8             1889,58 
 1173,997      8             1890,594 
 1173,997      8             1891,687 
 1173,997      8             1892,717 
 1173,997      8             1893,716 
 1173,997      8             1894,84 
 1173,997      8             1895,979 
 1173,997      8             1896,993 
 1173,997      8             1898,008 
 1173,997      8             1899,1 
 1173,997      8             1900,13 
 1173,997      8             1901,145 
 1173,997      8             1902,315 
 1173,997      8             1903,33 
 1173,997      8             1904,453 
 1173,997      8             1905,468 
 1173,997      8             1906,592 
 1173,997      8             1907,606 
 1173,997      8             1908,714 
 1173,997      8             1909,838 
 1173,997      8             1910,915 
 1173,997      8             1911,929 
 1173,997      8             1912,944 
 1173,997      8             1913,958 
 1173,997      8             1915,082 
 1173,997      8             1916,205 
 1173,997      8             1917,298 
 1173,997      8             1918,39 
 1173,997      8             1919,42 
 1173,997      8             1920,466 
 1173,997      8             1921,871 
 1173,997      8             1922,979 
 1173,997      8             1924,227 
 1173,997      8             1925,164 
 1173,997      8             1926,35 
 1173,997      8             1927,474 
 1173,997      8             1928,504 
 1173,997      8             1929,69 
 1173,997      8             1930,72 
 1173,997      8             1931,734 
 1173,997      8             1932,858 
 1173,997      8             1933,888 
 1173,997      8             1934,996 
 1173,997      8             1936,026 
 1173,997      8             1937,072 
 1173,997      8             1938,102 
 1173,997      8             1939,132 
 1173,997      8             1940,146 
 1173,997      8             1941,332 
 1173,997      8             1942,363 
 1173,997      8             1943,393 
 1173,997      8             1944,438 
 1173,997      8             1945,546 
 1173,997      8             1946,576 
 1173,997      8             1947,7 
 1173,997      8             1948,746 
 1173,997      8             1949,76 
 1173,997      8             1950,79 
 1173,997      8             1951,727 
 1173,997      8             1952,757 
 1173,997      8             1953,802 
 1173,997      8             1954,91 
 1173,997      8             1955,956 
 1173,997      8             1956,986 
 1173,997      8             1958,188 
 1173,997      8             1959,312 
 1173,997      8             1960,342 
 1173,997      8             1961,387 
 1173,997      8             1962,433 
 1173,997      8             1963,635 
 1173,997      8             1964,758 
 1173,997      8             1965,867 
 1173,997      8             1966,99 
 1173,997      8             1968,005 
 1173,997      8             1969,206 
 1173,997      8             1970,236 
 1173,997      8             1971,469 
 1173,997      8             1972,437 
 1173,997      8             1973,545 
 1173,997      8             1974,872 
 1173,997      8             1975,871 
 1173,997      8             1976,979 
 1173,997      8             1978,009 
 1173,997      8             1979,101 
 1173,997      8             1980,131 
 1173,997      8             1981,068 
 1173,997      8             1982,082 
 1173,997      8             1983,19 
 1173,997      8             1984,314 
 1173,997      8             1985,344 
 1173,997      8             1986,39 
 1173,997      8             1987,42 
 1173,997      8             1988,45 
 1173,997      8             1989,48 
 1173,997      8             1990,603 
 1173,997      8             1991,524 
 1173,997      8             1992,632 
 1173,997      8             1993,74 
 1173,997      8             1994,755 
 1173,997      8             1995,847 
 1173,997      8             1996,768 
 1173,997      8             1997,705 
 1173,997      8             1998,906 
 1173,997      8             2000,014 
 1173,997      8             2001,029 
 1173,997      8             2002,121 
 1173,997      8             2003,151 
 1173,997      8             2004,259 
 1173,997      8             2005,383 
 1173,997      8             2006,429 
 1173,997      8             2007,553 
 1173,997      8             2008,739 
