Iteraciones:   2483 

Costo         Vehículos     Tiempo [seg]
 1837,893      13            1,483 
 1837,893      13            2,676 
 1837,893      13            3,723 
 1837,893      13            4,877 
 1837,893      13            5,816 
 1837,893      13            6,852 
 1837,893      13            8,078 
 1676,665      13            9,175 
 1676,665      13            9,941 
 1676,665      13            10,727 
 1676,665      13            11,526 
 1676,665      13            12,407 
 1676,665      13            13,212 
 1676,665      13            13,917 
 1676,665      13            14,638 
 1676,665      13            15,345 
 1676,665      13            16,118 
 1676,665      13            16,823 
 1676,665      13            17,544 
 1676,665      13            18,368 
 1676,665      13            19,156 
 1676,665      13            19,808 
 1670,276      13            20,567 
 1670,276      13            21,253 
 1670,276      13            21,956 
 1670,276      13            22,729 
 1670,276      13            23,45 
 1670,276      13            24,1 
 1670,276      13            24,75 
 1670,276      13            25,458 
 1670,276      13            26,14 
 1670,276      13            26,865 
 1670,276      13            27,533 
 1670,276      13            28,302 
 1670,276      13            29,007 
 1670,276      13            29,699 
 1670,276      13            30,348 
 1670,276      13            31,076 
 1670,276      13            31,786 
 1670,276      13            32,566 
 1670,276      13            33,397 
 1670,276      13            34,13 
 1670,276      13            34,873 
 1670,276      13            35,61 
 1663,66       13            36,299 
 1663,66       13            36,949 
 1663,66       13            37,67 
 1663,66       13            38,379 
 1663,66       13            39,138 
 1663,66       13            39,92 
 1663,66       13            40,694 
 1663,66       13            41,539 
 1663,66       13            42,197 
 1663,66       13            42,996 
 1663,66       13            43,703 
 1663,66       13            44,384 
 1663,66       13            45,123 
 1663,66       13            45,96 
 1663,66       13            46,685 
 1663,66       13            47,389 
 1663,66       13            48,158 
 1663,66       13            48,933 
 1663,66       13            49,656 
 1663,66       13            50,498 
 1663,66       13            51,141 
 1639,899      13            51,939 
 1639,899      13            52,59 
 1639,899      13            53,33 
 1639,899      13            54,03 
 1639,899      13            54,695 
 1639,899      13            55,415 
 1639,899      13            56,187 
 1639,899      13            56,82 
 1639,899      13            57,597 
 1639,899      13            58,326 
 1639,899      13            58,983 
 1639,899      13            59,692 
 1639,899      13            60,417 
 1639,899      13            61,219 
 1639,899      13            61,998 
 1639,899      13            62,698 
 1639,899      13            63,472 
 1639,899      13            64,199 
 1639,899      13            64,895 
 1639,899      13            65,673 
 1639,899      13            66,335 
 1639,899      13            66,941 
 1639,899      13            67,585 
 1639,899      13            68,313 
 1639,899      13            68,972 
 1639,899      13            69,721 
 1639,899      13            70,389 
 1639,899      13            71,149 
 1639,899      13            71,8 
 1639,899      13            72,443 
 1639,899      13            73,205 
 1639,899      13            73,876 
 1639,899      13            74,582 
 1639,899      13            75,314 
 1639,899      13            76,086 
 1639,899      13            76,81 
 1639,899      13            77,529 
 1639,899      13            78,253 
 1639,899      13            78,96 
 1639,899      13            79,751 
 1639,899      13            80,528 
 1639,899      13            81,192 
 1639,899      13            81,89 
 1639,899      13            82,534 
 1639,899      13            83,307 
 1639,899      13            84,015 
 1639,899      13            84,743 
 1639,899      13            85,544 
 1639,899      13            86,232 
 1639,899      13            86,931 
 1639,899      13            87,538 
 1639,899      13            88,272 
 1639,899      13            89,046 
 1639,899      13            89,711 
 1639,899      13            90,352 
 1639,899      13            91,042 
 1639,899      13            91,71 
 1639,899      13            92,394 
 1639,899      13            93,105 
 1639,899      13            93,837 
 1639,899      13            94,546 
 1639,899      13            95,182 
 1639,899      13            95,882 
 1639,899      13            96,493 
 1639,899      13            97,297 
 1639,899      13            97,984 
 1639,899      13            98,785 
 1639,899      13            99,505 
 1639,899      13            100,102 
 1635,537      13            100,958 
 1635,537      13            101,607 
 1635,537      13            102,33 
 1635,537      13            103,048 
 1635,537      13            103,691 
 1635,537      13            104,498 
 1635,537      13            105,213 
 1635,537      13            105,925 
 1635,537      13            106,77 
 1635,537      13            107,513 
 1635,537      13            108,203 
 1635,537      13            108,953 
 1635,537      13            109,666 
 1635,537      13            110,323 
 1635,537      13            111,034 
 1635,537      13            112,014 
 1635,537      13            112,716 
 1630,683      13            113,436 
 1630,683      13            114,153 
 1630,683      13            114,876 
 1630,683      13            115,485 
 1630,683      13            116,126 
 1630,683      13            116,845 
 1630,683      13            117,516 
 1630,683      13            118,175 
 1630,683      13            118,832 
 1630,683      13            119,614 
 1630,683      13            120,323 
 1630,683      13            120,974 
 1630,683      13            121,763 
 1630,683      13            122,499 
 1630,683      13            123,206 
 1630,683      13            123,869 
 1630,683      13            124,515 
 1630,683      13            125,16 
 1630,683      13            125,885 
 1630,683      13            126,608 
 1630,683      13            127,321 
 1630,683      13            128,063 
 1630,683      13            128,762 
 1630,683      13            129,42 
 1630,683      13            130,027 
 1630,683      13            130,821 
 1630,683      13            131,407 
 1630,683      13            132,06 
 1630,683      13            132,758 
 1630,683      13            133,406 
 1630,683      13            134,074 
 1630,683      13            134,813 
 1630,683      13            135,505 
 1630,683      13            136,171 
 1630,683      13            136,815 
 1630,683      13            137,419 
 1630,683      13            138,135 
 1630,683      13            138,782 
 1630,683      13            139,515 
 1630,683      13            140,291 
 1630,683      13            141,078 
 1630,683      13            141,798 
 1630,683      13            142,469 
 1630,683      13            143,12 
 1630,683      13            143,844 
 1630,683      13            144,604 
 1630,683      13            145,327 
 1630,683      13            146,062 
 1630,683      13            146,751 
 1630,683      13            147,564 
 1630,683      13            148,285 
 1630,683      13            148,959 
 1630,683      13            149,789 
 1630,683      13            150,572 
 1630,683      13            151,251 
 1630,683      13            152,033 
 1630,683      13            152,805 
 1630,683      13            153,515 
 1630,683      13            154,239 
 1630,683      13            154,957 
 1630,683      13            155,673 
 1630,683      13            156,347 
 1630,683      13            157,059 
 1630,683      13            157,758 
 1630,683      13            158,422 
 1630,683      13            159,098 
 1630,683      13            159,874 
 1630,683      13            160,639 
 1630,683      13            161,422 
 1630,683      13            162,098 
 1630,683      13            162,822 
 1630,683      13            163,59 
 1630,683      13            164,251 
 1630,683      13            164,968 
 1630,683      13            165,681 
 1630,683      13            166,471 
 1630,683      13            167,14 
 1630,683      13            167,856 
 1630,683      13            168,519 
 1630,683      13            169,302 
 1630,683      13            169,999 
 1630,683      13            170,725 
 1630,683      13            171,447 
 1630,683      13            172,177 
 1630,683      13            172,873 
 1630,683      13            173,686 
 1630,683      13            174,408 
 1630,683      13            175,124 
 1630,683      13            175,831 
 1630,683      13            176,473 
 1630,683      13            177,201 
 1630,683      13            177,929 
 1630,683      13            178,663 
 1630,683      13            179,382 
 1630,683      13            180,105 
 1630,683      13            180,956 
 1630,683      13            181,673 
 1630,683      13            182,449 
 1630,683      13            183,162 
 1630,683      13            183,883 
 1630,683      13            184,616 
 1630,683      13            185,348 
 1630,683      13            185,992 
 1630,683      13            186,654 
 1621,372      13            187,435 
 1621,372      13            188,067 
 1621,372      13            188,804 
 1621,372      13            189,541 
 1621,372      13            190,296 
 1621,372      13            190,973 
 1621,372      13            191,618 
 1621,372      13            192,324 
 1621,372      13            193,135 
 1621,372      13            193,907 
 1621,372      13            194,635 
 1621,372      13            195,336 
 1621,372      13            196,012 
 1621,372      13            196,733 
 1621,372      13            197,497 
 1621,372      13            198,287 
 1621,372      13            199,012 
 1621,372      13            199,685 
 1621,372      13            200,386 
 1621,372      13            201,183 
 1621,372      13            201,909 
 1621,372      13            202,608 
 1621,372      13            203,323 
 1621,372      13            203,999 
 1621,372      13            204,771 
 1621,372      13            205,54 
 1621,372      13            206,26 
 1621,372      13            206,926 
 1621,372      13            207,67 
 1621,372      13            208,441 
 1608,1        13            209,198 
 1608,1        13            209,925 
 1608,1        13            210,595 
 1608,1        13            211,362 
 1608,1        13            212,027 
 1608,1        13            212,8 
 1608,1        13            213,521 
 1608,1        13            214,308 
 1608,1        13            215,025 
 1608,1        13            215,691 
 1608,1        13            216,357 
 1608,1        13            217,06 
 1608,1        13            217,846 
 1608,1        13            218,502 
 1608,1        13            219,272 
 1608,1        13            220,118 
 1608,1        13            220,788 
 1608,1        13            221,568 
 1608,1        13            222,232 
 1608,1        13            222,891 
 1608,1        13            223,596 
 1608,1        13            224,312 
 1608,1        13            225,04 
 1608,1        13            225,706 
 1608,1        13            226,558 
 1608,1        13            227,389 
 1608,1        13            228,113 
 1608,1        13            228,901 
 1608,1        13            229,623 
 1608,1        13            230,347 
 1608,1        13            231,066 
 1608,1        13            231,793 
 1608,1        13            232,432 
 1608,1        13            233,101 
 1608,1        13            233,875 
 1608,1        13            234,669 
 1608,1        13            235,335 
 1608,1        13            236,051 
 1608,1        13            236,867 
 1608,1        13            237,603 
 1608,1        13            238,376 
 1608,1        13            239,049 
 1608,1        13            239,8 
 1608,1        13            240,454 
 1608,1        13            241,227 
 1608,1        13            241,891 
 1608,1        13            242,595 
 1608,1        13            243,325 
 1608,1        13            243,99 
 1608,1        13            244,752 
 1608,1        13            245,425 
 1608,1        13            246,088 
 1608,1        13            246,847 
 1608,1        13            247,513 
 1608,1        13            248,185 
 1608,1        13            248,834 
 1608,1        13            249,49 
 1608,1        13            250,218 
 1608,1        13            250,94 
 1608,1        13            251,661 
 1608,1        13            252,307 
 1608,1        13            253,016 
 1608,1        13            253,757 
 1608,1        13            254,479 
 1608,1        13            255,235 
 1608,1        13            255,901 
 1608,1        13            256,567 
 1608,1        13            257,281 
 1608,1        13            258,007 
 1608,1        13            258,784 
 1608,1        13            259,446 
 1608,1        13            260,284 
 1608,1        13            261,011 
 1608,1        13            261,673 
 1608,1        13            262,504 
 1608,1        13            263,289 
 1608,1        13            263,959 
 1608,1        13            264,735 
 1608,1        13            265,447 
 1608,1        13            266,176 
 1608,1        13            266,842 
 1608,1        13            267,574 
 1608,1        13            268,364 
 1608,1        13            269,219 
 1608,1        13            269,888 
 1608,1        13            270,613 
 1608,1        13            271,342 
 1608,1        13            272,054 
 1608,1        13            272,707 
 1608,1        13            273,383 
 1608,1        13            274,092 
 1608,1        13            274,877 
 1608,1        13            275,623 
 1608,1        13            276,388 
 1608,1        13            277,102 
 1608,1        13            277,893 
 1608,1        13            278,616 
 1608,1        13            279,348 
 1608,1        13            280,195 
 1604,725      13            280,909 
 1604,725      13            281,693 
 1604,725      13            282,479 
 1604,725      13            283,199 
 1604,725      13            283,876 
 1604,725      13            284,573 
 1604,725      13            285,443 
 1604,725      13            286,178 
 1604,725      13            286,897 
 1604,725      13            287,654 
 1604,725      13            288,382 
 1604,725      13            289,096 
 1604,725      13            289,817 
 1604,725      13            290,533 
 1604,725      13            291,271 
 1604,725      13            292,001 
 1604,725      13            292,708 
 1604,725      13            293,497 
 1604,725      13            294,218 
 1604,725      13            294,943 
 1604,725      13            295,713 
 1604,725      13            296,444 
 1604,725      13            297,223 
 1604,725      13            297,936 
 1604,725      13            298,672 
 1604,725      13            299,49 
 1604,725      13            300,105 
 1604,725      13            300,805 
 1604,725      13            301,525 
 1604,725      13            302,31 
 1604,725      13            303,094 
 1604,725      13            303,819 
 1604,725      13            304,488 
 1604,725      13            305,254 
 1604,725      13            305,978 
 1604,725      13            306,701 
 1604,725      13            307,429 
 1604,725      13            308,204 
 1604,725      13            308,926 
 1604,725      13            309,653 
 1604,725      13            310,387 
 1604,725      13            311,111 
 1604,725      13            311,869 
 1604,725      13            312,532 
 1604,725      13            313,196 
 1604,725      13            313,911 
 1604,725      13            314,636 
 1604,725      13            315,414 
 1604,725      13            316,085 
 1604,725      13            316,853 
 1604,725      13            317,579 
 1604,725      13            318,296 
 1604,725      13            319,146 
 1604,725      13            319,888 
 1604,725      13            320,649 
 1604,725      13            321,374 
 1604,725      13            322,04 
 1604,725      13            322,843 
 1604,725      13            323,555 
 1604,725      13            324,307 
 1604,725      13            325,029 
 1604,725      13            325,693 
 1604,725      13            326,557 
 1604,725      13            327,32 
 1604,725      13            328,05 
 1604,725      13            328,768 
 1604,725      13            329,488 
 1604,725      13            330,162 
 1604,725      13            330,932 
 1604,725      13            331,608 
 1604,725      13            332,319 
 1604,725      13            333,154 
 1604,725      13            333,885 
 1604,725      13            334,614 
 1604,725      13            335,454 
 1604,725      13            336,244 
 1604,725      13            336,913 
 1604,725      13            337,619 
 1604,725      13            338,34 
 1604,725      13            339,13 
 1604,725      13            339,858 
 1604,725      13            340,589 
 1604,725      13            341,362 
 1604,725      13            342,067 
 1604,725      13            342,748 
 1604,725      13            343,512 
 1604,725      13            344,23 
 1604,725      13            344,977 
 1604,725      13            345,753 
 1604,725      13            346,602 
 1604,725      13            347,37 
 1604,725      13            347,984 
 1604,725      13            348,703 
 1604,725      13            349,46 
 1604,725      13            350,22 
 1604,725      13            350,956 
 1604,725      13            351,663 
 1604,725      13            352,38 
 1604,725      13            353,141 
 1604,725      13            353,869 
 1604,725      13            354,526 
 1604,725      13            355,371 
 1604,725      13            356,084 
 1604,725      13            356,82 
 1604,725      13            357,67 
 1604,725      13            358,398 
 1604,725      13            359,12 
 1604,725      13            359,796 
 1604,725      13            360,558 
 1604,725      13            361,272 
 1604,725      13            361,966 
 1604,725      13            362,733 
 1604,725      13            363,445 
 1604,725      13            364,167 
 1604,725      13            364,769 
 1604,725      13            365,492 
 1604,725      13            366,211 
 1604,725      13            366,928 
 1604,725      13            367,66 
 1604,725      13            368,442 
 1604,725      13            369,215 
 1604,725      13            369,888 
 1604,725      13            370,605 
 1604,725      13            371,306 
 1604,725      13            372,043 
 1604,725      13            372,803 
 1604,725      13            373,527 
 1604,725      13            374,252 
 1604,725      13            374,907 
 1604,725      13            375,569 
 1604,725      13            376,357 
 1604,725      13            377,059 
 1604,725      13            377,74 
 1604,725      13            378,508 
 1604,725      13            379,379 
 1604,725      13            380,08 
 1604,725      13            380,799 
 1604,725      13            381,518 
 1604,725      13            382,254 
 1604,725      13            382,957 
 1604,725      13            383,694 
 1604,725      13            384,412 
 1604,725      13            385,26 
 1604,725      13            385,975 
 1604,725      13            386,721 
 1604,725      13            387,454 
 1604,725      13            388,305 
 1604,725      13            388,961 
 1604,725      13            389,809 
 1604,725      13            390,534 
 1604,725      13            391,355 
 1604,725      13            392,161 
 1604,725      13            392,879 
 1604,725      13            393,652 
 1604,725      13            394,383 
 1604,725      13            395,097 
 1604,725      13            395,816 
 1604,725      13            396,648 
 1604,725      13            397,31 
 1604,725      13            398,102 
 1604,725      13            398,824 
 1604,725      13            399,611 
 1604,725      13            400,278 
 1604,725      13            400,987 
 1604,725      13            401,7 
 1604,725      13            402,443 
 1604,725      13            403,213 
 1604,725      13            403,951 
 1604,725      13            404,74 
 1604,725      13            405,574 
 1604,725      13            406,247 
 1604,725      13            407,033 
 1604,725      13            407,801 
 1604,725      13            408,531 
 1604,725      13            409,202 
 1604,725      13            410,04 
 1604,725      13            410,817 
 1604,725      13            411,54 
 1604,725      13            412,212 
 1604,725      13            412,865 
 1604,725      13            413,578 
 1604,725      13            414,316 
 1604,725      13            414,96 
 1604,725      13            415,66 
 1604,725      13            416,399 
 1604,725      13            417,164 
 1604,725      13            417,828 
 1604,725      13            418,62 
 1604,725      13            419,355 
 1604,725      13            420,051 
 1604,725      13            420,784 
 1604,725      13            421,45 
 1604,725      13            422,209 
 1604,725      13            422,87 
 1604,725      13            423,581 
 1604,725      13            424,259 
 1604,725      13            424,978 
 1604,725      13            425,688 
 1604,725      13            426,399 
 1604,725      13            427,208 
 1604,725      13            427,937 
 1604,725      13            428,706 
 1604,725      13            429,43 
 1604,725      13            430,153 
 1604,725      13            430,814 
 1604,725      13            431,574 
 1604,725      13            432,251 
 1604,725      13            433,018 
 1604,725      13            433,682 
 1604,725      13            434,461 
 1604,725      13            435,302 
 1604,725      13            436,029 
 1604,725      13            436,708 
 1604,725      13            437,483 
 1604,725      13            438,336 
 1604,725      13            439,064 
 1604,725      13            439,79 
 1604,725      13            440,497 
 1604,725      13            441,206 
 1604,725      13            441,889 
 1604,725      13            442,681 
 1604,725      13            443,41 
 1604,725      13            444,151 
 1604,725      13            444,919 
 1604,725      13            445,696 
 1604,725      13            446,386 
 1604,725      13            447,104 
 1604,725      13            447,928 
 1604,725      13            448,659 
 1604,725      13            449,404 
 1604,725      13            450,108 
 1604,725      13            450,818 
 1604,725      13            451,665 
 1604,725      13            452,41 
 1604,725      13            453,113 
 1604,725      13            453,849 
 1604,725      13            454,635 
 1604,725      13            455,415 
 1604,725      13            456,137 
 1604,725      13            456,916 
 1604,725      13            457,694 
 1604,725      13            458,482 
 1604,725      13            459,252 
 1604,725      13            459,994 
 1604,725      13            460,753 
 1604,725      13            461,435 
 1604,725      13            462,283 
 1604,725      13            463 
 1604,725      13            463,74 
 1604,621      13            464,569 
 1604,621      13            465,357 
 1604,621      13            466,022 
 1604,621      13            466,753 
 1604,621      13            467,543 
 1604,621      13            468,196 
 1604,621      13            468,852 
 1604,621      13            469,621 
 1604,621      13            470,275 
 1604,621      13            470,937 
 1604,621      13            471,711 
 1604,621      13            472,468 
 1604,621      13            473,153 
 1604,621      13            473,852 
 1604,621      13            474,637 
 1604,621      13            475,304 
 1604,621      13            476,086 
 1604,621      13            476,888 
 1604,621      13            477,594 
 1604,621      13            478,375 
 1604,621      13            479,113 
 1604,621      13            479,876 
 1604,621      13            480,732 
 1604,621      13            481,45 
 1604,621      13            482,23 
 1604,621      13            482,961 
 1604,621      13            483,743 
 1604,621      13            484,412 
 1604,621      13            485,243 
 1604,621      13            485,916 
 1604,621      13            486,645 
 1604,621      13            487,347 
 1604,621      13            488,064 
 1604,621      13            488,745 
 1604,621      13            489,444 
 1604,621      13            490,104 
 1604,621      13            490,893 
 1604,621      13            491,668 
 1604,621      13            492,328 
 1604,621      13            493,174 
 1604,621      13            493,797 
 1604,621      13            494,511 
 1604,621      13            495,223 
 1604,621      13            495,957 
 1604,621      13            496,71 
 1604,621      13            497,386 
 1604,621      13            498,107 
 1604,621      13            498,821 
 1604,621      13            499,552 
 1604,621      13            500,328 
 1604,621      13            501,108 
 1604,621      13            501,766 
 1604,621      13            502,458 
 1604,621      13            503,305 
 1604,621      13            504,097 
 1604,621      13            504,822 
 1604,621      13            505,486 
 1604,621      13            506,201 
 1604,621      13            506,921 
 1604,621      13            507,579 
 1604,621      13            508,318 
 1604,621      13            509,081 
 1604,621      13            509,865 
 1604,621      13            510,666 
 1604,621      13            511,316 
 1604,621      13            511,989 
 1604,621      13            512,705 
 1604,621      13            513,533 
 1604,621      13            514,263 
 1604,621      13            515,047 
 1604,621      13            515,836 
 1604,621      13            516,5 
 1604,621      13            517,223 
 1604,621      13            518,001 
 1604,621      13            518,671 
 1604,621      13            519,451 
 1604,621      13            520,172 
 1604,621      13            520,891 
 1604,621      13            521,603 
 1604,621      13            522,33 
 1604,621      13            523,044 
 1604,621      13            523,846 
 1604,621      13            524,807 
 1604,621      13            525,535 
 1604,621      13            526,329 
 1604,621      13            526,989 
 1604,621      13            527,78 
 1604,621      13            528,538 
 1604,621      13            529,213 
 1604,621      13            529,933 
 1604,621      13            530,649 
 1604,621      13            531,315 
 1604,621      13            532,083 
 1604,621      13            532,732 
 1604,621      13            533,402 
 1604,621      13            534,173 
 1604,621      13            534,897 
 1604,621      13            535,636 
 1604,621      13            536,411 
 1604,621      13            537,122 
 1604,621      13            537,918 
 1604,621      13            538,63 
 1604,621      13            539,366 
 1604,621      13            540,127 
 1604,621      13            540,875 
 1604,621      13            541,559 
 1604,621      13            542,248 
 1604,621      13            543,006 
 1604,621      13            543,679 
 1604,621      13            544,448 
 1604,621      13            545,109 
 1604,621      13            545,885 
 1604,621      13            546,621 
 1604,621      13            547,283 
 1604,621      13            548,053 
 1604,621      13            548,888 
 1604,621      13            549,613 
 1604,621      13            550,295 
 1604,621      13            551,012 
 1604,621      13            551,798 
 1604,621      13            552,491 
 1604,621      13            553,275 
 1604,621      13            553,954 
 1604,621      13            554,662 
 1604,621      13            555,4 
 1604,621      13            556,109 
 1604,621      13            556,837 
 1604,621      13            557,566 
 1604,621      13            558,341 
 1604,621      13            559,052 
 1604,621      13            559,831 
 1604,621      13            560,486 
 1604,621      13            561,225 
 1604,621      13            562,013 
 1604,621      13            562,722 
 1604,621      13            563,389 
 1604,621      13            564,101 
 1604,621      13            564,759 
 1604,621      13            565,478 
 1604,621      13            566,34 
 1604,621      13            567,065 
 1604,621      13            567,782 
 1604,621      13            568,558 
 1604,621      13            569,241 
 1604,621      13            569,955 
 1604,621      13            570,621 
 1604,621      13            571,332 
 1604,621      13            572,057 
 1604,621      13            572,819 
 1604,621      13            573,466 
 1604,621      13            574,164 
 1604,621      13            574,833 
 1604,621      13            575,517 
 1604,621      13            576,24 
 1604,621      13            576,925 
 1604,621      13            577,646 
 1604,621      13            578,421 
 1604,621      13            579,116 
 1604,621      13            579,822 
 1604,621      13            580,478 
 1604,621      13            581,133 
 1604,621      13            581,906 
 1604,621      13            582,653 
 1604,621      13            583,377 
 1604,621      13            584,074 
 1604,621      13            584,839 
 1604,621      13            585,507 
 1604,621      13            586,282 
 1604,621      13            586,97 
 1604,621      13            587,633 
 1604,621      13            588,383 
 1604,621      13            589,037 
 1604,621      13            589,751 
 1604,621      13            590,506 
 1604,621      13            591,219 
 1604,621      13            591,946 
 1604,621      13            592,642 
 1604,621      13            593,297 
 1604,621      13            594,007 
 1604,621      13            594,697 
 1604,621      13            595,472 
 1604,621      13            596,124 
 1604,621      13            596,767 
 1604,621      13            597,512 
 1604,621      13            598,22 
 1604,621      13            598,879 
 1604,621      13            599,578 
 1604,621      13            600,281 
 1604,621      13            600,958 
 1604,621      13            601,72 
 1604,621      13            602,418 
 1604,621      13            603,264 
 1604,621      13            603,96 
 1604,621      13            604,628 
 1604,621      13            605,404 
 1604,621      13            606,046 
 1604,621      13            606,767 
 1604,621      13            607,475 
 1604,621      13            608,262 
 1604,621      13            609 
 1604,621      13            609,767 
 1604,621      13            610,54 
 1604,621      13            611,287 
 1604,621      13            612,072 
 1604,621      13            612,815 
 1604,621      13            613,652 
 1604,621      13            614,328 
 1604,621      13            614,993 
 1604,621      13            615,636 
 1604,621      13            616,373 
 1604,621      13            617,144 
 1604,621      13            617,9 
 1604,621      13            618,724 
 1604,621      13            619,439 
 1604,621      13            620,209 
 1604,621      13            620,872 
 1604,621      13            621,628 
 1604,621      13            622,263 
 1604,621      13            622,938 
 1604,621      13            623,771 
 1604,621      13            624,652 
 1604,621      13            625,422 
 1604,621      13            626,088 
 1604,621      13            626,913 
 1604,621      13            627,757 
 1604,621      13            628,494 
 1604,621      13            629,309 
 1604,621      13            630,041 
 1604,621      13            630,748 
 1604,621      13            631,532 
 1604,621      13            632,301 
 1604,621      13            632,999 
 1604,621      13            633,708 
 1604,621      13            634,418 
 1604,621      13            635,198 
 1604,621      13            635,977 
 1604,621      13            636,681 
 1604,621      13            637,453 
 1604,621      13            638,239 
 1604,621      13            639,01 
 1604,621      13            639,72 
 1604,621      13            640,483 
 1604,621      13            641,134 
 1604,621      13            641,913 
 1604,621      13            642,654 
 1604,621      13            643,44 
 1604,621      13            644,146 
 1604,621      13            644,939 
 1604,621      13            645,781 
 1604,621      13            646,459 
 1604,621      13            647,328 
 1604,621      13            648,17 
 1604,621      13            648,877 
 1604,621      13            649,589 
 1604,621      13            650,233 
 1604,621      13            650,833 
 1604,621      13            651,527 
 1604,621      13            652,247 
 1604,621      13            652,904 
 1604,621      13            653,614 
 1604,621      13            654,306 
 1604,621      13            655,087 
 1604,621      13            655,808 
 1604,621      13            656,512 
 1604,621      13            657,17 
 1604,621      13            657,988 
 1604,621      13            658,695 
 1604,621      13            659,354 
 1604,621      13            660,211 
 1604,621      13            661,01 
 1604,621      13            661,733 
 1604,621      13            662,412 
 1604,621      13            663,116 
 1604,621      13            663,815 
 1604,621      13            664,472 
 1604,621      13            665,295 
 1604,621      13            666,012 
 1604,621      13            666,708 
 1604,621      13            667,381 
 1604,621      13            668,206 
 1604,621      13            668,911 
 1604,621      13            669,64 
 1604,621      13            670,286 
 1604,621      13            670,984 
 1604,621      13            671,715 
 1604,621      13            672,465 
 1604,621      13            673,338 
 1604,621      13            674,054 
 1604,621      13            674,838 
 1604,621      13            675,572 
 1604,621      13            676,211 
 1604,621      13            676,968 
 1604,621      13            677,67 
 1604,621      13            678,382 
 1604,621      13            679,163 
 1604,621      13            679,895 
 1604,621      13            680,666 
 1604,621      13            681,439 
 1604,621      13            682,188 
 1604,621      13            682,952 
 1604,621      13            683,753 
 1604,621      13            684,479 
 1604,621      13            685,2 
 1604,621      13            685,945 
 1604,621      13            686,745 
 1604,621      13            687,487 
 1604,621      13            688,256 
 1604,621      13            689,046 
 1604,621      13            689,788 
 1604,621      13            690,501 
 1604,621      13            691,224 
 1604,621      13            691,9 
 1604,621      13            692,617 
 1604,621      13            693,383 
 1604,621      13            694,186 
 1604,621      13            694,904 
 1604,621      13            695,606 
 1604,621      13            696,27 
 1604,621      13            697,041 
 1604,621      13            697,72 
 1604,621      13            698,444 
 1604,621      13            699,172 
 1604,621      13            699,881 
 1604,621      13            700,595 
 1604,621      13            701,38 
 1604,621      13            702,217 
 1604,621      13            702,945 
 1604,621      13            703,792 
 1604,621      13            704,516 
 1604,621      13            705,226 
 1604,621      13            706,021 
 1604,621      13            706,74 
 1604,621      13            707,36 
 1604,621      13            708,054 
 1604,621      13            708,79 
 1604,621      13            709,513 
 1604,621      13            710,296 
 1604,621      13            711,078 
 1604,621      13            711,805 
 1604,621      13            712,515 
 1604,621      13            713,232 
 1604,621      13            713,971 
 1604,621      13            714,669 
 1604,621      13            715,344 
 1604,621      13            716,001 
 1604,621      13            716,707 
 1604,621      13            717,37 
 1604,621      13            718,152 
 1604,621      13            718,93 
 1604,621      13            719,663 
 1604,621      13            720,364 
 1604,621      13            721,171 
 1604,621      13            721,947 
 1604,621      13            722,716 
 1604,621      13            723,462 
 1604,621      13            724,168 
 1604,621      13            724,874 
 1604,621      13            725,542 
 1604,621      13            726,328 
 1604,621      13            726,984 
 1604,621      13            727,685 
 1604,621      13            728,36 
 1604,621      13            729,022 
 1604,621      13            729,405 
 1604,621      13            729,755 
 1604,621      13            730,147 
 1604,621      13            730,51 
 1604,621      13            730,881 
 1604,621      13            731,229 
 1604,621      13            731,619 
 1604,621      13            731,961 
 1604,621      13            732,281 
 1604,621      13            732,622 
 1604,621      13            733,007 
 1604,621      13            733,354 
 1604,621      13            733,701 
 1604,621      13            734,057 
 1604,621      13            734,426 
 1604,621      13            734,756 
 1604,621      13            735,142 
 1604,621      13            735,503 
 1604,621      13            735,884 
 1604,621      13            736,263 
 1604,621      13            736,669 
 1604,621      13            737,039 
 1604,621      13            737,391 
 1604,621      13            737,785 
 1604,621      13            738,147 
 1604,621      13            738,535 
 1604,621      13            738,908 
 1604,621      13            739,296 
 1604,621      13            739,627 
 1604,621      13            739,958 
 1604,621      13            740,334 
 1604,621      13            740,704 
 1604,621      13            741,022 
 1604,621      13            741,361 
 1604,621      13            741,709 
 1604,621      13            742,036 
 1604,621      13            742,415 
 1604,621      13            742,916 
 1604,621      13            743,262 
 1604,621      13            743,626 
 1604,621      13            744,029 
 1604,621      13            744,385 
 1604,621      13            744,732 
 1604,621      13            745,1 
 1604,621      13            745,502 
 1604,621      13            745,853 
 1604,621      13            746,202 
 1604,621      13            746,593 
 1604,621      13            746,947 
 1604,621      13            747,306 
 1604,621      13            747,668 
 1604,621      13            748,039 
 1604,621      13            748,373 
 1604,621      13            748,81 
 1604,621      13            749,215 
 1604,621      13            749,58 
 1604,621      13            749,946 
 1604,621      13            750,279 
 1604,621      13            750,651 
 1604,621      13            751,005 
 1604,621      13            751,345 
 1604,621      13            751,709 
 1604,621      13            752,097 
 1604,621      13            752,444 
 1604,621      13            752,878 
 1604,621      13            753,26 
 1604,621      13            753,587 
 1604,621      13            753,938 
 1604,621      13            754,281 
 1604,621      13            754,659 
 1604,621      13            755,016 
 1604,621      13            755,418 
 1604,621      13            755,815 
 1604,621      13            756,149 
 1604,621      13            756,513 
 1604,621      13            756,87 
 1604,621      13            757,219 
 1604,621      13            757,547 
 1604,621      13            757,989 
 1604,621      13            758,328 
 1604,621      13            758,683 
 1604,621      13            759,015 
 1604,621      13            759,344 
 1604,621      13            759,716 
 1604,621      13            760,121 
 1604,621      13            760,493 
 1604,621      13            760,825 
 1604,621      13            761,172 
 1604,621      13            761,483 
 1604,621      13            761,782 
 1604,621      13            762,153 
 1604,621      13            762,445 
 1604,621      13            762,835 
 1604,621      13            763,217 
 1604,621      13            763,581 
 1604,621      13            763,93 
 1604,621      13            764,298 
 1604,621      13            764,667 
 1604,621      13            764,986 
 1604,621      13            765,363 
 1604,621      13            765,707 
 1604,621      13            766,088 
 1604,621      13            766,465 
 1604,621      13            766,834 
 1604,621      13            767,194 
 1604,621      13            767,576 
 1604,621      13            767,91 
 1604,621      13            768,282 
 1604,621      13            768,689 
 1604,621      13            769,115 
 1604,621      13            769,473 
 1604,621      13            769,785 
 1604,621      13            770,145 
 1604,621      13            770,501 
 1604,621      13            770,909 
 1604,621      13            771,305 
 1604,621      13            771,675 
 1604,621      13            772,007 
 1604,621      13            772,355 
 1604,621      13            772,676 
 1604,621      13            773,025 
 1604,621      13            773,366 
 1604,621      13            773,74 
 1604,621      13            774,091 
 1604,621      13            774,48 
 1604,621      13            774,822 
 1604,621      13            775,179 
 1604,621      13            775,527 
 1604,621      13            775,938 
 1604,621      13            776,321 
 1604,621      13            776,684 
 1604,621      13            777 
 1604,621      13            777,362 
 1604,621      13            777,714 
 1604,621      13            778,063 
 1604,621      13            778,427 
 1604,621      13            778,825 
 1604,621      13            779,179 
 1604,621      13            779,53 
 1604,621      13            779,867 
 1604,621      13            780,178 
 1604,621      13            780,515 
 1604,621      13            780,861 
 1604,621      13            781,27 
 1604,621      13            781,604 
 1604,621      13            782,052 
 1604,621      13            782,441 
 1604,621      13            782,792 
 1604,621      13            783,145 
 1604,621      13            783,52 
 1604,621      13            783,927 
 1604,621      13            784,319 
 1604,621      13            784,667 
 1604,621      13            785,025 
 1604,621      13            785,441 
 1604,621      13            785,842 
 1604,621      13            786,222 
 1604,621      13            786,582 
 1604,621      13            786,914 
 1604,621      13            787,29 
 1604,621      13            787,706 
 1604,621      13            788,056 
 1604,621      13            788,531 
 1604,621      13            788,967 
 1604,621      13            789,328 
 1604,621      13            789,71 
 1604,621      13            790,1 
 1604,621      13            790,493 
 1604,621      13            790,862 
 1604,621      13            791,248 
 1604,621      13            791,699 
 1604,621      13            792,086 
 1604,621      13            792,469 
 1604,621      13            792,913 
 1604,621      13            793,287 
 1604,621      13            793,61 
 1604,621      13            793,958 
 1604,621      13            794,272 
 1604,621      13            794,657 
 1604,621      13            795,04 
 1604,621      13            795,376 
 1604,621      13            795,725 
 1604,621      13            796,086 
 1604,621      13            796,454 
 1604,621      13            796,805 
 1604,621      13            797,184 
 1604,621      13            797,549 
 1604,621      13            797,966 
 1604,621      13            798,324 
 1604,621      13            798,69 
 1604,621      13            799,025 
 1604,621      13            799,389 
 1604,621      13            799,774 
 1604,621      13            800,149 
 1604,621      13            800,534 
 1604,621      13            800,943 
 1604,621      13            801,322 
 1604,621      13            801,704 
 1604,621      13            802,037 
 1604,621      13            802,388 
 1604,621      13            802,762 
 1604,621      13            803,102 
 1604,621      13            803,492 
 1604,621      13            803,798 
 1604,621      13            804,154 
 1604,621      13            804,493 
 1604,621      13            804,839 
 1604,621      13            805,243 
 1604,621      13            805,67 
 1604,621      13            806,043 
 1604,621      13            806,416 
 1604,621      13            806,782 
 1604,621      13            807,141 
 1604,621      13            807,532 
 1604,621      13            807,865 
 1604,621      13            808,204 
 1604,621      13            808,561 
 1604,621      13            808,938 
 1604,621      13            809,33 
 1604,621      13            809,747 
 1604,621      13            810,087 
 1604,621      13            810,431 
 1604,621      13            810,814 
 1604,621      13            811,211 
 1604,621      13            811,599 
 1604,621      13            811,951 
 1604,621      13            812,352 
 1604,621      13            812,703 
 1604,621      13            813,053 
 1604,621      13            813,397 
 1604,621      13            813,767 
 1604,621      13            814,16 
 1604,621      13            814,521 
 1604,621      13            814,869 
 1604,621      13            815,255 
 1604,621      13            815,609 
 1604,621      13            815,992 
 1604,621      13            816,366 
 1604,621      13            816,732 
 1604,621      13            817,08 
 1604,621      13            817,479 
 1604,621      13            817,886 
 1604,621      13            818,246 
 1604,621      13            818,587 
 1604,621      13            818,921 
 1604,621      13            819,287 
 1604,621      13            819,616 
 1604,621      13            819,973 
 1604,621      13            820,318 
 1604,621      13            820,698 
 1604,621      13            821,048 
 1604,621      13            821,372 
 1604,621      13            821,689 
 1604,621      13            822,05 
 1604,621      13            822,476 
 1604,621      13            822,863 
 1604,621      13            823,222 
 1604,621      13            823,557 
 1604,621      13            823,902 
 1604,621      13            824,267 
 1604,621      13            824,598 
 1604,621      13            824,96 
 1604,621      13            825,298 
 1604,621      13            825,632 
 1604,621      13            825,978 
 1604,621      13            826,328 
 1604,621      13            826,709 
 1604,621      13            827,076 
 1604,621      13            827,427 
 1604,621      13            827,765 
 1604,621      13            828,095 
 1604,621      13            828,497 
 1604,621      13            828,856 
 1604,621      13            829,274 
 1604,621      13            829,648 
 1604,621      13            829,988 
 1604,621      13            830,332 
 1604,621      13            830,708 
 1604,621      13            831,063 
 1604,621      13            831,444 
 1604,621      13            831,773 
 1604,621      13            832,116 
 1604,621      13            832,486 
 1604,621      13            832,875 
 1604,621      13            833,27 
 1604,621      13            833,617 
 1604,621      13            834,003 
 1604,621      13            834,365 
 1604,621      13            834,749 
 1604,621      13            835,134 
 1604,621      13            835,554 
 1604,621      13            835,929 
 1604,621      13            836,291 
 1604,621      13            836,686 
 1604,621      13            837,052 
 1604,621      13            837,407 
 1604,621      13            837,785 
 1604,621      13            838,152 
 1604,621      13            838,543 
 1604,621      13            838,905 
 1604,621      13            839,23 
 1604,621      13            839,579 
 1604,621      13            839,939 
 1604,621      13            840,318 
 1604,621      13            840,704 
 1604,621      13            841,074 
 1604,621      13            841,463 
 1604,621      13            841,913 
 1604,621      13            842,294 
 1604,621      13            842,688 
 1604,621      13            843,085 
 1604,621      13            843,441 
 1604,621      13            843,816 
 1604,621      13            844,225 
 1604,621      13            844,582 
 1604,621      13            844,912 
 1604,621      13            845,223 
 1604,621      13            845,623 
 1604,621      13            845,983 
 1604,621      13            846,317 
 1604,621      13            846,749 
 1604,621      13            847,121 
 1604,621      13            847,465 
 1604,621      13            847,842 
 1604,621      13            848,236 
 1604,621      13            848,612 
 1604,621      13            849,022 
 1604,621      13            849,394 
 1604,621      13            849,737 
 1604,621      13            850,135 
 1604,621      13            850,548 
 1604,621      13            850,912 
 1604,621      13            851,295 
 1604,621      13            851,69 
 1604,621      13            852,094 
 1604,621      13            852,464 
 1604,621      13            852,847 
 1604,621      13            853,209 
 1604,621      13            853,591 
 1604,621      13            853,98 
 1604,621      13            854,319 
 1604,621      13            854,689 
 1604,621      13            855,078 
 1604,621      13            855,498 
 1604,621      13            855,811 
 1604,621      13            856,167 
 1604,621      13            856,558 
 1604,621      13            856,916 
 1604,621      13            857,249 
 1604,621      13            857,609 
 1604,621      13            858,002 
 1604,621      13            858,336 
 1604,621      13            858,715 
 1604,621      13            859,126 
 1604,621      13            859,498 
 1604,621      13            859,844 
 1604,621      13            860,203 
 1604,621      13            860,514 
 1604,621      13            860,84 
 1604,621      13            861,172 
 1604,621      13            861,531 
 1604,621      13            861,849 
 1604,621      13            862,239 
 1604,621      13            862,551 
 1604,621      13            862,934 
 1604,621      13            863,318 
 1604,621      13            863,702 
 1604,621      13            864,081 
 1604,621      13            864,4 
 1604,621      13            864,776 
 1604,621      13            865,087 
 1604,621      13            865,421 
 1604,621      13            865,816 
 1604,621      13            866,138 
 1599,755      13            866,509 
 1599,755      13            866,866 
 1599,755      13            867,202 
 1599,755      13            867,537 
 1599,755      13            867,861 
 1599,755      13            868,165 
 1599,755      13            868,524 
 1599,755      13            868,899 
 1599,755      13            869,297 
 1599,755      13            869,665 
 1599,755      13            869,998 
 1599,755      13            870,357 
 1599,755      13            870,705 
 1599,755      13            871,058 
 1599,755      13            871,38 
 1599,755      13            871,688 
 1599,755      13            872,023 
 1599,755      13            872,375 
 1599,755      13            872,727 
 1599,755      13            873,083 
 1599,755      13            873,449 
 1599,755      13            873,788 
 1599,755      13            874,171 
 1599,755      13            874,571 
 1599,755      13            874,91 
 1599,755      13            875,283 
 1599,755      13            875,645 
 1599,755      13            876,026 
 1599,755      13            876,407 
 1599,755      13            876,737 
 1599,755      13            877,121 
 1599,755      13            877,456 
 1599,755      13            877,832 
 1599,755      13            878,181 
 1599,755      13            878,513 
 1599,755      13            878,82 
 1599,755      13            879,159 
 1599,755      13            879,504 
 1599,755      13            879,891 
 1599,755      13            880,257 
 1599,755      13            880,634 
 1599,755      13            880,998 
 1599,755      13            881,397 
 1599,755      13            881,777 
 1599,755      13            882,139 
 1599,755      13            882,505 
 1599,755      13            882,854 
 1599,755      13            883,211 
 1599,755      13            883,587 
 1599,755      13            883,917 
 1599,755      13            884,324 
 1599,755      13            884,66 
 1599,755      13            884,983 
 1599,755      13            885,309 
 1599,755      13            885,638 
 1599,755      13            885,994 
 1599,755      13            886,362 
 1599,755      13            886,716 
 1599,755      13            887,075 
 1599,755      13            887,445 
 1599,755      13            887,838 
 1599,755      13            888,249 
 1599,755      13            888,629 
 1599,755      13            888,963 
 1599,755      13            889,307 
 1599,755      13            889,643 
 1599,755      13            889,997 
 1599,755      13            890,347 
 1599,755      13            890,729 
 1599,755      13            891,066 
 1599,755      13            891,456 
 1599,755      13            891,845 
 1599,755      13            892,249 
 1599,755      13            892,66 
 1599,755      13            893,061 
 1599,755      13            893,409 
 1599,755      13            893,758 
 1599,755      13            894,108 
 1599,755      13            894,446 
 1599,755      13            894,814 
 1599,755      13            895,154 
 1599,755      13            895,489 
 1599,755      13            895,844 
 1599,755      13            896,217 
 1599,755      13            896,55 
 1599,755      13            896,894 
 1599,755      13            897,257 
 1599,755      13            897,591 
 1599,755      13            897,962 
 1599,755      13            898,308 
 1599,755      13            898,74 
 1599,755      13            899,151 
 1599,755      13            899,5 
 1599,755      13            899,837 
 1599,755      13            900,18 
 1599,755      13            900,573 
 1599,755      13            900,929 
 1599,755      13            901,319 
 1599,755      13            901,661 
 1599,755      13            902,079 
 1599,755      13            902,433 
 1599,755      13            902,781 
 1599,755      13            903,144 
 1599,755      13            903,502 
 1599,755      13            903,871 
 1599,755      13            904,254 
 1599,755      13            904,59 
 1599,755      13            904,928 
 1599,755      13            905,3 
 1599,755      13            905,649 
 1599,755      13            905,987 
 1599,755      13            906,352 
 1581,553      13            906,694 
 1581,553      13            907,013 
 1581,553      13            907,421 
 1581,553      13            907,79 
 1581,553      13            908,168 
 1581,553      13            908,508 
 1581,553      13            908,851 
 1581,553      13            909,219 
 1581,553      13            909,614 
 1581,553      13            909,968 
 1581,553      13            910,296 
 1581,553      13            910,642 
 1581,553      13            910,99 
 1581,553      13            911,345 
 1581,553      13            911,76 
 1581,553      13            912,107 
 1581,553      13            912,477 
 1581,553      13            912,857 
 1581,553      13            913,187 
 1581,553      13            913,53 
 1581,553      13            913,916 
 1581,553      13            914,278 
 1581,553      13            914,618 
 1581,553      13            914,975 
 1581,553      13            915,29 
 1581,553      13            915,622 
 1581,553      13            915,99 
 1581,553      13            916,344 
 1581,553      13            916,707 
 1581,553      13            917,085 
 1581,553      13            917,471 
 1581,553      13            917,808 
 1581,553      13            918,194 
 1581,553      13            918,59 
 1581,553      13            918,937 
 1581,553      13            919,29 
 1581,553      13            919,679 
 1581,553      13            920,015 
 1581,553      13            920,377 
 1581,553      13            920,723 
 1581,553      13            921,149 
 1581,553      13            921,503 
 1581,553      13            921,824 
 1581,553      13            922,175 
 1581,553      13            922,554 
 1581,553      13            922,876 
 1581,553      13            923,262 
 1581,553      13            923,632 
 1581,553      13            923,993 
 1581,553      13            924,325 
 1581,553      13            924,652 
 1581,553      13            924,985 
 1581,553      13            925,339 
 1581,553      13            925,692 
 1581,553      13            925,99 
 1581,553      13            926,325 
 1581,553      13            926,673 
 1581,553      13            927,03 
 1581,553      13            927,405 
 1581,553      13            927,76 
 1581,553      13            928,155 
 1581,553      13            928,49 
 1581,553      13            928,814 
 1581,553      13            929,158 
 1581,553      13            929,538 
 1581,553      13            929,896 
 1581,553      13            930,29 
 1581,553      13            930,666 
 1581,553      13            931,015 
 1581,553      13            931,371 
 1581,553      13            931,691 
 1581,553      13            932,053 
 1581,553      13            932,395 
 1581,553      13            932,744 
 1581,553      13            933,056 
 1581,553      13            933,421 
 1581,553      13            933,767 
 1581,553      13            934,129 
 1581,553      13            934,481 
 1581,553      13            934,833 
 1581,553      13            935,169 
 1581,553      13            935,551 
 1581,553      13            935,879 
 1581,553      13            936,223 
 1581,553      13            936,601 
 1581,553      13            936,98 
 1581,553      13            937,328 
 1581,553      13            937,726 
 1581,553      13            938,081 
 1581,553      13            938,439 
 1581,553      13            938,793 
 1581,553      13            939,13 
 1581,553      13            939,473 
 1581,553      13            939,859 
 1581,553      13            940,221 
 1581,553      13            940,576 
 1581,553      13            940,898 
 1581,553      13            941,238 
 1581,553      13            941,6 
 1581,553      13            941,944 
 1581,553      13            942,288 
 1581,553      13            942,63 
 1581,553      13            942,97 
 1581,553      13            943,331 
 1581,553      13            943,713 
 1581,553      13            944,08 
 1581,553      13            944,407 
 1581,553      13            944,754 
 1581,553      13            945,08 
 1581,553      13            945,398 
 1581,553      13            945,724 
 1581,553      13            946,108 
 1581,553      13            946,458 
 1581,553      13            946,8 
 1581,553      13            947,143 
 1581,553      13            947,491 
 1581,553      13            947,853 
 1581,553      13            948,174 
 1581,553      13            948,52 
 1581,553      13            948,894 
 1581,553      13            949,226 
 1581,553      13            949,59 
 1581,553      13            949,92 
 1581,553      13            950,304 
 1581,553      13            950,645 
 1581,553      13            951,013 
 1581,553      13            951,358 
 1581,553      13            951,688 
 1581,553      13            952,052 
 1581,553      13            952,416 
 1581,553      13            952,857 
 1581,553      13            953,227 
 1581,553      13            953,569 
 1581,553      13            953,946 
 1581,553      13            954,329 
 1581,553      13            954,697 
 1581,553      13            955,096 
 1581,553      13            955,474 
 1581,553      13            955,805 
 1581,553      13            956,183 
 1581,553      13            956,503 
 1581,553      13            956,893 
 1581,553      13            957,281 
 1581,553      13            957,647 
 1581,553      13            958,002 
 1581,553      13            958,298 
 1581,553      13            958,616 
 1581,553      13            958,948 
 1581,553      13            959,29 
 1581,553      13            959,629 
 1581,553      13            960,002 
 1581,553      13            960,376 
 1581,553      13            960,745 
 1581,553      13            961,104 
 1581,553      13            961,421 
 1581,553      13            961,77 
 1581,553      13            962,123 
 1581,553      13            962,468 
 1581,553      13            962,836 
 1581,553      13            963,193 
 1581,553      13            963,576 
 1581,553      13            963,953 
 1581,553      13            964,322 
 1581,553      13            964,692 
 1581,553      13            965,039 
 1581,553      13            965,434 
 1581,553      13            965,82 
 1581,553      13            966,169 
 1581,553      13            966,492 
 1581,553      13            966,818 
 1581,553      13            967,195 
 1581,553      13            967,523 
 1581,553      13            967,895 
 1581,553      13            968,256 
 1581,553      13            968,621 
 1581,553      13            968,973 
 1581,553      13            969,34 
 1581,553      13            969,698 
 1581,553      13            970,063 
 1581,553      13            970,412 
 1581,553      13            970,745 
 1581,553      13            971,151 
 1581,553      13            971,477 
 1581,553      13            971,809 
 1581,553      13            972,172 
 1581,553      13            972,494 
 1581,553      13            972,825 
 1581,553      13            973,131 
 1581,553      13            973,464 
 1581,553      13            973,87 
 1581,553      13            974,257 
 1581,553      13            974,598 
 1581,553      13            974,942 
 1581,553      13            975,313 
 1581,553      13            975,665 
 1581,553      13            976,052 
 1581,553      13            976,394 
 1581,553      13            976,733 
 1581,553      13            977,134 
 1581,553      13            977,465 
 1581,553      13            977,814 
 1581,553      13            978,145 
 1581,553      13            978,511 
 1581,553      13            978,847 
 1581,553      13            979,226 
 1581,553      13            979,562 
 1581,553      13            979,902 
 1581,553      13            980,225 
 1581,553      13            980,568 
 1581,553      13            980,958 
 1581,553      13            981,33 
 1581,553      13            981,706 
 1581,553      13            982,064 
 1581,553      13            982,38 
 1581,553      13            982,738 
 1581,553      13            983,106 
 1581,553      13            983,479 
 1581,553      13            983,875 
 1581,553      13            984,262 
 1581,553      13            984,602 
 1581,553      13            984,945 
 1581,553      13            985,34 
 1581,553      13            985,685 
 1581,553      13            986,061 
 1581,553      13            986,442 
 1581,553      13            986,852 
 1581,553      13            987,197 
 1581,553      13            987,569 
 1581,553      13            987,981 
 1581,553      13            988,297 
 1581,553      13            988,669 
 1581,553      13            989,088 
 1581,553      13            989,454 
 1581,553      13            989,791 
 1581,553      13            990,167 
 1581,553      13            990,553 
 1581,553      13            990,913 
 1581,553      13            991,254 
 1581,553      13            991,588 
 1581,553      13            991,919 
 1581,553      13            992,281 
 1581,553      13            992,654 
 1581,553      13            993,05 
 1581,553      13            993,397 
 1581,553      13            993,785 
 1581,553      13            994,194 
 1581,553      13            994,582 
 1581,553      13            994,951 
 1581,553      13            995,307 
 1581,553      13            995,665 
 1581,553      13            996,025 
 1581,553      13            996,369 
 1581,553      13            996,736 
 1581,553      13            997,121 
 1581,553      13            997,468 
 1581,553      13            997,818 
 1581,553      13            998,198 
 1581,553      13            998,548 
 1581,553      13            998,91 
 1581,553      13            999,29 
 1581,553      13            999,698 
 1581,553      13            1000,065 
 1581,553      13            1000,442 
 1581,553      13            1000,802 
 1581,553      13            1001,148 
 1581,553      13            1001,486 
 1581,553      13            1001,845 
 1581,553      13            1002,221 
 1581,553      13            1002,555 
 1581,553      13            1002,942 
 1581,553      13            1003,31 
 1581,553      13            1003,674 
 1581,553      13            1004,054 
 1581,553      13            1004,411 
 1581,553      13            1004,765 
 1581,553      13            1005,086 
 1581,553      13            1005,441 
 1581,553      13            1005,82 
 1581,553      13            1006,147 
 1581,553      13            1006,484 
 1581,553      13            1006,868 
 1581,553      13            1007,256 
 1581,553      13            1007,61 
 1581,553      13            1007,969 
 1581,553      13            1008,361 
 1581,553      13            1008,686 
 1581,553      13            1009,043 
 1581,553      13            1009,415 
 1581,553      13            1009,763 
 1581,553      13            1010,116 
 1581,553      13            1010,522 
 1581,553      13            1010,873 
 1581,553      13            1011,212 
 1581,553      13            1011,578 
 1581,553      13            1011,928 
 1581,553      13            1012,272 
 1581,553      13            1012,599 
 1581,553      13            1012,966 
 1581,553      13            1013,328 
 1581,553      13            1013,679 
 1581,553      13            1014,012 
 1581,553      13            1014,396 
 1581,553      13            1014,782 
 1581,553      13            1015,15 
 1581,553      13            1015,478 
 1581,553      13            1015,84 
 1581,553      13            1016,16 
 1581,553      13            1016,534 
 1581,553      13            1016,858 
 1581,553      13            1017,214 
 1581,553      13            1017,528 
 1581,553      13            1017,884 
 1581,553      13            1018,203 
 1581,553      13            1018,584 
 1581,553      13            1018,915 
 1581,553      13            1019,251 
 1581,553      13            1019,606 
 1581,553      13            1019,982 
 1581,553      13            1020,292 
 1581,553      13            1020,683 
 1581,553      13            1021,071 
 1581,553      13            1021,459 
 1581,553      13            1021,795 
 1581,553      13            1022,19 
 1581,553      13            1022,561 
 1581,553      13            1022,93 
 1581,553      13            1023,301 
 1581,553      13            1023,679 
 1581,553      13            1024,054 
 1581,553      13            1024,359 
 1581,553      13            1024,747 
 1581,553      13            1025,096 
 1581,553      13            1025,463 
 1581,553      13            1025,827 
 1581,553      13            1026,168 
 1581,553      13            1026,523 
 1581,553      13            1026,872 
 1581,553      13            1027,256 
 1581,553      13            1027,629 
 1581,553      13            1027,963 
 1581,553      13            1028,287 
 1581,553      13            1028,64 
 1581,553      13            1028,948 
 1581,553      13            1029,321 
 1581,553      13            1029,664 
 1581,553      13            1030,068 
 1581,553      13            1030,42 
 1581,553      13            1030,77 
 1581,553      13            1031,127 
 1581,553      13            1031,474 
 1581,553      13            1031,863 
 1581,553      13            1032,212 
 1581,553      13            1032,555 
 1581,553      13            1032,896 
 1581,553      13            1033,278 
 1581,553      13            1033,669 
 1581,553      13            1034,004 
 1581,553      13            1034,389 
 1581,553      13            1034,758 
 1581,553      13            1035,108 
 1581,553      13            1035,435 
 1581,553      13            1035,775 
 1581,553      13            1036,128 
 1581,553      13            1036,511 
 1581,553      13            1036,884 
 1581,553      13            1037,194 
 1581,553      13            1037,512 
 1581,553      13            1037,883 
 1581,553      13            1038,236 
 1581,553      13            1038,617 
 1581,553      13            1039,055 
 1581,553      13            1039,444 
 1581,553      13            1039,805 
 1581,553      13            1040,179 
 1581,553      13            1040,542 
 1581,553      13            1040,904 
 1581,553      13            1041,231 
 1581,553      13            1041,599 
 1581,553      13            1041,938 
 1581,553      13            1042,318 
 1581,553      13            1042,658 
 1581,553      13            1043,052 
 1581,553      13            1043,361 
 1581,553      13            1043,73 
 1581,553      13            1044,116 
 1581,553      13            1044,466 
 1581,553      13            1044,815 
 1581,553      13            1045,209 
 1581,553      13            1045,552 
 1581,553      13            1045,931 
 1581,553      13            1046,304 
 1581,553      13            1046,628 
 1581,553      13            1046,985 
 1581,553      13            1047,347 
 1581,553      13            1047,712 
 1581,553      13            1048,085 
 1581,553      13            1048,422 
 1581,553      13            1048,741 
 1581,553      13            1049,121 
 1581,553      13            1049,514 
 1581,553      13            1049,869 
 1581,553      13            1050,228 
 1581,553      13            1050,58 
 1581,553      13            1050,938 
 1581,553      13            1051,292 
 1581,553      13            1051,642 
 1581,553      13            1052,008 
 1581,553      13            1052,44 
 1581,553      13            1052,791 
 1581,553      13            1053,238 
 1581,553      13            1053,602 
 1581,553      13            1053,959 
 1581,553      13            1054,324 
 1581,553      13            1054,688 
 1581,553      13            1055,07 
 1581,553      13            1055,401 
 1581,553      13            1055,741 
 1581,553      13            1056,089 
 1581,553      13            1056,432 
 1581,553      13            1056,828 
 1581,553      13            1057,201 
 1581,553      13            1057,539 
 1581,553      13            1057,871 
 1581,553      13            1058,212 
 1581,553      13            1058,591 
 1581,553      13            1058,964 
 1581,553      13            1059,286 
 1581,553      13            1059,633 
 1581,553      13            1059,986 
 1581,553      13            1060,328 
 1581,553      13            1060,663 
 1581,553      13            1060,991 
 1581,553      13            1061,343 
 1581,553      13            1061,698 
 1581,553      13            1062,083 
 1581,553      13            1062,394 
 1581,553      13            1062,721 
 1581,553      13            1063,097 
 1581,553      13            1063,446 
 1581,553      13            1063,793 
 1581,553      13            1064,14 
 1581,553      13            1064,5 
 1581,553      13            1064,853 
 1581,553      13            1065,204 
 1581,553      13            1065,572 
 1581,553      13            1065,893 
 1581,553      13            1066,204 
 1581,553      13            1066,574 
 1581,553      13            1066,95 
 1581,553      13            1067,302 
 1581,553      13            1067,659 
 1581,553      13            1068,042 
 1581,553      13            1068,359 
 1581,553      13            1068,714 
 1581,553      13            1069,026 
 1581,553      13            1069,374 
 1581,553      13            1069,756 
 1581,553      13            1070,107 
 1581,553      13            1070,443 
 1581,553      13            1070,76 
 1581,553      13            1071,088 
 1581,553      13            1071,436 
 1581,553      13            1071,771 
 1581,553      13            1072,137 
 1581,553      13            1072,489 
 1581,553      13            1072,833 
 1581,553      13            1073,211 
 1581,553      13            1073,542 
 1581,553      13            1073,901 
 1581,553      13            1074,237 
 1581,553      13            1074,58 
 1581,553      13            1074,935 
 1581,553      13            1075,316 
 1581,553      13            1075,65 
 1581,553      13            1076,011 
 1581,553      13            1076,342 
 1581,553      13            1076,709 
 1581,553      13            1077,085 
 1581,553      13            1077,43 
 1581,553      13            1077,772 
 1581,553      13            1078,082 
 1581,553      13            1078,411 
 1581,553      13            1078,801 
 1581,553      13            1079,129 
 1581,553      13            1079,444 
 1581,553      13            1079,79 
 1581,553      13            1080,147 
 1581,553      13            1080,51 
 1581,553      13            1080,875 
 1581,553      13            1081,258 
 1581,553      13            1081,596 
 1581,553      13            1081,951 
 1581,553      13            1082,329 
 1581,553      13            1082,716 
 1581,553      13            1083,079 
 1581,553      13            1083,453 
 1581,553      13            1083,787 
 1581,553      13            1084,077 
 1581,553      13            1084,407 
 1581,553      13            1084,73 
 1581,553      13            1085,057 
 1581,553      13            1085,415 
 1581,553      13            1085,758 
 1581,553      13            1086,111 
 1581,553      13            1086,443 
 1581,553      13            1086,816 
 1581,553      13            1087,148 
 1581,553      13            1087,466 
 1581,553      13            1087,825 
 1581,553      13            1088,159 
 1581,553      13            1088,496 
 1581,553      13            1088,85 
 1581,553      13            1089,233 
 1581,553      13            1089,563 
 1581,553      13            1089,889 
 1581,553      13            1090,221 
 1581,553      13            1090,591 
 1581,553      13            1090,921 
 1581,553      13            1091,233 
 1581,553      13            1091,576 
 1581,553      13            1091,911 
 1581,553      13            1092,248 
 1581,553      13            1092,602 
 1581,553      13            1092,933 
 1581,553      13            1093,262 
 1581,553      13            1093,569 
 1581,553      13            1093,921 
 1581,553      13            1094,296 
 1581,553      13            1094,647 
 1581,553      13            1095,007 
 1581,553      13            1095,398 
 1581,553      13            1095,774 
 1581,553      13            1096,142 
 1581,553      13            1096,533 
 1581,553      13            1096,884 
 1581,553      13            1097,252 
 1581,553      13            1097,615 
 1581,553      13            1097,951 
 1581,553      13            1098,294 
 1581,553      13            1098,633 
 1581,553      13            1099,007 
 1581,553      13            1099,344 
 1581,553      13            1099,781 
 1581,553      13            1100,123 
 1581,553      13            1100,459 
 1581,553      13            1100,851 
 1581,553      13            1101,198 
 1581,553      13            1101,547 
 1581,553      13            1101,913 
 1581,553      13            1102,272 
 1581,553      13            1102,606 
 1581,553      13            1102,984 
 1581,553      13            1103,344 
 1581,553      13            1103,718 
 1581,553      13            1104,104 
 1581,553      13            1104,441 
 1581,553      13            1104,783 
 1581,553      13            1105,113 
 1581,553      13            1105,432 
 1581,553      13            1105,791 
 1581,553      13            1106,105 
 1581,553      13            1106,452 
 1581,553      13            1106,8 
 1581,553      13            1107,197 
 1581,553      13            1107,563 
 1581,553      13            1107,882 
 1581,553      13            1108,192 
 1581,553      13            1108,535 
 1581,553      13            1108,856 
 1581,553      13            1109,19 
 1581,553      13            1109,539 
 1581,553      13            1109,87 
 1581,553      13            1110,244 
 1581,553      13            1110,598 
 1581,553      13            1110,948 
 1581,553      13            1111,269 
 1581,553      13            1111,636 
 1581,553      13            1111,959 
 1581,553      13            1112,342 
 1581,553      13            1112,682 
 1581,553      13            1113,023 
 1581,553      13            1113,358 
 1581,553      13            1113,699 
 1581,553      13            1114,064 
 1581,553      13            1114,376 
 1581,553      13            1114,733 
 1581,553      13            1115,049 
 1581,553      13            1115,394 
 1581,553      13            1115,756 
 1581,553      13            1116,138 
 1581,553      13            1116,468 
 1581,553      13            1116,801 
 1581,553      13            1117,155 
 1581,553      13            1117,5 
 1581,553      13            1117,845 
 1581,553      13            1118,176 
 1581,553      13            1118,523 
 1581,553      13            1118,906 
 1581,553      13            1119,277 
 1581,553      13            1119,661 
 1581,553      13            1120,022 
 1581,553      13            1120,454 
 1581,553      13            1120,807 
 1581,553      13            1121,186 
 1581,553      13            1121,577 
 1581,553      13            1121,944 
 1581,553      13            1122,283 
 1581,553      13            1122,672 
 1581,553      13            1122,997 
 1581,553      13            1123,347 
 1581,553      13            1123,675 
 1581,553      13            1124,011 
 1581,553      13            1124,382 
 1581,553      13            1124,746 
 1581,553      13            1125,098 
 1581,553      13            1125,429 
 1581,553      13            1125,811 
 1581,553      13            1126,136 
 1581,553      13            1126,457 
 1581,553      13            1126,821 
 1581,553      13            1127,145 
 1581,553      13            1127,467 
 1581,553      13            1127,838 
 1581,553      13            1128,16 
 1581,553      13            1128,486 
 1581,553      13            1128,819 
 1581,553      13            1129,179 
 1581,553      13            1129,553 
 1581,553      13            1129,894 
 1581,553      13            1130,243 
 1581,553      13            1130,594 
 1581,553      13            1131,019 
 1581,553      13            1131,373 
 1581,553      13            1131,734 
 1581,553      13            1132,103 
 1581,553      13            1132,458 
 1581,553      13            1132,809 
 1581,553      13            1133,191 
 1581,553      13            1133,518 
 1581,553      13            1133,864 
 1581,553      13            1134,199 
 1581,553      13            1134,599 
 1581,553      13            1134,951 
 1581,553      13            1135,332 
 1581,553      13            1135,672 
 1581,553      13            1135,986 
 1581,553      13            1136,321 
 1581,553      13            1136,689 
 1581,553      13            1137,062 
 1581,553      13            1137,42 
 1581,553      13            1137,737 
 1581,553      13            1138,101 
 1581,553      13            1138,464 
 1581,553      13            1138,793 
 1581,553      13            1139,139 
 1581,553      13            1139,471 
 1581,553      13            1139,869 
 1581,553      13            1140,231 
 1581,553      13            1140,603 
 1581,553      13            1140,93 
 1581,553      13            1141,289 
 1581,553      13            1141,64 
 1581,553      13            1142,03 
 1581,553      13            1142,343 
 1581,553      13            1142,665 
 1581,553      13            1142,992 
 1581,553      13            1143,349 
 1581,553      13            1143,705 
 1581,553      13            1144,046 
 1581,553      13            1144,417 
 1581,553      13            1144,751 
 1581,553      13            1145,075 
 1581,553      13            1145,413 
 1581,553      13            1145,734 
 1581,553      13            1146,115 
 1581,553      13            1146,422 
 1581,553      13            1146,766 
 1581,553      13            1147,099 
 1581,553      13            1147,487 
 1581,553      13            1147,832 
 1581,553      13            1148,182 
 1581,553      13            1148,505 
 1581,553      13            1148,907 
 1581,553      13            1149,253 
 1581,553      13            1149,621 
 1581,553      13            1149,973 
 1581,553      13            1150,366 
 1581,553      13            1150,733 
 1581,553      13            1151,089 
 1581,553      13            1151,449 
 1581,553      13            1151,798 
 1581,553      13            1152,134 
 1581,553      13            1152,454 
 1581,553      13            1152,767 
 1581,553      13            1153,133 
 1581,553      13            1153,459 
 1581,553      13            1153,827 
 1581,553      13            1154,176 
 1581,553      13            1154,527 
 1581,553      13            1154,837 
 1581,553      13            1155,174 
 1581,553      13            1155,5 
 1581,553      13            1155,87 
 1581,553      13            1156,267 
 1581,553      13            1156,622 
 1581,553      13            1156,977 
 1581,553      13            1157,343 
 1581,553      13            1157,687 
 1581,553      13            1158,031 
 1581,553      13            1158,39 
 1581,553      13            1158,681 
 1581,553      13            1159,017 
 1581,553      13            1159,352 
 1581,553      13            1159,668 
 1581,553      13            1160,017 
 1581,553      13            1160,326 
 1581,553      13            1160,687 
 1581,553      13            1161 
 1581,553      13            1161,371 
 1581,553      13            1161,687 
 1581,553      13            1162,067 
 1581,553      13            1162,409 
 1581,553      13            1162,752 
 1581,553      13            1163,127 
 1581,553      13            1163,485 
 1581,553      13            1163,854 
 1581,553      13            1164,203 
 1581,553      13            1164,539 
 1581,553      13            1164,886 
 1581,553      13            1165,24 
 1581,553      13            1165,567 
 1581,553      13            1165,96 
 1581,553      13            1166,297 
 1581,553      13            1166,686 
 1581,553      13            1167,067 
 1581,553      13            1167,44 
 1581,553      13            1167,787 
 1581,553      13            1168,17 
 1581,553      13            1168,527 
 1581,553      13            1168,912 
 1581,553      13            1169,269 
 1581,553      13            1169,612 
 1581,553      13            1169,954 
 1581,553      13            1170,293 
 1581,553      13            1170,651 
 1581,553      13            1170,994 
 1581,553      13            1171,357 
 1581,553      13            1171,677 
 1581,553      13            1172,025 
 1581,553      13            1172,394 
 1581,553      13            1172,732 
 1581,553      13            1173,091 
 1581,553      13            1173,432 
 1581,553      13            1173,941 
 1581,553      13            1174,28 
 1581,553      13            1174,64 
 1581,553      13            1174,965 
 1581,553      13            1175,377 
 1581,553      13            1175,717 
 1581,553      13            1176,097 
 1581,553      13            1176,462 
 1581,553      13            1176,801 
 1581,553      13            1177,182 
 1581,553      13            1177,525 
 1581,553      13            1177,958 
 1581,553      13            1178,315 
 1581,553      13            1178,673 
 1581,553      13            1179,041 
 1581,553      13            1179,396 
 1581,553      13            1179,768 
 1581,553      13            1180,149 
 1581,553      13            1180,493 
 1581,553      13            1180,812 
 1581,553      13            1181,161 
 1581,553      13            1181,498 
 1581,553      13            1181,84 
 1581,553      13            1182,216 
 1581,553      13            1182,553 
 1581,553      13            1182,885 
 1581,553      13            1183,252 
 1581,553      13            1183,627 
 1581,553      13            1183,988 
 1581,553      13            1184,338 
 1581,553      13            1184,7 
 1581,553      13            1185,075 
 1581,553      13            1185,448 
 1581,553      13            1185,776 
 1581,553      13            1186,115 
 1581,553      13            1186,461 
 1581,553      13            1186,759 
 1581,553      13            1187,081 
 1581,553      13            1187,453 
 1581,553      13            1187,837 
 1581,553      13            1188,232 
 1581,553      13            1188,602 
 1581,553      13            1188,957 
 1581,553      13            1189,28 
 1581,553      13            1189,626 
 1581,553      13            1189,968 
 1581,553      13            1190,352 
 1581,553      13            1190,737 
 1581,553      13            1191,062 
 1581,553      13            1191,511 
 1581,553      13            1191,87 
 1581,553      13            1192,234 
 1581,553      13            1192,58 
 1581,553      13            1192,882 
 1581,553      13            1193,233 
 1581,553      13            1193,556 
 1581,553      13            1193,913 
 1581,553      13            1194,257 
 1581,553      13            1194,605 
 1581,553      13            1194,962 
 1581,553      13            1195,291 
 1581,553      13            1195,623 
 1581,553      13            1195,954 
 1581,553      13            1196,301 
 1581,553      13            1196,665 
 1581,553      13            1197,018 
 1581,553      13            1197,373 
 1581,553      13            1197,693 
 1581,553      13            1198,031 
 1581,553      13            1198,383 
 1581,553      13            1198,758 
 1581,553      13            1199,077 
 1581,553      13            1199,416 
 1581,553      13            1199,758 
 1581,553      13            1200,099 
 1581,553      13            1200,432 
 1581,553      13            1200,747 
 1581,553      13            1201,133 
 1581,553      13            1201,474 
 1581,553      13            1201,837 
 1581,553      13            1202,173 
 1581,553      13            1202,555 
 1581,553      13            1203,001 
 1581,553      13            1203,325 
 1581,553      13            1203,676 
 1581,553      13            1204,027 
 1581,553      13            1204,356 
 1581,553      13            1204,725 
 1581,553      13            1205,071 
 1581,553      13            1205,43 
 1581,553      13            1205,772 
 1581,553      13            1206,134 
 1581,553      13            1206,509 
 1581,553      13            1206,858 
 1581,553      13            1207,166 
 1581,553      13            1207,533 
 1581,553      13            1207,917 
 1581,553      13            1208,346 
 1581,553      13            1208,833 
 1581,553      13            1209,155 
 1581,553      13            1209,493 
 1581,553      13            1209,834 
 1581,553      13            1210,135 
 1581,553      13            1210,468 
 1581,553      13            1210,854 
 1581,553      13            1211,2 
 1581,553      13            1211,593 
 1581,553      13            1211,991 
 1581,553      13            1212,34 
 1581,553      13            1212,699 
 1581,553      13            1213,014 
 1581,553      13            1213,393 
 1581,553      13            1213,736 
 1581,553      13            1214,091 
 1581,553      13            1214,427 
 1581,553      13            1214,791 
 1581,553      13            1215,14 
 1581,553      13            1215,531 
 1581,553      13            1215,864 
 1581,553      13            1216,216 
 1581,553      13            1216,541 
 1581,553      13            1216,93 
 1581,553      13            1217,284 
 1581,553      13            1217,653 
 1581,553      13            1218,012 
 1581,553      13            1218,351 
 1581,553      13            1218,683 
 1581,553      13            1219,026 
 1581,553      13            1219,331 
 1581,553      13            1219,732 
 1581,553      13            1220,07 
 1581,553      13            1220,463 
 1581,553      13            1220,825 
 1581,553      13            1221,247 
 1581,553      13            1221,645 
 1581,553      13            1221,992 
 1581,553      13            1222,343 
 1581,553      13            1222,692 
 1581,553      13            1223,02 
 1581,553      13            1223,368 
 1581,553      13            1223,697 
 1581,553      13            1224,02 
 1581,553      13            1224,336 
 1581,553      13            1224,668 
 1581,553      13            1224,97 
 1581,553      13            1225,356 
 1581,553      13            1225,689 
 1581,553      13            1226,015 
 1581,553      13            1226,35 
 1581,553      13            1226,702 
 1581,553      13            1227,059 
 1581,553      13            1227,464 
 1581,553      13            1227,811 
 1581,553      13            1228,141 
 1581,553      13            1228,476 
 1581,553      13            1228,865 
 1581,553      13            1229,242 
 1581,553      13            1229,572 
 1581,553      13            1229,925 
 1581,553      13            1230,265 
 1581,553      13            1230,641 
 1581,553      13            1231,01 
 1581,553      13            1231,365 
 1581,553      13            1231,74 
 1581,553      13            1232,086 
 1581,553      13            1232,471 
 1581,553      13            1232,84 
 1581,553      13            1233,195 
 1581,553      13            1233,553 
 1581,553      13            1233,945 
 1581,553      13            1234,297 
 1581,553      13            1234,716 
 1581,553      13            1235,086 
 1581,553      13            1235,405 
 1581,553      13            1235,714 
 1581,553      13            1236,061 
 1581,553      13            1236,383 
 1581,553      13            1236,758 
 1581,553      13            1237,11 
 1581,553      13            1237,464 
 1581,553      13            1237,862 
 1581,553      13            1238,274 
 1581,553      13            1238,629 
 1581,553      13            1239,008 
 1581,553      13            1239,351 
 1581,553      13            1239,713 
 1581,553      13            1240,088 
 1581,553      13            1240,447 
 1581,553      13            1240,792 
 1581,553      13            1241,137 
 1581,553      13            1241,457 
 1581,553      13            1241,789 
 1581,553      13            1242,154 
 1581,553      13            1242,494 
 1581,553      13            1242,875 
 1581,553      13            1243,21 
 1581,553      13            1243,555 
 1581,553      13            1243,999 
 1581,553      13            1244,355 
 1581,553      13            1244,666 
 1581,553      13            1245,014 
 1581,553      13            1245,363 
 1581,553      13            1245,711 
 1581,553      13            1246,11 
 1581,553      13            1246,451 
 1581,553      13            1246,812 
 1581,553      13            1247,156 
 1581,553      13            1247,477 
 1581,553      13            1247,817 
 1581,553      13            1248,188 
 1581,553      13            1248,515 
 1581,553      13            1248,868 
 1581,553      13            1249,223 
 1581,553      13            1249,553 
 1581,553      13            1249,917 
 1581,553      13            1250,283 
 1581,553      13            1250,637 
 1581,553      13            1250,963 
 1581,553      13            1251,357 
 1581,553      13            1251,733 
 1581,553      13            1252,067 
 1581,553      13            1252,411 
 1581,553      13            1252,735 
 1581,553      13            1253,071 
 1581,553      13            1253,425 
 1581,553      13            1253,796 
 1581,553      13            1254,172 
 1581,553      13            1254,486 
 1581,553      13            1254,849 
 1581,553      13            1255,189 
 1581,553      13            1255,557 
 1581,553      13            1255,911 
 1581,553      13            1256,254 
 1581,553      13            1256,625 
 1581,553      13            1257,004 
 1581,553      13            1257,392 
 1581,553      13            1257,715 
 1581,553      13            1258,137 
 1581,553      13            1258,525 
 1581,553      13            1258,91 
 1581,553      13            1259,316 
 1581,553      13            1259,653 
 1581,553      13            1260,022 
 1581,553      13            1260,366 
 1581,553      13            1260,714 
 1581,553      13            1261,059 
 1581,553      13            1261,441 
 1581,553      13            1261,799 
