Costo de la solución:
 1602,07165021252 

1	1	210,366	111	0	59	65	64	66	63	60	56	79	76	73	0
1	2	15,057	43	0	88	111	86	87	0
1	3	188,005	117	0	110	52	54	57	61	62	58	55	53	98	0
1	4	188,151	126	0	97	48	51	50	49	46	47	44	41	37	0
1	5	192,94	84	0	29	36	34	31	30	33	27	23	20	17	0
1	6	174,221	100	0	16	19	22	24	25	28	35	32	26	21	0
1	7	48,121	99	0	102	101	99	100	116	103	104	107	106	105	120	0
1	8	49,811	112	0	119	82	112	84	18	114	94	93	96	95	0
1	9	117,694	163	0	85	5	11	15	14	13	12	8	108	118	90	89	0
1	10	173,136	126	0	115	40	43	45	42	39	38	109	91	92	0
1	11	138,642	171	0	69	70	67	71	74	75	72	78	80	77	68	0
1	12	105,922	123	0	81	2	1	3	4	10	9	7	6	83	113	117	0
1	13	0	0	0	0

Tiempo de ejecución:
 1454,9190625 
