Iteraciones:   1262 

Costo         Vehículos     Tiempo [seg]
 958,606       10            5,843 
 952,1         10            9,671 
 952,1         10            11,843 
 952,1         10            14,733 
 916,928       10            15,733 
 916,928       10            17,312 
 916,928       10            20,358 
 916,928       10            21,671 
 916,928       10            22,624 
 916,928       10            24,483 
 916,928       10            25,796 
 916,928       10            26,874 
 916,928       10            29,437 
 916,928       10            30,452 
 916,928       10            31,562 
 916,928       10            33,015 
 916,928       10            34,452 
 916,928       10            35,515 
 916,928       10            38,249 
 916,928       10            40,077 
 916,928       10            41,327 
 916,928       10            43,093 
 916,928       10            44,765 
 916,928       10            46,28 
 916,928       10            47,327 
 916,928       10            49,53 
 916,928       10            51,593 
 916,928       10            53,53 
 916,928       10            54,593 
 916,928       10            55,577 
 916,928       10            57,093 
 916,928       10            59,327 
 916,928       10            61,03 
 916,928       10            64,077 
 916,928       10            65,702 
 916,928       10            67,093 
 916,928       10            68,405 
 916,928       10            69,593 
 916,928       10            70,53 
 916,928       10            71,905 
 916,928       10            74,155 
 916,928       10            75,39 
 916,928       10            76,78 
 916,928       10            78,14 
 916,928       10            79,265 
 916,928       10            81,28 
 916,928       10            82,28 
 916,928       10            83,952 
 908,313       10            85,202 
 908,313       10            87,327 
 908,313       10            89,03 
 908,313       10            90,265 
 908,313       10            92,468 
 908,313       10            94,015 
 908,313       10            95,905 
 908,313       10            97,155 
 908,313       10            98,593 
 908,313       10            99,843 
 908,313       10            101,015 
 908,313       10            102,952 
 908,313       10            104,765 
 908,313       10            107,093 
 908,313       10            108,03 
 908,313       10            109,78 
 908,313       10            111,905 
 908,313       10            113,265 
 908,313       10            114,577 
 908,313       10            116,952 
 908,313       10            118,89 
 908,313       10            120,765 
 908,313       10            123,53 
 908,313       10            125,64 
 908,313       10            127,702 
 908,313       10            129,03 
 908,313       10            130,655 
 908,313       10            132,343 
 908,313       10            134,843 
 908,313       10            135,952 
 908,313       10            137,202 
 908,313       10            138,655 
 908,313       10            139,78 
 908,313       10            140,733 
 908,313       10            142,358 
 908,313       10            143,921 
 908,313       10            145,687 
 908,313       10            148,108 
 908,313       10            149,812 
 908,313       10            151,171 
 908,313       10            152,858 
 908,313       10            154,499 
 908,313       10            156,296 
 908,313       10            157,358 
 908,313       10            159,874 
 908,313       10            161,124 
 908,313       10            163,983 
 908,313       10            166,046 
 908,313       10            167,562 
 908,313       10            169,796 
 908,313       10            171,983 
 908,313       10            173,499 
 908,313       10            174,749 
 908,313       10            175,921 
 908,313       10            179,187 
 908,313       10            181,483 
 908,313       10            182,983 
 908,313       10            184,187 
 908,313       10            185,546 
 908,313       10            186,733 
 908,313       10            189,062 
 908,313       10            190,437 
 897,593       10            192,78 
 897,593       10            193,983 
 897,593       10            195,546 
 897,593       10            196,968 
 897,593       10            198,03 
 897,593       10            199,483 
 897,593       10            202,405 
 897,593       10            203,468 
 897,593       10            204,546 
 897,593       10            205,608 
 897,593       10            207,468 
 897,593       10            209,405 
 897,593       10            210,655 
 897,593       10            211,343 
 897,593       10            212,155 
 897,593       10            213,28 
 897,593       10            215,218 
 897,593       10            216,218 
 897,593       10            217,171 
 897,593       10            218,905 
 897,593       10            220,28 
 897,593       10            221,483 
 897,593       10            222,968 
 897,593       10            224,358 
 897,593       10            226,093 
 897,593       10            227,046 
 897,593       10            227,968 
 897,593       10            230,968 
 897,593       10            232,155 
 897,593       10            233,233 
 897,593       10            235,155 
 897,593       10            236,171 
 897,593       10            237,546 
 897,593       10            238,593 
 894,589       10            239,655 
 894,589       10            240,796 
 894,589       10            242,343 
 894,589       10            243,171 
 894,589       10            244,046 
 894,589       10            245,108 
 894,589       10            246,155 
 894,589       10            247,218 
 894,589       10            248,968 
 894,589       10            250,421 
 894,589       10            251,343 
 894,589       10            253,78 
 894,589       10            254,483 
 894,589       10            255,483 
 894,589       10            256,358 
 894,589       10            257,483 
 894,589       10            259,108 
 894,589       10            260,968 
 894,589       10            261,858 
 894,589       10            263,733 
 894,589       10            265,233 
 894,589       10            266,468 
 894,589       10            267,593 
 894,589       10            269,28 
 894,589       10            270,233 
 894,589       10            271,343 
 894,589       10            271,968 
 894,589       10            273,358 
 894,589       10            274,843 
 894,589       10            275,905 
 894,589       10            276,655 
 894,589       10            278,733 
 894,589       10            279,921 
 894,589       10            281,593 
 894,589       10            283,233 
 894,589       10            285,046 
 894,589       10            286,421 
 894,589       10            287,405 
 894,589       10            288,843 
 894,589       10            290,093 
 894,589       10            292,218 
 894,589       10            293,343 
 894,589       10            295,03 
 894,589       10            296,421 
 894,589       10            297,608 
 894,589       10            298,53 
 894,589       10            299,296 
 894,589       10            300,718 
 894,589       10            301,405 
 894,589       10            302,421 
 894,589       10            303,218 
 894,589       10            304,733 
 894,589       10            306,155 
 894,589       10            307,046 
 894,589       10            308,405 
 894,589       10            310,155 
 894,589       10            311,171 
 894,589       10            312,53 
 894,589       10            313,78 
 894,589       10            314,858 
 894,589       10            316,296 
 889,115       10            317,608 
 889,115       10            318,968 
 889,115       10            320,437 
 889,115       10            322,358 
 889,115       10            323,546 
 889,115       10            325,187 
 889,115       10            326,124 
 889,115       10            327,124 
 889,115       10            328,358 
 889,115       10            329,546 
 889,115       10            330,749 
 889,115       10            331,749 
 889,115       10            333,171 
 889,115       10            335,046 
 889,115       10            336,312 
 889,115       10            337,296 
 889,115       10            339,437 
 889,115       10            341,108 
 889,115       10            344,812 
 889,115       10            345,562 
 889,115       10            347,046 
 889,115       10            348,171 
 889,115       10            349,687 
 889,115       10            350,483 
 889,115       10            351,749 
 889,115       10            353,421 
 889,115       10            354,249 
 889,115       10            355,624 
 889,115       10            356,374 
 889,115       10            357,733 
 889,115       10            358,374 
 889,115       10            359,562 
 889,115       10            360,421 
 889,115       10            361,187 
 889,115       10            362,296 
 889,115       10            363,687 
 889,115       10            365,358 
 889,115       10            367,312 
 889,115       10            369,124 
 889,115       10            370,937 
 889,115       10            371,687 
 889,115       10            372,983 
 889,115       10            374,171 
 889,115       10            374,999 
 889,115       10            376,858 
 889,115       10            377,733 
 889,115       10            378,608 
 889,115       10            379,999 
 889,115       10            381,358 
 889,115       10            382,671 
 889,115       10            384,999 
 889,115       10            385,983 
 889,115       10            386,858 
 889,115       10            389,187 
 889,115       10            390,874 
 889,115       10            392,171 
 880,867       10            393,499 
 880,867       10            394,733 
 880,867       10            396,312 
 880,867       10            397,546 
 880,867       10            399,312 
 880,867       10            400,374 
 880,867       10            402,233 
 880,867       10            403,733 
 880,867       10            405,046 
 880,867       10            406,108 
 880,867       10            407,374 
 880,867       10            408,421 
 880,867       10            409,483 
 880,867       10            410,874 
 880,867       10            411,624 
 880,867       10            412,483 
 880,867       10            414,124 
 880,867       10            415,608 
 880,867       10            417,249 
 880,867       10            419,624 
 880,867       10            420,858 
 880,867       10            422,171 
 880,867       10            423,233 
 880,867       10            424,233 
 880,867       10            425,499 
 880,867       10            426,624 
 880,867       10            428,624 
 880,867       10            429,358 
 880,867       10            431,374 
 880,867       10            433,233 
 880,867       10            434,421 
 880,867       10            436,233 
 880,867       10            437,374 
 880,867       10            438,733 
 880,867       10            439,358 
 880,867       10            440,499 
 880,867       10            441,483 
 880,867       10            442,249 
 880,867       10            443,233 
 880,867       10            444,796 
 880,867       10            446,233 
 880,867       10            447,249 
 880,867       10            449,312 
 880,867       10            451,233 
 880,867       10            452,421 
 880,867       10            453,733 
 880,867       10            455,124 
 880,867       10            456,421 
 880,867       10            457,733 
 880,867       10            460,062 
 880,867       10            461,749 
 880,867       10            462,546 
 880,867       10            463,358 
 880,867       10            464,296 
 880,867       10            465,233 
 880,867       10            466,546 
 880,867       10            467,624 
 880,867       10            468,499 
 880,867       10            469,671 
 880,867       10            471,546 
 880,867       10            473,483 
 880,867       10            474,358 
 880,867       10            475,437 
 880,867       10            476,749 
 880,867       10            478,124 
 880,867       10            479,624 
 880,867       10            481,108 
 880,867       10            482,233 
 880,867       10            483,812 
 880,867       10            485,608 
 880,867       10            487,108 
 880,867       10            488,187 
 880,867       10            489,812 
 880,867       10            491,437 
 880,867       10            492,687 
 880,867       10            493,921 
 880,867       10            495,124 
 880,867       10            496,187 
 880,867       10            497,624 
 880,867       10            499,046 
 880,867       10            500,187 
 880,867       10            501,671 
 880,867       10            502,437 
 880,867       10            503,499 
 880,867       10            504,437 
 880,867       10            506,812 
 880,867       10            508,437 
 880,867       10            510,046 
 880,867       10            510,812 
 880,867       10            512,483 
 880,867       10            513,671 
 880,867       10            514,671 
 880,867       10            515,812 
 880,867       10            517,499 
 880,867       10            519,046 
 880,867       10            520,937 
 880,867       10            522,687 
 880,867       10            523,874 
 880,867       10            525,124 
 880,867       10            525,999 
 880,867       10            527,187 
 880,867       10            528,249 
 880,867       10            529,608 
 880,867       10            530,374 
 880,867       10            532,171 
 880,867       10            533,921 
 880,867       10            534,733 
 880,867       10            535,858 
 880,867       10            537,374 
 880,867       10            539,171 
 880,867       10            540,796 
 880,867       10            542,546 
 880,867       10            544,374 
 880,867       10            545,874 
 880,867       10            546,796 
 880,867       10            547,983 
 880,867       10            549,249 
 880,867       10            550,249 
 880,867       10            551,921 
 880,867       10            552,858 
 880,867       10            553,796 
 880,867       10            556,062 
 880,867       10            557,046 
 880,867       10            558,124 
 880,867       10            559,671 
 880,867       10            560,562 
 880,867       10            561,874 
 880,867       10            562,937 
 880,867       10            563,983 
 880,867       10            564,874 
 880,867       10            566,046 
 880,867       10            567,483 
 880,867       10            568,296 
 880,867       10            570,108 
 880,867       10            571,296 
 880,867       10            572,733 
 880,867       10            573,858 
 880,867       10            574,812 
 880,867       10            576,046 
 880,867       10            576,983 
 880,867       10            577,999 
 880,867       10            578,608 
 880,867       10            579,937 
 880,867       10            580,858 
 880,867       10            582,312 
 880,867       10            583,483 
 880,867       10            586,421 
 880,867       10            587,858 
 880,867       10            589,499 
 880,867       10            591,358 
 880,867       10            592,796 
 880,867       10            594,108 
 880,867       10            595,608 
 880,867       10            596,874 
 880,867       10            597,983 
 880,867       10            599,187 
 880,867       10            600,608 
 880,867       10            601,671 
 880,867       10            602,749 
 880,867       10            603,608 
 880,867       10            604,983 
 880,867       10            606,608 
 880,867       10            608,421 
 880,867       10            609,687 
 880,867       10            610,874 
 880,867       10            611,921 
 880,867       10            612,624 
 880,867       10            614,312 
 880,867       10            615,483 
 880,867       10            617,374 
 880,867       10            618,108 
 880,867       10            619,171 
 880,867       10            620,437 
 880,867       10            622,108 
 880,867       10            624,124 
 880,867       10            625,796 
 880,867       10            628,124 
 880,867       10            630,062 
 880,867       10            631,983 
 880,867       10            632,608 
 880,867       10            634,062 
 880,867       10            634,858 
 880,867       10            635,874 
 880,867       10            638,546 
 880,867       10            640,733 
 880,867       10            642,687 
 880,867       10            644,624 
 880,867       10            646,046 
 880,867       10            647,983 
 880,867       10            649,062 
 880,867       10            650,483 
 880,867       10            651,624 
 880,867       10            653,374 
 880,867       10            656,062 
 880,867       10            656,983 
 880,867       10            657,937 
 880,867       10            658,921 
 880,867       10            659,733 
 880,867       10            661,108 
 880,867       10            662,421 
 880,867       10            663,921 
 880,867       10            666,062 
 880,867       10            667,749 
 880,867       10            669,562 
 880,867       10            670,546 
 880,867       10            671,608 
 880,867       10            672,624 
 880,867       10            673,812 
 880,867       10            675,421 
 880,867       10            677,421 
 880,867       10            678,608 
 880,867       10            679,937 
 880,867       10            682,249 
 880,867       10            682,858 
 880,867       10            684,687 
 880,867       10            686,108 
 880,867       10            686,937 
 880,867       10            688,812 
 880,867       10            689,624 
 880,867       10            691,233 
 880,867       10            693,608 
 880,867       10            694,608 
 880,867       10            695,921 
 880,867       10            697,062 
 880,867       10            698,296 
 880,867       10            699,562 
 880,867       10            700,358 
 880,867       10            701,499 
 880,867       10            702,483 
 880,867       10            703,671 
 880,867       10            704,562 
 880,867       10            706,296 
 880,867       10            707,062 
 880,867       10            708,733 
 880,867       10            710,374 
 880,867       10            711,312 
 880,867       10            713,233 
 880,867       10            713,858 
 880,867       10            715,062 
 880,867       10            716,421 
 880,867       10            718,046 
 880,867       10            719,483 
 880,867       10            720,624 
 880,867       10            721,796 
 880,867       10            723,062 
 880,867       10            724,171 
 880,867       10            724,983 
 880,867       10            726,546 
 880,867       10            728,108 
 880,867       10            729,046 
 880,867       10            731,421 
 880,867       10            732,937 
 880,867       10            734,437 
 880,867       10            735,374 
 880,867       10            736,437 
 880,867       10            737,812 
 880,867       10            738,937 
 880,867       10            740,562 
 880,867       10            741,687 
 880,867       10            742,687 
 880,867       10            744,749 
 880,867       10            746,437 
 880,867       10            748,796 
 880,867       10            750,046 
 880,867       10            750,796 
 880,867       10            752,358 
 880,867       10            753,437 
 880,867       10            754,858 
 880,867       10            756,046 
 880,867       10            757,546 
 880,867       10            759,437 
 880,867       10            760,062 
 880,867       10            762,046 
 880,867       10            763,312 
 880,867       10            765,046 
 880,867       10            766,233 
 880,867       10            767,062 
 880,867       10            768,812 
 880,867       10            769,796 
 880,867       10            771,483 
 880,867       10            772,999 
 880,867       10            774,608 
 880,867       10            775,874 
 880,867       10            776,874 
 880,867       10            778,312 
 880,867       10            779,983 
 880,867       10            781,374 
 880,867       10            782,312 
 880,867       10            783,812 
 880,867       10            785,046 
 880,867       10            786,562 
 880,867       10            787,562 
 880,867       10            789,671 
 880,867       10            791,374 
 880,867       10            793,108 
 880,867       10            794,421 
 880,867       10            795,812 
 880,867       10            796,858 
 880,867       10            799,312 
 880,867       10            801,108 
 880,867       10            801,812 
 880,867       10            803,233 
 880,867       10            805,421 
 880,867       10            806,562 
 880,867       10            807,374 
 880,867       10            808,608 
 880,867       10            810,124 
 880,867       10            811,671 
 880,867       10            812,624 
 880,867       10            813,937 
 880,867       10            815,233 
 880,867       10            816,249 
 880,867       10            817,124 
 880,867       10            818,687 
 880,867       10            820,249 
 880,867       10            821,827 
 880,867       10            822,858 
 880,867       10            824,296 
 880,867       10            825,358 
 880,867       10            826,546 
 880,867       10            827,14 
 880,867       10            828,249 
 880,867       10            830,015 
 880,867       10            830,89 
 880,867       10            831,687 
 880,867       10            833,483 
 880,867       10            834,749 
 880,867       10            835,812 
 880,867       10            836,64 
 880,867       10            838,155 
 880,867       10            838,655 
 880,867       10            839,343 
 880,867       10            840,499 
 880,867       10            841,655 
 880,867       10            842,858 
 880,867       10            843,577 
 880,867       10            844,296 
 880,867       10            845,718 
 880,867       10            847,077 
 880,867       10            847,718 
 880,867       10            849,015 
 880,867       10            850,046 
 880,867       10            850,858 
 880,867       10            851,515 
 880,867       10            852,593 
 880,867       10            853,718 
 880,867       10            854,546 
 880,867       10            856,14 
 880,867       10            856,796 
 880,867       10            857,452 
 880,867       10            858,78 
 880,867       10            860,187 
 880,867       10            861,327 
 880,867       10            861,905 
 880,867       10            863,155 
 880,867       10            864,905 
 880,867       10            866,202 
 880,867       10            867,577 
 880,867       10            868,218 
 880,867       10            869,515 
 880,867       10            870,515 
 880,867       10            872,358 
 880,867       10            873,718 
 880,867       10            875,093 
 880,867       10            876,374 
 880,867       10            877,202 
 880,867       10            878,562 
 880,867       10            879,624 
 880,867       10            881,796 
 880,867       10            883,062 
 880,867       10            884,187 
 880,867       10            884,983 
 880,867       10            885,718 
 880,867       10            887,155 
 880,867       10            889,437 
 880,867       10            890,608 
 880,867       10            892,046 
 880,867       10            892,796 
 880,867       10            893,64 
 880,867       10            895,062 
 880,867       10            896,593 
 880,867       10            897,702 
 880,867       10            898,327 
 880,867       10            899,28 
 880,867       10            900,53 
 880,867       10            901,452 
 880,867       10            902,468 
 880,867       10            903,655 
 880,867       10            904,671 
 880,867       10            905,718 
 880,867       10            906,483 
 880,867       10            908,202 
 880,867       10            909,53 
 880,867       10            910,468 
 880,867       10            911,64 
 880,867       10            912,499 
 880,867       10            913,437 
 880,867       10            914,374 
 880,867       10            915,515 
 880,867       10            916,327 
 880,867       10            917,405 
 880,867       10            918,702 
 880,867       10            920,546 
 880,867       10            922,108 
 880,867       10            923,796 
 880,867       10            926,187 
 880,867       10            927,437 
 880,867       10            928,687 
 880,867       10            929,687 
 880,867       10            931,546 
 880,867       10            932,546 
 880,867       10            933,312 
 880,867       10            934,421 
 880,867       10            935,89 
 880,867       10            937,452 
 880,867       10            939,14 
 880,867       10            940,124 
 880,867       10            941,14 
 880,867       10            942,249 
 880,867       10            943,374 
 880,867       10            944,812 
 880,867       10            945,577 
 880,867       10            946,437 
 880,867       10            948,437 
 880,867       10            950,124 
 880,867       10            952,077 
 880,867       10            952,874 
 880,867       10            954,577 
 880,867       10            956,874 
 880,867       10            957,952 
 880,867       10            959,124 
 880,867       10            959,937 
 880,867       10            961,218 
 880,867       10            962,312 
 880,867       10            965,452 
 880,867       10            966,53 
 880,867       10            968,655 
 880,867       10            969,718 
 880,867       10            971,593 
 880,867       10            972,327 
 880,867       10            973,968 
 880,867       10            975,39 
 880,867       10            976,858 
 880,867       10            977,999 
 880,867       10            979,249 
 880,867       10            980,687 
 880,867       10            982,749 
 880,867       10            984,202 
 880,867       10            985,249 
 880,867       10            986,327 
 880,867       10            988,577 
 880,867       10            990,265 
 880,867       10            992,249 
 880,867       10            994,187 
 880,867       10            995,14 
 880,867       10            996,562 
 880,867       10            997,702 
 880,867       10            998,874 
 880,867       10            1000,14 
 880,867       10            1001,187 
 880,867       10            1002,499 
 880,867       10            1004,327 
 880,867       10            1005,89 
 880,867       10            1007,702 
 880,867       10            1009,499 
 880,867       10            1010,687 
 880,867       10            1012,874 
 880,867       10            1015,39 
 880,867       10            1016,812 
 880,867       10            1018,437 
 880,867       10            1019,187 
 880,867       10            1020,312 
 880,867       10            1022,374 
 880,867       10            1023,312 
 880,867       10            1024,374 
 880,867       10            1025,437 
 880,867       10            1026,374 
 880,867       10            1028,874 
 880,867       10            1030,015 
 880,867       10            1031,577 
 880,867       10            1033,327 
 880,867       10            1034,937 
 880,867       10            1035,952 
 880,867       10            1036,937 
 880,867       10            1037,874 
 880,867       10            1038,89 
 880,867       10            1040,687 
 880,867       10            1041,952 
 880,867       10            1043,374 
 880,867       10            1044,437 
 880,867       10            1045,312 
 880,867       10            1046,499 
 880,867       10            1047,452 
 880,867       10            1048,937 
 880,867       10            1049,749 
 880,867       10            1051,327 
 880,867       10            1052,765 
 880,867       10            1054,265 
 880,867       10            1055,015 
 880,867       10            1056,077 
 880,867       10            1057,187 
 880,867       10            1058,499 
 880,867       10            1059,937 
 880,867       10            1061,937 
 880,867       10            1062,687 
 880,867       10            1064,015 
 880,867       10            1065,077 
 880,867       10            1066,14 
 880,867       10            1067,827 
 880,867       10            1068,765 
 880,867       10            1070,14 
 880,867       10            1070,999 
 880,867       10            1072,452 
 880,867       10            1073,437 
 880,867       10            1074,702 
 880,867       10            1075,812 
 880,867       10            1076,999 
 880,867       10            1077,749 
 880,867       10            1078,64 
 880,867       10            1079,827 
 880,867       10            1080,999 
 880,867       10            1083,202 
 880,867       10            1084,312 
 880,867       10            1086,452 
 880,867       10            1087,249 
 880,867       10            1088,39 
 880,867       10            1090,124 
 880,867       10            1091,124 
 880,867       10            1091,89 
 880,867       10            1093,577 
 880,867       10            1094,452 
 880,867       10            1095,374 
 880,867       10            1096,515 
 880,867       10            1097,327 
 880,867       10            1098,374 
 880,867       10            1099,952 
 880,867       10            1100,874 
 880,867       10            1102,827 
 880,867       10            1104,124 
 880,867       10            1105,374 
 880,867       10            1106,499 
 880,867       10            1108,124 
 880,867       10            1109,015 
 880,867       10            1110,702 
 880,867       10            1112,062 
 880,867       10            1112,952 
 880,867       10            1114,562 
 880,867       10            1116,312 
 880,867       10            1118,062 
 880,867       10            1119,03 
 880,867       10            1120,624 
 880,867       10            1121,562 
 880,867       10            1122,983 
 880,867       10            1123,827 
 880,867       10            1124,718 
 880,867       10            1125,687 
 880,867       10            1126,546 
 880,867       10            1127,671 
 880,867       10            1128,952 
 880,867       10            1130,546 
 880,867       10            1132,343 
 880,867       10            1133,718 
 880,867       10            1134,624 
 880,867       10            1135,374 
 880,867       10            1136,249 
 880,867       10            1137,53 
 880,867       10            1138,499 
 880,867       10            1139,687 
 880,867       10            1140,827 
 880,867       10            1143,39 
 880,867       10            1144,202 
 880,867       10            1145,265 
 880,867       10            1146,374 
 880,867       10            1147,312 
 880,867       10            1148,624 
 880,867       10            1151,312 
 880,867       10            1153,296 
 880,867       10            1154,921 
 880,867       10            1156,155 
 880,867       10            1157,858 
 880,867       10            1159,171 
 880,867       10            1160,108 
 880,867       10            1162,28 
 880,867       10            1164,343 
 880,867       10            1165,296 
 880,867       10            1167,046 
 880,867       10            1167,905 
 880,867       10            1168,796 
 880,867       10            1169,733 
 880,867       10            1170,593 
 880,867       10            1171,858 
 880,867       10            1173,046 
 880,867       10            1174,812 
 880,867       10            1175,874 
 880,867       10            1177,421 
 880,867       10            1178,499 
 880,867       10            1179,687 
 880,867       10            1180,796 
 880,867       10            1181,624 
 880,867       10            1182,874 
 880,867       10            1183,874 
 880,867       10            1185,171 
 880,867       10            1186,374 
 880,867       10            1187,499 
 880,867       10            1188,89 
 880,867       10            1191,718 
 880,867       10            1193,03 
 880,867       10            1194,999 
 880,867       10            1197,265 
 880,867       10            1198,405 
 880,867       10            1199,468 
 880,867       10            1200,827 
 880,867       10            1202,405 
 880,867       10            1204,265 
 880,867       10            1205,921 
 880,867       10            1207,39 
 880,867       10            1209,874 
 880,867       10            1211,062 
 880,867       10            1212,249 
 880,867       10            1213,249 
 880,867       10            1213,937 
 880,867       10            1214,702 
 880,867       10            1216,515 
 880,867       10            1217,89 
 880,867       10            1219,015 
 880,867       10            1219,874 
 880,867       10            1221,874 
 880,867       10            1223,015 
 880,867       10            1224,39 
 880,867       10            1226,124 
 880,867       10            1226,999 
 880,867       10            1228,827 
 880,867       10            1230,515 
 880,867       10            1231,702 
 880,867       10            1233,14 
 880,867       10            1234,624 
 880,867       10            1235,515 
 880,867       10            1236,812 
 880,867       10            1237,749 
 880,867       10            1238,499 
 880,867       10            1240,437 
 880,867       10            1241,624 
 880,867       10            1242,952 
 880,867       10            1244,624 
 880,867       10            1245,812 
 880,867       10            1246,765 
 880,867       10            1247,562 
 880,867       10            1248,577 
 880,867       10            1250,015 
 880,867       10            1251,812 
 880,867       10            1253,062 
 880,867       10            1254,827 
 880,867       10            1256,312 
 880,867       10            1257,999 
 880,867       10            1259,827 
 880,867       10            1260,937 
 880,867       10            1262,249 
 880,867       10            1263,702 
 880,867       10            1264,874 
 880,867       10            1266,202 
 880,867       10            1267,702 
 880,867       10            1268,952 
 880,867       10            1270,249 
 880,867       10            1271,39 
 880,867       10            1272,515 
 880,867       10            1273,515 
 880,867       10            1274,312 
 880,867       10            1275,624 
 880,867       10            1276,749 
 880,867       10            1277,765 
 880,867       10            1278,765 
 880,867       10            1280,14 
 880,867       10            1281,624 
 880,867       10            1282,515 
 880,867       10            1283,64 
 880,867       10            1284,64 
 880,867       10            1286,015 
 880,867       10            1287,327 
 880,867       10            1288,687 
 880,867       10            1289,624 
 880,867       10            1291,452 
 880,867       10            1293,89 
 880,867       10            1295,124 
 880,867       10            1296,124 
 880,867       10            1297,515 
 880,867       10            1299,124 
 880,867       10            1300,952 
 880,867       10            1302,249 
 880,867       10            1304,077 
 880,867       10            1305,39 
 880,867       10            1306,515 
 880,867       10            1308,062 
 880,867       10            1308,952 
 880,867       10            1309,999 
 880,867       10            1311,14 
 880,867       10            1312,562 
 880,867       10            1313,749 
 880,867       10            1314,765 
 880,867       10            1315,624 
 880,867       10            1317,624 
 880,867       10            1318,999 
 880,867       10            1320,452 
 880,867       10            1321,327 
 880,867       10            1322,062 
 880,867       10            1323,249 
 880,867       10            1324,202 
 880,867       10            1325,265 
 880,867       10            1326,312 
 880,867       10            1327,577 
 880,867       10            1329,077 
 880,867       10            1330,562 
 880,867       10            1331,577 
 880,867       10            1333,265 
 880,867       10            1334,39 
 880,867       10            1335,702 
 880,867       10            1336,624 
 880,867       10            1338,312 
 880,867       10            1339,812 
 880,867       10            1340,843 
 880,867       10            1341,827 
 880,867       10            1342,702 
 880,867       10            1343,468 
 880,867       10            1344,405 
 880,867       10            1345,593 
 880,867       10            1347,155 
 880,867       10            1348,046 
 880,867       10            1348,983 
 880,867       10            1350,093 
 880,867       10            1350,921 
 880,867       10            1352,093 
 880,867       10            1353,546 
 880,867       10            1355,405 
 880,867       10            1357,733 
 880,867       10            1360,28 
 880,867       10            1361,843 
 880,867       10            1363,718 
 880,867       10            1365,405 
 880,867       10            1366,483 
 880,867       10            1367,468 
 880,867       10            1368,968 
 880,867       10            1369,843 
 880,867       10            1371,483 
 880,867       10            1372,718 
 880,867       10            1374,108 
 880,867       10            1375,358 
 880,867       10            1376,624 
 880,867       10            1377,327 
 880,867       10            1379,421 
 880,867       10            1381,28 
 880,867       10            1382,577 
 880,867       10            1384,202 
 880,867       10            1384,952 
 880,867       10            1386,202 
 880,867       10            1387,437 
 880,867       10            1389,124 
 880,867       10            1390,077 
 880,867       10            1391,077 
 880,867       10            1392,89 
 880,867       10            1394,577 
 880,867       10            1395,687 
 880,867       10            1397,937 
 880,867       10            1399,952 
 880,867       10            1401,452 
 880,867       10            1402,624 
 880,867       10            1403,765 
 880,867       10            1404,687 
 880,867       10            1405,999 
 880,867       10            1406,952 
 880,867       10            1409,124 
 880,867       10            1410,812 
 880,867       10            1411,812 
 880,867       10            1413,124 
 880,867       10            1414,89 
 880,867       10            1416,062 
 880,867       10            1417,187 
 880,867       10            1419,077 
 880,867       10            1420,515 
 880,867       10            1421,312 
 880,867       10            1423,202 
 880,867       10            1424,187 
 880,867       10            1425,202 
 880,867       10            1426,452 
 880,867       10            1427,827 
 880,867       10            1428,655 
 880,867       10            1429,718 
 880,867       10            1431,265 
 880,867       10            1432,015 
 880,867       10            1433,39 
 880,867       10            1435,265 
 880,867       10            1436,718 
 880,867       10            1437,405 
 880,867       10            1438,577 
 880,867       10            1439,827 
 880,867       10            1441,468 
 880,867       10            1442,405 
 880,867       10            1443,64 
 880,867       10            1445,468 
 880,867       10            1446,593 
 880,867       10            1448,03 
 880,867       10            1449,202 
 880,867       10            1450,702 
 880,867       10            1451,702 
 880,867       10            1452,765 
 880,867       10            1454,343 
 880,867       10            1456,077 
 880,867       10            1457,28 
 880,867       10            1458,843 
 880,867       10            1459,843 
 880,867       10            1461,077 
 880,867       10            1462,14 
 880,867       10            1463,827 
 880,867       10            1465,03 
 880,867       10            1466,14 
 880,867       10            1467,952 
 880,867       10            1469,327 
 880,867       10            1470,452 
 880,867       10            1472,14 
 880,867       10            1473,53 
 880,867       10            1475,89 
 880,867       10            1477,405 
 880,867       10            1478,515 
 880,867       10            1479,827 
 880,867       10            1481,405 
 880,867       10            1483,077 
 880,867       10            1484,718 
 880,867       10            1486,64 
 880,867       10            1488,343 
 880,867       10            1489,655 
 880,867       10            1490,905 
 880,867       10            1492,343 
 880,867       10            1493,405 
 880,867       10            1494,515 
 880,867       10            1495,702 
 880,867       10            1496,593 
 880,867       10            1498,155 
 880,867       10            1499,64 
 880,867       10            1500,952 
 880,867       10            1502,577 
 880,867       10            1504,53 
 880,867       10            1505,468 
 880,867       10            1507,577 
 880,867       10            1509,53 
 880,867       10            1511,343 
 880,867       10            1513,14 
 880,867       10            1515,39 
 880,867       10            1516,39 
 880,867       10            1518,093 
 880,867       10            1519,452 
 880,867       10            1520,968 
 880,867       10            1521,89 
 880,867       10            1522,765 
 880,867       10            1524,015 
 880,867       10            1526,093 
 880,867       10            1527,593 
 880,867       10            1528,64 
 880,867       10            1529,64 
 880,867       10            1531,452 
 880,867       10            1533,952 
 880,867       10            1535,64 
 880,867       10            1536,843 
 880,867       10            1538,405 
 880,867       10            1539,452 
 880,867       10            1541,077 
 880,867       10            1542,515 
 880,867       10            1543,827 
 880,867       10            1544,968 
 880,867       10            1546,265 
 880,867       10            1547,265 
 880,867       10            1549,015 
 880,867       10            1549,905 
 880,867       10            1552,155 
 880,867       10            1553,64 
 880,867       10            1554,515 
 880,867       10            1555,327 
 880,867       10            1556,155 
 880,867       10            1557,202 
 880,867       10            1558,14 
 880,867       10            1559,968 
 880,867       10            1561,89 
 880,867       10            1563,015 
 880,867       10            1564,53 
 880,867       10            1565,905 
 880,867       10            1567,577 
 880,867       10            1568,515 
 880,867       10            1569,218 
 880,867       10            1570,515 
 880,867       10            1572,077 
 880,867       10            1573,202 
 880,867       10            1574,405 
 880,867       10            1575,905 
 880,867       10            1577,077 
 880,867       10            1578,015 
 880,867       10            1579,327 
 880,867       10            1580,765 
 880,867       10            1582,577 
 880,867       10            1583,64 
 880,867       10            1585,39 
 880,867       10            1586,343 
 880,867       10            1588,702 
 880,867       10            1590,015 
 880,867       10            1591,78 
 880,867       10            1593,343 
 880,867       10            1594,515 
 880,867       10            1595,78 
 880,867       10            1596,452 
 880,867       10            1598,515 
 880,867       10            1599,577 
 880,867       10            1600,468 
 880,867       10            1601,593 
 880,867       10            1602,89 
 880,867       10            1603,89 
 880,867       10            1604,89 
 880,867       10            1606,202 
 880,867       10            1607,53 
 880,867       10            1609,077 
 880,867       10            1610,702 
 880,867       10            1611,952 
 880,867       10            1613,593 
 880,867       10            1614,718 
 880,867       10            1616,218 
 880,867       10            1617,468 
 880,867       10            1618,577 
 880,867       10            1619,827 
 880,867       10            1620,89 
 880,867       10            1621,702 
 880,867       10            1622,765 
 880,867       10            1624,718 
 880,867       10            1625,905 
 880,867       10            1627,28 
 880,867       10            1628,28 
 880,867       10            1628,968 
 880,867       10            1630,655 
 880,867       10            1631,765 
 880,867       10            1632,78 
 880,867       10            1634,843 
 880,867       10            1635,905 
 880,867       10            1637,015 
 880,867       10            1637,827 
 880,867       10            1639,468 
 880,867       10            1640,905 
 880,867       10            1642,218 
 880,867       10            1643,327 
 880,867       10            1645,28 
 880,867       10            1646,28 
 880,867       10            1647,593 
 880,867       10            1649,202 
 880,867       10            1651,015 
 880,867       10            1652,077 
 880,867       10            1653,343 
 880,867       10            1654,39 
 880,867       10            1656,655 
 880,867       10            1658,343 
 880,867       10            1660,327 
 880,867       10            1661,405 
 880,867       10            1662,577 
 880,867       10            1664,093 
 880,867       10            1665,843 
 880,867       10            1666,515 
 880,867       10            1667,718 
 880,867       10            1668,843 
 880,867       10            1671,405 
 880,867       10            1673,28 
 880,867       10            1675,14 
 880,867       10            1676,827 
 880,867       10            1677,843 
 880,867       10            1679,077 
 880,867       10            1680,765 
 880,867       10            1681,78 
 880,867       10            1682,64 
 880,867       10            1683,702 
 880,867       10            1685,53 
 880,867       10            1686,765 
 880,867       10            1687,89 
 880,867       10            1688,905 
 880,867       10            1690,155 
 880,867       10            1691,577 
 880,867       10            1692,952 
 880,867       10            1694,39 
 880,867       10            1696,093 
 880,867       10            1697,702 
 880,867       10            1698,905 
 880,867       10            1700,53 
 880,867       10            1702,28 
 880,867       10            1703,452 
 880,867       10            1705,577 
 880,867       10            1706,952 
 880,867       10            1708,14 
 880,867       10            1710,64 
 880,867       10            1711,53 
 880,867       10            1713,343 
 880,867       10            1714,515 
 880,867       10            1715,28 
 880,867       10            1716,78 
 880,867       10            1718,093 
 880,867       10            1719,89 
 880,867       10            1721,64 
 880,867       10            1722,952 
 880,867       10            1723,905 
 880,867       10            1724,89 
 880,867       10            1726,265 
 880,867       10            1727,64 
