Costo de la solución:
 838,891183804137 

1	1	123,456	192	0	27	69	1	70	30	20	66	65	71	35	34	78	3	77	76	0
1	2	144,49	199	0	31	10	32	90	63	64	49	36	47	46	8	45	83	18	0
1	3	116,234	198	0	58	73	75	56	23	67	39	25	55	4	54	26	0
1	4	90,471	190	0	94	95	97	92	37	100	14	38	44	91	98	59	96	0
1	5	83,284	195	0	89	60	5	84	17	86	16	61	85	93	99	6	0
1	6	100,615	173	0	13	87	42	43	15	57	2	41	22	74	72	21	40	53	0
1	7	81,368	123	0	88	62	11	19	48	82	7	52	0
1	8	98,968	188	0	50	51	9	81	33	79	29	24	68	80	12	28	0
1	9	0	0	0	0
1	10	0	0	0	0

Tiempo de ejecución:
 1840,182625 
