Iteraciones:   1560 

Costo         Vehículos     Tiempo [seg]
 1991,414      13            1,67 
 1786,011      13            3,749 
 1786,011      13            5,717 
 1786,011      13            7,202 
 1780,09       13            8,53 
 1664,39       13            9,889 
 1664,39       13            11,202 
 1664,39       13            12,499 
 1664,39       13            13,827 
 1664,39       13            15,139 
 1664,39       13            16,483 
 1664,39       13            17,842 
 1664,39       13            19,092 
 1664,39       13            20,467 
 1664,39       13            21,655 
 1664,39       13            22,874 
 1651,095      13            24,124 
 1608,661      13            25,436 
 1608,661      13            26,639 
 1608,661      13            27,889 
 1608,661      13            29,092 
 1605,152      13            30,327 
 1605,152      13            31,577 
 1605,152      13            33,733 
 1605,152      13            36,717 
 1605,152      13            37,999 
 1605,152      13            39,264 
 1605,152      13            40,53 
 1605,152      13            41,733 
 1605,152      13            43,108 
 1605,152      13            44,342 
 1605,152      13            45,717 
 1605,152      13            47,124 
 1605,152      13            48,405 
 1605,152      13            49,702 
 1605,152      13            51,014 
 1605,152      13            52,28 
 1605,152      13            53,577 
 1605,152      13            54,827 
 1605,152      13            56,092 
 1605,152      13            57,42 
 1605,152      13            58,67 
 1605,152      13            59,92 
 1605,152      13            61,17 
 1605,152      13            62,42 
 1605,152      13            63,749 
 1605,152      13            65,061 
 1605,152      13            66,42 
 1605,152      13            67,686 
 1605,152      13            68,983 
 1605,152      13            70,233 
 1605,152      13            71,499 
 1605,152      13            72,733 
 1605,152      13            74,061 
 1605,152      13            75,358 
 1605,152      13            76,561 
 1605,152      13            77,999 
 1605,152      13            79,295 
 1605,152      13            80,545 
 1605,152      13            81,874 
 1605,152      13            83,17 
 1605,152      13            84,436 
 1605,152      13            85,67 
 1605,152      13            86,983 
 1605,152      13            88,249 
 1605,152      13            89,499 
 1605,152      13            90,749 
 1605,152      13            91,936 
 1605,152      13            93,186 
 1605,152      13            94,561 
 1605,152      13            95,811 
 1605,152      13            97,061 
 1605,152      13            98,295 
 1605,152      13            99,545 
 1605,152      13            100,811 
 1605,152      13            102,077 
 1605,152      13            103,327 
 1605,152      13            104,686 
 1605,152      13            105,936 
 1605,152      13            107,186 
 1605,152      13            108,436 
 1605,152      13            109,702 
 1605,152      13            110,952 
 1605,152      13            112,249 
 1605,152      13            113,561 
 1605,152      13            114,811 
 1605,152      13            116,124 
 1605,152      13            117,436 
 1605,152      13            118,764 
 1605,152      13            119,999 
 1605,152      13            121,311 
 1605,152      13            122,514 
 1605,152      13            123,827 
 1605,152      13            125,061 
 1605,152      13            126,327 
 1605,152      13            127,514 
 1605,152      13            128,874 
 1605,152      13            130,077 
 1605,152      13            131,311 
 1605,152      13            132,577 
 1605,152      13            133,827 
 1605,152      13            135,061 
 1605,152      13            136,264 
 1605,152      13            137,499 
 1605,152      13            138,749 
 1605,152      13            139,999 
 1605,152      13            141,374 
 1605,152      13            142,624 
 1605,152      13            143,889 
 1605,152      13            145,186 
 1605,152      13            146,452 
 1605,152      13            147,717 
 1605,152      13            149,03 
 1605,152      13            150,389 
 1605,152      13            151,655 
 1605,152      13            152,905 
 1605,152      13            154,155 
 1605,152      13            155,342 
 1605,152      13            156,639 
 1605,152      13            157,889 
 1605,152      13            159,202 
 1605,152      13            160,405 
 1605,152      13            161,78 
 1605,152      13            163,03 
 1605,152      13            164,342 
 1605,152      13            165,702 
 1605,152      13            166,905 
 1605,152      13            168,139 
 1605,152      13            169,389 
 1605,152      13            170,655 
 1605,152      13            171,952 
 1605,152      13            173,28 
 1605,152      13            174,53 
 1605,152      13            175,842 
 1605,152      13            177,092 
 1605,152      13            178,389 
 1605,152      13            179,639 
 1605,152      13            180,967 
 1605,152      13            182,217 
 1605,152      13            183,53 
 1605,152      13            184,78 
 1605,152      13            186,139 
 1605,152      13            187,467 
 1605,152      13            188,764 
 1605,152      13            190,03 
 1605,152      13            191,28 
 1605,152      13            192,514 
 1605,152      13            193,842 
 1605,152      13            195,202 
 1605,152      13            196,389 
 1605,152      13            197,764 
 1605,152      13            199,014 
 1605,152      13            200,28 
 1605,152      13            201,639 
 1605,152      13            202,905 
 1605,152      13            204,155 
 1605,152      13            205,389 
 1605,152      13            206,655 
 1605,152      13            208,03 
 1605,152      13            209,342 
 1605,152      13            210,655 
 1605,152      13            211,967 
 1605,152      13            213,202 
 1605,152      13            214,452 
 1605,152      13            215,655 
 1605,152      13            216,952 
 1605,152      13            218,327 
 1605,152      13            219,592 
 1605,152      13            220,842 
 1605,152      13            222,155 
 1605,152      13            223,452 
 1605,152      13            224,717 
 1605,152      13            226,014 
 1605,152      13            227,28 
 1605,152      13            228,53 
 1605,152      13            229,842 
 1605,152      13            231,139 
 1605,152      13            232,405 
 1605,152      13            233,764 
 1605,152      13            235,014 
 1605,152      13            236,217 
 1605,152      13            237,53 
 1605,152      13            238,905 
 1605,152      13            240,17 
 1605,152      13            241,467 
 1605,152      13            242,795 
 1605,152      13            244,092 
 1605,152      13            245,358 
 1592,632      13            246,655 
 1592,632      13            247,967 
 1592,632      13            249,17 
 1592,632      13            250,483 
 1592,632      13            251,78 
 1592,632      13            253,045 
 1592,632      13            254,28 
 1592,632      13            255,608 
 1592,632      13            256,92 
 1592,632      13            258,17 
 1592,632      13            259,405 
 1592,632      13            260,608 
 1592,632      13            261,842 
 1592,632      13            263,217 
 1592,632      13            264,545 
 1592,632      13            265,858 
 1592,632      13            267,155 
 1592,632      13            268,358 
 1592,632      13            269,655 
 1592,632      13            271,045 
 1592,632      13            272,342 
 1592,632      13            273,592 
 1592,632      13            274,858 
 1592,632      13            276,045 
 1592,632      13            277,28 
 1592,632      13            278,467 
 1592,632      13            279,67 
 1592,632      13            280,905 
 1592,632      13            282,17 
 1592,632      13            283,42 
 1592,632      13            284,686 
 1592,632      13            285,983 
 1592,632      13            287,186 
 1592,632      13            288,42 
 1592,632      13            289,608 
 1592,632      13            290,858 
 1592,632      13            292,124 
 1592,632      13            293,358 
 1592,632      13            294,608 
 1592,632      13            295,811 
 1592,632      13            297,124 
 1592,632      13            298,483 
 1592,632      13            299,749 
 1592,632      13            300,983 
 1592,632      13            302,249 
 1592,632      13            303,483 
 1592,632      13            304,749 
 1592,632      13            305,999 
 1592,632      13            307,249 
 1592,632      13            308,561 
 1592,632      13            309,811 
 1592,632      13            311,124 
 1592,632      13            312,374 
 1592,632      13            313,686 
 1592,632      13            315,045 
 1592,632      13            316,249 
 1592,632      13            317,545 
 1592,632      13            318,749 
 1592,632      13            319,999 
 1592,632      13            321,233 
 1592,632      13            322,483 
 1592,632      13            323,811 
 1592,632      13            325,045 
 1592,632      13            326,249 
 1592,632      13            327,561 
 1592,632      13            328,811 
 1592,632      13            330,077 
 1592,632      13            331,311 
 1592,632      13            332,514 
 1592,632      13            333,811 
 1592,632      13            335,061 
 1592,632      13            336,311 
 1592,632      13            337,561 
 1592,632      13            338,811 
 1592,632      13            340,124 
 1592,632      13            341,374 
 1592,632      13            342,624 
 1592,632      13            343,936 
 1592,632      13            345,202 
 1592,632      13            346,452 
 1592,632      13            347,764 
 1592,632      13            349,077 
 1592,632      13            350,327 
 1592,632      13            351,561 
 1592,632      13            352,764 
 1592,632      13            354,077 
 1592,632      13            355,389 
 1592,632      13            356,686 
 1592,632      13            357,936 
 1592,632      13            359,249 
 1592,632      13            360,514 
 1592,632      13            361,811 
 1592,632      13            362,952 
 1592,632      13            364,311 
 1592,632      13            365,577 
 1592,632      13            366,827 
 1592,632      13            368,061 
 1592,632      13            369,389 
 1592,632      13            370,702 
 1592,632      13            371,905 
 1592,632      13            373,202 
 1592,632      13            374,389 
 1592,632      13            375,655 
 1592,632      13            376,905 
 1592,632      13            378,092 
 1592,632      13            379,389 
 1592,632      13            380,639 
 1592,632      13            381,889 
 1592,632      13            383,202 
 1592,632      13            384,467 
 1592,632      13            385,827 
 1592,632      13            387,03 
 1592,632      13            388,28 
 1592,632      13            389,53 
 1592,632      13            390,78 
 1581,091      13            392,03 
 1581,091      13            393,342 
 1581,091      13            394,577 
 1581,091      13            395,889 
 1581,091      13            397,077 
 1581,091      13            398,327 
 1581,091      13            399,514 
 1581,091      13            400,764 
 1581,091      13            401,905 
 1581,091      13            403,139 
 1581,091      13            404,327 
 1581,091      13            405,655 
 1581,091      13            406,952 
 1581,091      13            408,155 
 1581,091      13            409,452 
 1581,091      13            410,639 
 1581,091      13            411,952 
 1581,091      13            413,202 
 1581,091      13            414,467 
 1581,091      13            415,592 
 1581,091      13            416,842 
 1581,091      13            418,045 
 1581,091      13            419,295 
 1581,091      13            420,545 
 1581,091      13            421,733 
 1581,091      13            422,92 
 1581,091      13            424,092 
 1581,091      13            425,358 
 1581,091      13            426,545 
 1581,091      13            427,78 
 1581,091      13            429,045 
 1581,091      13            430,28 
 1581,091      13            431,483 
 1581,091      13            432,78 
 1581,091      13            433,983 
 1581,091      13            435,28 
 1581,091      13            436,53 
 1581,091      13            437,842 
 1581,091      13            439,092 
 1581,091      13            440,342 
 1581,091      13            441,545 
 1581,091      13            442,842 
 1581,091      13            444,03 
 1578,955      13            445,233 
 1578,955      13            446,42 
 1578,955      13            447,655 
 1578,955      13            448,858 
 1578,955      13            450,217 
 1578,955      13            451,42 
 1578,955      13            452,655 
 1578,955      13            453,905 
 1578,955      13            455,108 
 1578,955      13            456,342 
 1578,955      13            457,608 
 1578,955      13            458,842 
 1578,955      13            460,045 
 1578,955      13            461,217 
 1578,955      13            462,374 
 1578,955      13            463,499 
 1578,955      13            464,702 
 1578,955      13            465,936 
 1578,955      13            467,077 
 1578,955      13            468,233 
 1578,955      13            469,467 
 1578,955      13            470,655 
 1578,955      13            471,936 
 1578,955      13            473,077 
 1578,955      13            474,186 
 1578,955      13            475,405 
 1578,955      13            476,608 
 1578,955      13            477,78 
 1578,955      13            478,811 
 1578,955      13            480,061 
 1578,955      13            481,311 
 1578,955      13            482,499 
 1578,955      13            483,686 
 1578,955      13            484,717 
 1578,955      13            485,811 
 1578,955      13            487,045 
 1578,955      13            488,077 
 1578,955      13            489,311 
 1578,955      13            490,514 
 1578,955      13            491,733 
 1578,955      13            492,967 
 1578,955      13            494,077 
 1578,955      13            495,249 
 1578,955      13            496,358 
 1578,955      13            497,545 
 1578,955      13            498,905 
 1578,955      13            500,124 
 1578,955      13            501,249 
 1578,955      13            502,452 
 1578,955      13            503,561 
 1578,955      13            504,655 
 1578,955      13            505,858 
 1578,955      13            507,077 
 1578,955      13            508,17 
 1578,955      13            509,358 
 1578,955      13            510,374 
 1578,955      13            511,561 
 1578,955      13            512,545 
 1578,955      13            513,67 
 1578,955      13            514,858 
 1578,955      13            515,92 
 1578,955      13            517,077 
 1578,955      13            518,233 
 1578,955      13            519,249 
 1578,955      13            520,514 
 1578,955      13            521,53 
 1578,955      13            522,655 
 1578,955      13            523,827 
 1578,955      13            524,92 
 1578,955      13            526,03 
 1578,955      13            527,155 
 1578,955      13            528,342 
 1578,955      13            529,483 
 1578,955      13            530,608 
 1578,955      13            531,842 
 1578,955      13            532,936 
 1578,955      13            534,014 
 1578,955      13            534,702 
 1578,955      13            535,311 
 1578,955      13            535,952 
 1578,955      13            536,577 
 1578,955      13            537,186 
 1578,955      13            537,811 
 1578,955      13            538,42 
 1578,955      13            539,045 
 1578,955      13            539,655 
 1578,955      13            540,28 
 1578,955      13            540,889 
 1578,955      13            541,514 
 1578,955      13            542,124 
 1578,955      13            542,733 
 1578,955      13            543,358 
 1578,955      13            543,983 
 1578,955      13            544,608 
 1578,955      13            545,202 
 1578,955      13            545,795 
 1578,955      13            546,452 
 1578,955      13            547,092 
 1578,955      13            547,686 
 1578,955      13            548,295 
 1578,955      13            548,936 
 1578,955      13            549,608 
 1578,955      13            550,202 
 1578,955      13            550,795 
 1578,955      13            551,467 
 1578,955      13            552,092 
 1578,955      13            552,78 
 1578,955      13            553,42 
 1578,955      13            554,045 
 1578,955      13            554,702 
 1578,955      13            555,311 
 1578,955      13            555,967 
 1578,955      13            556,561 
 1578,955      13            557,202 
 1578,955      13            557,827 
 1578,955      13            558,436 
 1578,955      13            559,092 
 1578,955      13            559,702 
 1578,955      13            560,342 
 1578,955      13            560,952 
 1578,955      13            561,561 
 1578,955      13            562,202 
 1578,955      13            562,842 
 1578,955      13            563,467 
 1578,955      13            564,045 
 1578,955      13            564,655 
 1578,955      13            565,28 
 1578,955      13            565,858 
 1578,955      13            566,483 
 1578,955      13            567,092 
 1578,955      13            567,686 
 1578,955      13            568,28 
 1578,955      13            568,889 
 1578,955      13            569,499 
 1578,955      13            570,077 
 1578,955      13            570,733 
 1578,955      13            571,374 
 1578,955      13            571,999 
 1578,955      13            572,624 
 1578,955      13            573,217 
 1578,955      13            573,842 
 1578,955      13            574,483 
 1578,955      13            575,077 
 1578,955      13            575,686 
 1578,955      13            576,311 
 1578,955      13            576,952 
 1578,955      13            577,53 
 1578,955      13            578,139 
 1578,955      13            578,795 
 1578,955      13            579,467 
 1578,955      13            580,077 
 1578,955      13            580,686 
 1578,955      13            581,311 
 1578,955      13            581,905 
 1578,955      13            582,514 
 1578,955      13            583,092 
 1578,955      13            583,717 
 1578,955      13            584,311 
 1578,955      13            584,92 
 1578,955      13            585,499 
 1578,955      13            586,092 
 1578,955      13            586,733 
 1578,955      13            587,342 
 1578,955      13            587,936 
 1578,955      13            588,545 
 1578,955      13            589,186 
 1578,955      13            589,827 
 1578,955      13            590,467 
 1578,955      13            591,108 
 1578,955      13            591,78 
 1578,955      13            592,389 
 1578,955      13            593,03 
 1578,955      13            593,67 
 1578,955      13            594,28 
 1578,955      13            594,905 
 1578,955      13            595,53 
 1578,955      13            596,155 
 1578,955      13            596,749 
 1578,955      13            597,327 
 1578,955      13            597,92 
 1578,955      13            598,514 
 1578,955      13            599,108 
 1578,955      13            599,717 
 1578,955      13            600,342 
 1578,955      13            600,936 
 1578,955      13            601,545 
 1578,955      13            602,124 
 1578,955      13            602,717 
 1578,955      13            603,374 
 1578,955      13            603,983 
 1578,955      13            604,624 
 1578,955      13            605,249 
 1578,955      13            605,858 
 1578,955      13            606,467 
 1578,955      13            607,061 
 1578,955      13            607,639 
 1578,955      13            608,249 
 1578,955      13            608,858 
 1578,955      13            609,452 
 1578,955      13            610,108 
 1578,955      13            610,717 
 1578,955      13            611,342 
 1578,955      13            611,936 
 1578,955      13            612,499 
 1578,955      13            613,108 
 1578,955      13            613,702 
 1578,955      13            614,295 
 1578,955      13            614,905 
 1578,955      13            615,483 
 1578,955      13            616,108 
 1578,955      13            616,749 
 1578,955      13            617,374 
 1578,955      13            617,999 
 1573,432      13            618,639 
 1573,432      13            619,249 
 1573,432      13            619,874 
 1573,432      13            620,53 
 1573,432      13            621,108 
 1573,432      13            621,749 
 1573,432      13            622,327 
 1573,432      13            622,905 
 1573,432      13            623,514 
 1573,432      13            624,092 
 1573,432      13            624,733 
 1573,432      13            625,327 
 1573,432      13            625,936 
 1573,432      13            626,53 
 1573,432      13            627,186 
 1573,432      13            627,827 
 1573,432      13            628,436 
 1573,432      13            629,045 
 1573,432      13            629,686 
 1573,432      13            630,327 
 1573,432      13            630,92 
 1573,432      13            631,577 
 1573,432      13            632,186 
 1573,432      13            632,795 
 1573,432      13            633,405 
 1573,432      13            634,045 
 1573,432      13            634,717 
 1573,432      13            635,311 
 1573,432      13            635,952 
 1573,432      13            636,545 
 1573,432      13            637,155 
 1573,432      13            637,78 
 1573,432      13            638,405 
 1573,432      13            639,061 
 1573,432      13            639,686 
 1573,432      13            640,295 
 1573,432      13            640,936 
 1573,432      13            641,577 
 1573,432      13            642,249 
 1573,432      13            642,858 
 1573,432      13            643,452 
 1573,432      13            644,061 
 1573,432      13            644,639 
 1573,432      13            645,233 
 1573,432      13            645,842 
 1573,432      13            646,483 
 1573,432      13            647,092 
 1573,432      13            647,686 
 1573,432      13            648,311 
 1573,432      13            648,905 
 1573,432      13            649,53 
 1573,432      13            650,139 
 1573,432      13            650,733 
 1573,432      13            651,327 
 1573,432      13            651,952 
 1573,432      13            652,577 
 1573,432      13            653,17 
 1573,432      13            653,764 
 1573,432      13            654,389 
 1573,432      13            654,983 
 1573,432      13            655,608 
 1573,432      13            656,186 
 1573,432      13            656,764 
 1573,432      13            657,389 
 1573,432      13            657,983 
 1573,432      13            658,608 
 1573,432      13            659,217 
 1573,432      13            659,842 
 1573,432      13            660,467 
 1573,432      13            661,077 
 1573,432      13            661,749 
 1573,432      13            662,342 
 1573,432      13            662,952 
 1573,432      13            663,577 
 1573,432      13            664,202 
 1573,432      13            664,827 
 1573,432      13            665,436 
 1573,432      13            666,03 
 1573,432      13            666,639 
 1573,432      13            667,202 
 1573,432      13            667,827 
 1573,432      13            668,42 
 1573,432      13            669,03 
 1573,432      13            669,67 
 1573,432      13            670,374 
 1573,432      13            670,983 
 1573,432      13            671,608 
 1573,432      13            672,217 
 1573,432      13            672,827 
 1573,432      13            673,42 
 1573,432      13            674,045 
 1573,432      13            674,67 
 1573,432      13            675,295 
 1573,432      13            675,905 
 1573,432      13            676,545 
 1573,432      13            677,139 
 1573,432      13            677,717 
 1573,432      13            678,311 
 1573,432      13            678,936 
 1573,432      13            679,592 
 1573,432      13            680,186 
 1573,432      13            680,795 
 1573,432      13            681,389 
 1573,432      13            681,967 
 1573,432      13            682,561 
 1573,432      13            683,17 
 1573,432      13            683,78 
 1573,432      13            684,389 
 1573,432      13            684,999 
 1573,432      13            685,592 
 1573,432      13            686,233 
 1573,432      13            686,874 
 1573,432      13            687,499 
 1573,432      13            688,092 
 1573,432      13            688,67 
 1573,432      13            689,311 
 1573,432      13            689,952 
 1573,432      13            690,592 
 1573,432      13            691,17 
 1573,432      13            691,78 
 1573,432      13            692,405 
 1573,432      13            692,999 
 1573,432      13            693,608 
 1573,432      13            694,217 
 1573,432      13            694,827 
 1573,432      13            695,452 
 1573,432      13            696,061 
 1573,432      13            696,67 
 1573,432      13            697,264 
 1573,432      13            697,889 
 1573,432      13            698,467 
 1573,432      13            699,092 
 1573,432      13            699,702 
 1573,432      13            700,295 
 1573,432      13            700,905 
 1573,432      13            701,499 
 1573,432      13            702,092 
 1573,432      13            702,702 
 1573,432      13            703,342 
 1573,432      13            703,92 
 1573,432      13            704,514 
 1573,432      13            705,139 
 1573,432      13            705,827 
 1573,432      13            706,436 
 1573,432      13            707,045 
 1573,432      13            707,686 
 1573,432      13            708,28 
 1573,432      13            708,905 
 1573,432      13            709,53 
 1573,432      13            710,17 
 1573,432      13            710,795 
 1573,432      13            711,405 
 1573,432      13            712,045 
 1573,432      13            712,67 
 1573,432      13            713,28 
 1573,432      13            713,874 
 1573,432      13            714,483 
 1573,432      13            715,155 
 1573,432      13            715,764 
 1573,432      13            716,374 
 1573,432      13            716,967 
 1573,432      13            717,608 
 1573,432      13            718,217 
 1573,432      13            718,811 
 1573,432      13            719,452 
 1573,432      13            720,077 
 1573,432      13            720,67 
 1573,432      13            721,295 
 1573,432      13            721,92 
 1573,432      13            722,561 
 1573,432      13            723,155 
 1573,432      13            723,811 
 1573,432      13            724,42 
 1573,432      13            725,092 
 1573,432      13            725,749 
 1573,432      13            726,405 
 1573,432      13            727,045 
 1573,432      13            727,702 
 1573,432      13            728,358 
 1573,432      13            728,999 
 1573,432      13            729,608 
 1573,432      13            730,202 
 1573,432      13            730,795 
 1573,432      13            731,405 
 1573,432      13            731,999 
 1573,432      13            732,592 
 1573,432      13            733,186 
 1573,432      13            733,78 
 1573,432      13            734,405 
 1573,432      13            734,999 
 1573,432      13            735,608 
 1573,432      13            736,233 
 1573,432      13            736,858 
 1573,432      13            737,483 
 1573,432      13            738,108 
 1573,432      13            738,702 
 1573,432      13            739,358 
 1573,432      13            739,967 
 1573,432      13            740,577 
 1573,432      13            741,217 
 1573,432      13            741,858 
 1573,432      13            742,467 
 1573,432      13            743,061 
 1573,432      13            743,686 
 1573,432      13            744,295 
 1573,432      13            744,905 
 1573,432      13            745,514 
 1573,432      13            746,108 
 1573,432      13            746,717 
 1573,432      13            747,327 
 1573,432      13            747,952 
 1573,432      13            748,608 
 1573,432      13            749,186 
 1573,432      13            749,811 
 1573,432      13            750,436 
 1573,432      13            751,03 
 1573,432      13            751,67 
 1573,432      13            752,249 
 1573,432      13            752,842 
 1573,432      13            753,452 
 1573,432      13            754,139 
 1573,432      13            754,795 
 1573,432      13            755,405 
 1573,432      13            756,03 
 1573,432      13            756,67 
 1573,432      13            757,295 
 1573,432      13            757,889 
 1573,432      13            758,514 
 1573,432      13            759,155 
 1573,432      13            759,78 
 1573,432      13            760,452 
 1573,432      13            761,061 
 1573,432      13            761,686 
 1573,432      13            762,28 
 1573,432      13            762,889 
 1573,432      13            763,514 
 1573,432      13            764,17 
 1573,432      13            764,795 
 1573,432      13            765,42 
 1573,432      13            766,045 
 1573,432      13            766,67 
 1573,432      13            767,374 
 1573,432      13            768,03 
 1573,432      13            768,655 
 1573,432      13            769,264 
 1573,432      13            769,905 
 1573,432      13            770,53 
 1573,432      13            771,17 
 1573,432      13            771,795 
 1573,432      13            772,42 
 1573,432      13            773,061 
 1573,432      13            773,67 
 1573,432      13            774,249 
 1573,432      13            774,842 
 1573,432      13            775,499 
 1573,432      13            776,108 
 1573,432      13            776,749 
 1573,432      13            777,389 
 1573,432      13            778,03 
 1573,432      13            778,639 
 1573,432      13            779,264 
 1573,432      13            779,874 
 1573,432      13            780,499 
 1573,432      13            781,124 
 1573,432      13            781,733 
 1573,432      13            782,342 
 1573,432      13            782,905 
 1573,432      13            783,53 
 1573,432      13            784,124 
 1573,432      13            784,749 
 1573,432      13            785,374 
 1573,432      13            785,999 
 1573,432      13            786,608 
 1573,432      13            787,233 
 1573,432      13            787,842 
 1573,432      13            788,436 
 1573,432      13            789,03 
 1573,432      13            789,608 
 1573,432      13            790,186 
 1573,432      13            790,795 
 1573,432      13            791,405 
 1573,432      13            792,045 
 1573,432      13            792,655 
 1573,432      13            793,327 
 1573,432      13            793,952 
 1573,432      13            794,545 
 1573,432      13            795,217 
 1573,432      13            796,436 
 1573,432      13            797,608 
 1573,432      13            798,889 
 1573,432      13            799,983 
 1573,432      13            801,327 
 1573,432      13            802,561 
 1573,432      13            803,764 
 1573,432      13            805,139 
 1573,432      13            806,436 
 1573,432      13            807,686 
 1573,432      13            808,733 
 1573,432      13            809,999 
 1573,432      13            811,014 
 1573,432      13            812,264 
 1573,432      13            813,483 
 1573,432      13            814,702 
 1573,432      13            815,858 
 1573,432      13            817,061 
 1573,432      13            818,155 
 1573,432      13            819,405 
 1573,432      13            820,624 
 1573,432      13            821,78 
 1573,432      13            822,936 
 1573,432      13            824,108 
 1573,432      13            825,358 
 1573,432      13            826,608 
 1573,432      13            827,78 
 1573,432      13            829,045 
 1573,432      13            830,295 
 1573,432      13            831,608 
 1573,432      13            832,842 
 1573,432      13            834,092 
 1573,432      13            835,295 
 1573,432      13            836,53 
 1573,432      13            837,795 
 1573,432      13            839,045 
 1573,432      13            840,295 
 1573,432      13            841,499 
 1573,432      13            842,717 
 1573,432      13            843,952 
 1573,432      13            845,155 
 1573,432      13            846,249 
 1573,432      13            847,405 
 1573,432      13            848,717 
 1573,432      13            849,952 
 1573,432      13            851,202 
 1573,432      13            852,389 
 1573,432      13            853,592 
 1573,432      13            854,952 
 1573,432      13            856,17 
 1573,432      13            857,28 
 1573,432      13            858,483 
 1573,432      13            859,577 
 1573,432      13            860,717 
 1573,432      13            861,842 
 1573,432      13            863,108 
 1573,432      13            864,374 
 1573,432      13            865,717 
 1573,432      13            867,092 
 1573,432      13            868,295 
 1573,432      13            869,592 
 1573,432      13            870,795 
 1573,432      13            872,045 
 1573,432      13            873,295 
 1573,432      13            874,545 
 1573,432      13            875,795 
 1573,432      13            876,983 
 1573,432      13            878,233 
 1573,432      13            879,436 
 1573,432      13            880,686 
 1573,432      13            881,92 
 1573,432      13            883,17 
 1573,432      13            884,358 
 1573,432      13            885,624 
 1573,432      13            886,858 
 1573,432      13            888,061 
 1573,432      13            889,295 
 1573,432      13            890,545 
 1573,432      13            891,811 
 1573,432      13            893,061 
 1573,432      13            894,42 
 1573,432      13            895,749 
 1573,432      13            896,999 
 1573,432      13            898,342 
 1573,432      13            899,655 
 1573,432      13            900,905 
 1573,432      13            902,155 
 1573,432      13            903,452 
 1573,432      13            904,655 
 1573,432      13            905,827 
 1573,432      13            907,092 
 1573,432      13            908,389 
 1573,432      13            909,577 
 1573,432      13            910,827 
 1573,432      13            912,092 
 1573,432      13            913,42 
 1573,432      13            914,608 
 1573,432      13            915,842 
 1573,432      13            917,045 
 1573,432      13            918,28 
 1573,432      13            919,592 
 1573,432      13            920,78 
 1573,432      13            922,077 
 1573,432      13            923,389 
 1573,432      13            924,577 
 1573,432      13            925,842 
 1573,432      13            927,03 
 1573,432      13            928,327 
 1573,432      13            929,577 
 1573,432      13            930,78 
 1573,432      13            932,092 
 1573,432      13            933,327 
 1573,432      13            934,53 
 1573,432      13            935,717 
 1573,432      13            936,889 
 1573,432      13            938,155 
 1573,432      13            939,467 
 1573,432      13            940,702 
 1573,432      13            941,905 
 1573,432      13            943,139 
 1573,432      13            944,342 
 1573,432      13            945,639 
 1573,432      13            946,952 
 1573,432      13            948,264 
 1573,432      13            949,577 
 1573,432      13            950,842 
 1573,432      13            952,139 
 1573,432      13            953,327 
 1573,432      13            954,53 
 1573,432      13            955,764 
 1573,432      13            956,983 
 1573,432      13            958,233 
 1573,432      13            959,467 
 1573,432      13            960,67 
 1573,432      13            961,905 
 1573,432      13            963,155 
 1573,432      13            964,42 
 1573,432      13            965,592 
 1573,432      13            966,842 
 1573,432      13            968,045 
 1573,432      13            969,342 
 1573,432      13            970,608 
 1573,432      13            971,842 
 1573,432      13            973,108 
 1573,432      13            974,358 
 1573,432      13            975,545 
 1573,432      13            976,795 
 1573,432      13            978,03 
 1573,432      13            979,342 
 1573,432      13            980,592 
 1573,432      13            981,92 
 1573,432      13            983,295 
 1573,432      13            984,592 
 1573,432      13            985,858 
 1573,432      13            987,155 
 1573,432      13            988,467 
 1573,432      13            989,655 
 1573,432      13            990,905 
 1573,432      13            992,108 
 1573,432      13            993,42 
 1573,432      13            994,842 
 1573,432      13            996,155 
 1573,432      13            997,467 
 1573,432      13            998,733 
 1573,432      13            999,967 
 1573,432      13            1001,17 
 1573,432      13            1002,42 
 1573,432      13            1003,67 
 1573,432      13            1004,874 
 1573,432      13            1006,108 
 1573,432      13            1007,295 
 1573,432      13            1008,499 
 1573,432      13            1009,811 
 1573,432      13            1011,108 
 1573,432      13            1012,42 
 1573,432      13            1013,624 
 1573,432      13            1014,811 
 1573,432      13            1016,061 
 1573,432      13            1017,295 
 1573,432      13            1018,561 
 1573,432      13            1019,811 
 1573,432      13            1020,999 
 1573,432      13            1022,233 
 1573,432      13            1023,374 
 1573,432      13            1024,67 
 1573,432      13            1025,92 
 1573,432      13            1027,124 
 1573,432      13            1028,358 
 1573,432      13            1029,686 
 1573,432      13            1030,983 
 1573,432      13            1032,186 
 1573,432      13            1033,483 
 1573,432      13            1034,686 
 1573,432      13            1035,92 
 1573,432      13            1037,186 
 1573,432      13            1038,483 
 1573,432      13            1039,749 
 1573,432      13            1040,936 
 1573,432      13            1042,233 
 1573,432      13            1043,483 
 1573,432      13            1044,733 
 1573,432      13            1045,983 
 1573,432      13            1047,139 
 1573,432      13            1048,389 
 1573,432      13            1049,577 
 1573,432      13            1050,827 
 1573,432      13            1052,061 
 1573,432      13            1053,327 
 1573,432      13            1054,561 
 1573,432      13            1055,764 
 1573,432      13            1057,014 
 1573,432      13            1058,249 
 1573,432      13            1059,499 
 1573,432      13            1060,749 
 1573,432      13            1062,014 
 1573,432      13            1063,249 
 1573,432      13            1064,499 
 1573,432      13            1065,811 
 1573,432      13            1067,014 
 1573,432      13            1068,311 
 1573,432      13            1069,452 
 1573,432      13            1070,639 
 1573,432      13            1071,874 
 1573,432      13            1073,061 
 1573,432      13            1074,327 
 1573,432      13            1075,577 
 1573,432      13            1076,842 
 1573,432      13            1078,077 
 1573,432      13            1079,389 
 1573,432      13            1080,702 
 1573,432      13            1082,014 
 1573,432      13            1083,28 
 1573,432      13            1084,592 
 1573,432      13            1085,889 
 1573,432      13            1087,155 
 1573,432      13            1088,389 
 1573,432      13            1089,592 
 1573,432      13            1090,952 
 1573,432      13            1092,217 
 1573,432      13            1093,467 
 1573,432      13            1094,717 
 1573,432      13            1095,967 
 1573,432      13            1097,217 
 1573,432      13            1098,42 
 1573,432      13            1099,655 
 1573,432      13            1100,905 
 1573,432      13            1102,108 
 1573,432      13            1103,358 
 1573,432      13            1104,53 
 1573,432      13            1105,78 
 1573,432      13            1107,03 
 1573,432      13            1108,295 
 1573,432      13            1109,592 
 1573,432      13            1110,795 
 1573,432      13            1112,092 
 1573,432      13            1113,342 
 1573,432      13            1114,483 
 1573,432      13            1115,717 
 1573,432      13            1116,92 
 1573,432      13            1118,108 
 1573,432      13            1119,295 
 1573,432      13            1120,545 
 1573,432      13            1121,717 
 1573,432      13            1122,92 
 1573,432      13            1124,092 
 1573,432      13            1125,28 
 1573,432      13            1126,53 
 1573,432      13            1127,78 
 1573,432      13            1128,967 
 1573,432      13            1130,17 
 1573,432      13            1131,467 
 1573,432      13            1132,717 
 1573,432      13            1134,03 
 1573,432      13            1135,342 
 1573,432      13            1136,67 
 1573,432      13            1137,874 
 1573,432      13            1139,108 
 1573,432      13            1140,358 
 1573,432      13            1141,561 
 1573,432      13            1142,858 
 1573,432      13            1144,108 
 1573,432      13            1145,358 
 1573,432      13            1146,624 
 1573,432      13            1147,936 
 1573,432      13            1149,186 
 1573,432      13            1150,374 
 1573,432      13            1151,608 
 1573,432      13            1152,858 
 1573,432      13            1154,17 
 1573,432      13            1155,42 
 1573,432      13            1156,624 
 1573,432      13            1157,874 
 1573,432      13            1159,108 
 1573,432      13            1160,358 
 1573,432      13            1161,608 
 1573,432      13            1162,858 
 1573,432      13            1164,108 
 1573,432      13            1165,42 
 1573,432      13            1166,561 
 1573,432      13            1167,795 
 1573,432      13            1168,936 
 1573,432      13            1170,17 
 1573,432      13            1171,358 
 1573,432      13            1172,499 
 1573,432      13            1173,749 
 1573,432      13            1174,999 
 1573,432      13            1176,295 
 1573,432      13            1177,561 
 1573,432      13            1178,749 
 1573,432      13            1179,999 
 1573,432      13            1181,186 
 1573,432      13            1182,436 
 1573,432      13            1183,686 
 1573,432      13            1184,999 
 1573,432      13            1186,249 
 1573,432      13            1187,499 
 1573,432      13            1188,686 
 1573,432      13            1189,936 
 1573,432      13            1191,17 
 1573,432      13            1192,42 
 1573,432      13            1193,624 
 1573,432      13            1194,858 
 1573,432      13            1196,124 
 1573,432      13            1197,358 
 1573,432      13            1198,499 
 1573,432      13            1199,749 
 1573,432      13            1200,983 
 1573,432      13            1202,249 
 1573,432      13            1203,483 
 1573,432      13            1204,686 
 1573,432      13            1205,92 
 1573,432      13            1207,233 
 1573,432      13            1208,483 
 1573,432      13            1209,733 
 1573,432      13            1210,983 
 1573,432      13            1212,186 
 1573,432      13            1213,436 
 1573,432      13            1214,733 
 1573,432      13            1215,999 
 1573,432      13            1217,295 
 1573,432      13            1218,561 
 1573,432      13            1219,811 
 1573,432      13            1220,983 
 1573,432      13            1222,233 
 1573,432      13            1223,436 
 1573,432      13            1224,67 
 1573,432      13            1225,858 
 1573,432      13            1227,124 
 1573,432      13            1228,374 
 1573,432      13            1229,639 
 1573,432      13            1230,827 
 1573,432      13            1232,014 
 1573,432      13            1233,249 
 1573,432      13            1234,389 
 1573,432      13            1235,686 
 1573,432      13            1236,874 
 1573,432      13            1238,139 
 1573,432      13            1239,374 
 1573,432      13            1240,624 
 1573,432      13            1241,764 
 1573,432      13            1242,999 
 1573,432      13            1244,249 
 1573,432      13            1245,436 
 1573,432      13            1246,624 
 1573,432      13            1247,811 
 1573,432      13            1249,014 
 1573,432      13            1250,202 
 1573,432      13            1251,389 
 1573,432      13            1252,639 
 1573,432      13            1253,827 
 1573,432      13            1255,014 
 1573,432      13            1256,186 
 1573,432      13            1257,374 
 1573,432      13            1258,561 
 1573,432      13            1259,764 
 1573,432      13            1261,014 
 1573,432      13            1262,202 
 1573,432      13            1263,452 
 1573,432      13            1264,702 
 1573,432      13            1265,952 
 1573,432      13            1267,139 
 1573,432      13            1268,389 
 1573,432      13            1269,702 
 1573,432      13            1270,952 
 1573,432      13            1272,202 
 1573,432      13            1273,514 
 1573,432      13            1274,717 
 1573,432      13            1275,905 
 1573,432      13            1277,202 
 1573,432      13            1278,467 
 1573,432      13            1279,702 
 1573,432      13            1281,03 
 1573,432      13            1282,264 
 1573,432      13            1283,467 
 1573,432      13            1284,702 
 1573,432      13            1286,014 
 1573,432      13            1287,264 
 1573,432      13            1288,514 
 1573,432      13            1289,78 
 1573,432      13            1291,03 
 1573,432      13            1292,28 
 1573,432      13            1293,467 
 1573,432      13            1294,702 
 1573,432      13            1295,905 
 1573,432      13            1297,139 
 1573,432      13            1298,342 
 1573,432      13            1299,702 
 1573,432      13            1300,905 
 1573,432      13            1302,077 
 1573,432      13            1303,327 
 1573,432      13            1304,655 
 1573,432      13            1305,905 
 1573,432      13            1307,092 
 1573,432      13            1308,327 
 1573,432      13            1309,639 
 1573,432      13            1310,952 
 1573,432      13            1312,202 
 1573,432      13            1313,467 
 1573,432      13            1314,655 
 1573,432      13            1315,889 
 1573,432      13            1317,17 
 1573,432      13            1318,42 
 1573,432      13            1319,67 
 1573,432      13            1320,92 
 1573,432      13            1322,233 
 1573,432      13            1323,467 
 1573,432      13            1324,67 
 1573,432      13            1325,936 
 1573,432      13            1327,17 
 1573,432      13            1328,374 
 1573,432      13            1329,624 
 1573,432      13            1330,858 
 1573,432      13            1332,061 
 1573,432      13            1333,374 
 1573,432      13            1334,67 
 1573,432      13            1335,874 
 1573,432      13            1337,108 
 1573,432      13            1338,358 
 1573,432      13            1339,608 
 1573,432      13            1340,811 
 1573,432      13            1342,124 
 1573,432      13            1343,358 
 1573,432      13            1344,561 
 1573,432      13            1345,749 
 1573,432      13            1346,983 
 1573,432      13            1348,124 
 1573,432      13            1349,358 
 1573,432      13            1350,561 
 1573,432      13            1351,795 
 1573,432      13            1353,045 
 1573,432      13            1354,311 
 1573,432      13            1355,545 
 1573,432      13            1356,749 
 1573,432      13            1357,999 
 1573,432      13            1359,358 
 1573,432      13            1360,624 
 1573,432      13            1361,999 
 1573,432      13            1363,311 
 1573,432      13            1364,702 
 1573,432      13            1366,061 
 1573,432      13            1367,264 
 1573,432      13            1368,561 
 1573,432      13            1369,764 
 1573,432      13            1370,999 
 1573,432      13            1372,311 
 1573,432      13            1373,624 
 1573,432      13            1374,827 
 1573,432      13            1376,077 
 1573,432      13            1377,327 
 1573,432      13            1378,561 
 1573,432      13            1379,811 
 1573,432      13            1381,014 
 1573,432      13            1382,374 
 1573,432      13            1383,577 
 1573,432      13            1384,811 
 1573,432      13            1386,077 
 1573,432      13            1387,264 
 1573,432      13            1388,499 
 1573,432      13            1389,764 
 1573,432      13            1390,952 
 1573,432      13            1392,186 
 1573,432      13            1393,436 
 1573,432      13            1394,702 
 1573,432      13            1396,014 
 1573,432      13            1397,249 
 1573,432      13            1398,436 
 1573,432      13            1399,639 
 1573,432      13            1400,827 
 1573,432      13            1402,077 
 1573,432      13            1403,436 
 1573,432      13            1404,702 
 1573,432      13            1405,936 
 1573,432      13            1407,155 
 1573,432      13            1408,452 
 1573,432      13            1409,655 
 1573,432      13            1410,967 
 1573,432      13            1412,295 
 1573,432      13            1413,608 
 1573,432      13            1414,827 
 1573,432      13            1416,014 
 1573,432      13            1417,311 
 1573,432      13            1418,592 
 1573,432      13            1419,827 
 1573,432      13            1421,045 
 1573,432      13            1422,28 
 1573,432      13            1423,467 
 1573,432      13            1424,717 
 1573,432      13            1426,03 
 1573,432      13            1427,28 
 1573,432      13            1428,53 
 1573,432      13            1429,795 
 1573,432      13            1431,03 
 1573,432      13            1432,233 
 1573,432      13            1433,405 
 1573,432      13            1434,608 
 1573,432      13            1435,92 
 1573,432      13            1437,17 
 1573,432      13            1438,483 
 1573,432      13            1439,717 
 1573,432      13            1440,967 
 1573,432      13            1442,217 
 1573,432      13            1443,42 
 1573,432      13            1444,67 
 1573,432      13            1445,967 
 1573,432      13            1447,233 
 1573,432      13            1448,545 
 1573,432      13            1449,795 
 1573,432      13            1450,983 
 1573,432      13            1452,295 
 1573,432      13            1453,561 
 1573,432      13            1454,936 
 1573,432      13            1456,249 
 1573,432      13            1457,483 
 1573,432      13            1458,749 
 1573,432      13            1460,061 
 1573,432      13            1461,311 
 1573,432      13            1462,545 
 1573,432      13            1463,795 
 1573,432      13            1464,983 
 1573,432      13            1466,295 
 1573,432      13            1467,499 
 1573,432      13            1468,749 
 1573,432      13            1470,045 
 1573,432      13            1471,295 
 1573,432      13            1472,499 
 1573,432      13            1473,733 
 1573,432      13            1474,983 
 1573,432      13            1476,186 
 1573,432      13            1477,42 
 1573,432      13            1478,686 
 1573,432      13            1479,999 
 1573,432      13            1481,311 
 1573,432      13            1482,624 
 1573,432      13            1483,92 
 1573,432      13            1485,124 
 1573,432      13            1486,311 
 1573,432      13            1487,561 
 1573,432      13            1488,858 
 1573,432      13            1490,061 
 1573,432      13            1491,311 
 1573,432      13            1492,608 
 1573,432      13            1493,858 
 1573,432      13            1495,186 
 1573,432      13            1496,42 
 1573,432      13            1497,639 
 1573,432      13            1498,952 
 1573,432      13            1500,186 
 1573,432      13            1501,389 
 1573,432      13            1502,624 
 1573,432      13            1503,827 
 1573,432      13            1505,139 
 1573,432      13            1506,389 
 1573,432      13            1507,702 
 1573,432      13            1508,936 
 1573,432      13            1510,264 
 1573,432      13            1511,499 
 1573,432      13            1512,764 
 1573,432      13            1513,952 
 1573,432      13            1515,202 
 1573,432      13            1516,514 
 1573,432      13            1517,749 
 1573,432      13            1519,077 
 1573,432      13            1520,374 
 1573,432      13            1521,639 
 1573,432      13            1522,999 
 1573,432      13            1524,186 
 1573,432      13            1525,499 
 1573,432      13            1526,749 
 1573,432      13            1527,999 
 1573,432      13            1529,202 
 1573,432      13            1530,561 
 1573,432      13            1531,702 
 1573,432      13            1532,999 
 1573,432      13            1534,264 
 1573,432      13            1535,499 
 1573,432      13            1536,827 
 1573,432      13            1538,124 
 1573,432      13            1539,374 
 1573,432      13            1540,624 
 1573,432      13            1541,889 
 1573,432      13            1543,077 
 1573,432      13            1544,327 
 1573,432      13            1545,53 
 1573,432      13            1546,717 
 1573,432      13            1547,952 
 1573,432      13            1549,202 
 1573,432      13            1550,389 
 1573,432      13            1551,577 
 1573,432      13            1552,827 
 1573,432      13            1554,03 
 1573,432      13            1555,217 
 1573,432      13            1556,452 
 1573,432      13            1557,764 
 1573,432      13            1559,03 
 1573,432      13            1560,264 
 1573,432      13            1561,452 
 1573,432      13            1562,655 
 1573,432      13            1563,905 
 1573,432      13            1565,092 
 1573,432      13            1566,342 
 1573,432      13            1567,592 
 1573,432      13            1568,842 
 1573,432      13            1570,092 
 1573,432      13            1571,327 
 1573,432      13            1572,577 
 1573,432      13            1573,78 
 1573,432      13            1575,03 
 1573,432      13            1576,264 
 1573,432      13            1577,452 
 1573,432      13            1578,702 
 1573,432      13            1579,889 
 1573,432      13            1581,092 
 1573,432      13            1582,389 
 1573,432      13            1583,577 
 1573,432      13            1584,764 
 1573,432      13            1586,014 
 1573,432      13            1587,217 
 1573,432      13            1588,452 
 1573,432      13            1589,655 
 1573,432      13            1590,952 
 1573,432      13            1592,17 
 1573,432      13            1593,42 
 1573,432      13            1594,655 
 1573,432      13            1595,905 
 1573,432      13            1597,17 
 1573,432      13            1598,42 
 1573,432      13            1599,608 
 1573,432      13            1600,858 
 1573,432      13            1602,17 
 1573,432      13            1603,53 
 1573,432      13            1604,842 
 1573,432      13            1606,045 
 1573,432      13            1607,28 
 1573,432      13            1608,483 
 1573,432      13            1609,842 
 1573,432      13            1611,092 
 1573,432      13            1612,295 
 1573,432      13            1613,53 
 1573,432      13            1614,842 
 1573,432      13            1616,045 
 1573,432      13            1617,28 
 1573,432      13            1618,42 
 1573,432      13            1619,733 
 1573,432      13            1620,967 
 1573,432      13            1622,17 
 1573,432      13            1623,467 
 1573,432      13            1624,717 
 1573,432      13            1626,03 
 1573,432      13            1627,405 
 1573,432      13            1628,608 
 1573,432      13            1629,842 
 1573,432      13            1631,155 
 1573,432      13            1632,405 
 1573,432      13            1633,592 
 1573,432      13            1634,795 
 1573,432      13            1636,03 
 1573,432      13            1637,295 
 1573,432      13            1638,608 
 1573,432      13            1639,795 
 1573,432      13            1640,999 
 1573,432      13            1642,186 
 1573,432      13            1643,42 
 1573,432      13            1644,608 
 1573,432      13            1645,858 
 1573,432      13            1647,061 
 1573,432      13            1648,295 
 1573,432      13            1649,483 
 1573,432      13            1650,67 
 1573,432      13            1651,858 
 1573,432      13            1653,045 
 1573,432      13            1654,249 
 1573,432      13            1655,483 
 1573,432      13            1656,795 
 1573,432      13            1657,983 
 1573,432      13            1659,233 
 1573,432      13            1660,499 
 1573,432      13            1661,858 
 1573,432      13            1663,186 
 1573,432      13            1664,42 
 1573,432      13            1665,733 
 1573,432      13            1666,983 
 1573,432      13            1668,295 
 1573,432      13            1669,561 
 1573,432      13            1670,811 
 1573,432      13            1672,108 
 1573,432      13            1673,374 
 1573,432      13            1674,686 
 1573,432      13            1675,952 
 1573,432      13            1677,186 
 1573,432      13            1678,389 
 1573,432      13            1679,561 
 1573,432      13            1680,811 
 1573,432      13            1682,014 
 1573,432      13            1683,202 
