Costo de la solución:
 1175,03892753455 

1	1	218,97	200	0	95	91	90	109	40	59	62	64	66	63	60	55	53	98	116	99	101	0
1	2	63,919	198	0	119	82	111	86	85	112	84	117	113	83	108	118	18	114	89	92	87	0
1	3	206,251	188	0	96	93	94	97	115	52	54	57	65	61	58	56	80	79	68	107	105	0
1	4	199,465	199	0	102	100	110	43	45	48	51	50	49	47	46	44	41	42	39	38	37	0
1	5	217,652	200	0	21	20	23	26	28	32	35	29	36	34	31	30	33	27	24	22	25	19	16	17	7	6	0
1	6	133,215	190	0	8	12	13	14	15	11	9	10	5	4	3	1	2	81	88	0
1	7	135,564	200	0	106	104	103	73	76	77	78	72	75	74	71	70	69	67	120	0
1	8	0	0	0	0

Tiempo de ejecución:
 1457,01709375 
