Iteraciones:   2308 

Costo         Vehículos     Tiempo [seg]
 1551,364      8             0,641 
 1551,364      8             1,094 
 1551,364      8             1,547 
 1444,218      8             2,109 
 1377,114      8             2,719 
 1377,114      8             3,312 
 1377,114      8             4 
 1367,916      8             4,687 
 1367,916      8             5,312 
 1367,916      8             6 
 1366,208      8             6,641 
 1366,208      8             7,25 
 1329,405      8             7,891 
 1290,655      8             8,516 
 1266,13       8             9,141 
 1266,13       8             9,812 
 1266,13       8             10,453 
 1266,13       8             11,078 
 1266,13       8             11,641 
 1266,13       8             12,328 
 1266,13       8             12,891 
 1266,13       8             13,516 
 1266,13       8             14,25 
 1266,13       8             14,812 
 1266,13       8             15,391 
 1266,13       8             16,078 
 1266,13       8             16,703 
 1266,13       8             17,328 
 1266,13       8             17,953 
 1266,13       8             18,641 
 1266,13       8             19,203 
 1266,13       8             19,812 
 1266,13       8             20,453 
 1266,13       8             21,062 
 1266,13       8             21,641 
 1266,13       8             22,266 
 1266,13       8             22,828 
 1266,13       8             23,453 
 1266,13       8             24,078 
 1266,13       8             24,703 
 1266,13       8             25,328 
 1266,13       8             25,937 
 1266,13       8             26,625 
 1266,13       8             27,187 
 1266,13       8             27,812 
 1266,13       8             28,391 
 1266,13       8             29,016 
 1266,13       8             29,625 
 1266,13       8             30,328 
 1266,13       8             30,937 
 1266,13       8             31,641 
 1266,13       8             32,328 
 1266,13       8             32,937 
 1266,13       8             33,562 
 1265,168      8             34,141 
 1265,168      8             34,75 
 1265,168      8             35,375 
 1265,168      8             35,953 
 1265,168      8             36,578 
 1265,168      8             37,203 
 1265,168      8             37,766 
 1265,168      8             38,391 
 1265,168      8             39,016 
 1265,168      8             39,781 
 1228,702      8             40,406 
 1228,702      8             41,047 
 1228,702      8             41,594 
 1228,702      8             42,172 
 1228,702      8             42,812 
 1228,702      8             43,422 
 1228,702      8             44,094 
 1228,702      8             44,703 
 1228,702      8             45,266 
 1228,702      8             45,828 
 1228,702      8             46,516 
 1228,702      8             47,078 
 1228,702      8             47,75 
 1228,702      8             48,312 
 1228,702      8             48,891 
 1228,702      8             49,516 
 1228,702      8             50,203 
 1228,702      8             50,797 
 1228,702      8             51,484 
 1228,702      8             52,109 
 1228,702      8             52,734 
 1228,702      8             53,422 
 1228,702      8             54,062 
 1228,702      8             54,687 
 1228,702      8             55,25 
 1228,702      8             55,875 
 1228,702      8             56,5 
 1228,702      8             57,109 
 1228,702      8             57,75 
 1228,702      8             58,359 
 1228,702      8             59 
 1228,702      8             59,562 
 1228,702      8             60,172 
 1228,702      8             60,797 
 1228,702      8             61,5 
 1228,702      8             62,109 
 1228,702      8             62,75 
 1228,702      8             63,484 
 1228,702      8             64,062 
 1228,702      8             64,687 
 1228,702      8             65,297 
 1228,702      8             65,859 
 1228,702      8             66,437 
 1228,702      8             67,047 
 1228,702      8             67,672 
 1228,702      8             68,25 
 1228,702      8             68,984 
 1228,702      8             69,562 
 1228,702      8             70,187 
 1228,702      8             70,797 
 1228,702      8             71,359 
 1228,702      8             71,984 
 1228,702      8             72,609 
 1228,702      8             73,297 
 1228,702      8             73,922 
 1228,702      8             74,672 
 1228,702      8             75,297 
 1228,702      8             75,984 
 1228,702      8             76,562 
 1228,702      8             77,25 
 1228,702      8             77,922 
 1228,702      8             78,5 
 1228,702      8             79,109 
 1228,702      8             79,734 
 1228,702      8             80,312 
 1228,702      8             80,922 
 1228,702      8             81,5 
 1228,702      8             82,109 
 1228,702      8             82,75 
 1228,702      8             83,359 
 1228,702      8             83,922 
 1228,702      8             84,547 
 1228,702      8             85,172 
 1228,702      8             85,734 
 1228,702      8             86,359 
 1228,702      8             86,984 
 1228,702      8             87,609 
 1228,702      8             88,234 
 1228,702      8             88,859 
 1228,702      8             89,484 
 1228,702      8             90,047 
 1228,702      8             90,625 
 1228,702      8             91,312 
 1228,702      8             91,922 
 1228,702      8             92,484 
 1228,702      8             93,047 
 1228,702      8             93,625 
 1228,702      8             94,234 
 1228,702      8             94,797 
 1228,702      8             95,437 
 1228,702      8             96,109 
 1228,702      8             96,75 
 1228,702      8             97,484 
 1228,702      8             98,172 
 1228,702      8             98,75 
 1228,702      8             99,375 
 1228,702      8             100 
 1228,702      8             100,609 
 1228,702      8             101,187 
 1228,702      8             101,922 
 1228,702      8             102,484 
 1228,702      8             103,109 
 1228,702      8             103,734 
 1228,702      8             104,312 
 1228,702      8             104,984 
 1228,702      8             105,672 
 1228,702      8             106,297 
 1228,702      8             106,984 
 1228,702      8             107,547 
 1228,702      8             108,125 
 1228,702      8             108,797 
 1228,702      8             109,422 
 1228,702      8             110 
 1228,702      8             110,562 
 1228,702      8             111,125 
 1228,702      8             111,734 
 1228,702      8             112,359 
 1228,702      8             112,984 
 1228,702      8             113,672 
 1228,702      8             114,297 
 1228,702      8             114,875 
 1228,702      8             115,437 
 1228,702      8             116 
 1228,702      8             116,625 
 1228,702      8             117,187 
 1228,702      8             117,859 
 1228,702      8             118,5 
 1228,702      8             119,125 
 1228,702      8             119,734 
 1228,702      8             120,312 
 1228,702      8             120,937 
 1228,702      8             121,609 
 1228,702      8             122,172 
 1228,702      8             122,797 
 1228,702      8             123,437 
 1228,702      8             124,047 
 1228,702      8             124,672 
 1228,702      8             125,25 
 1228,702      8             125,859 
 1228,702      8             126,437 
 1228,702      8             127,062 
 1228,702      8             127,625 
 1228,702      8             128,187 
 1228,702      8             128,797 
 1228,702      8             129,359 
 1228,702      8             129,984 
 1228,702      8             130,609 
 1228,702      8             131,297 
 1228,702      8             131,875 
 1228,702      8             132,5 
 1228,702      8             133,125 
 1228,702      8             133,75 
 1228,702      8             134,375 
 1228,702      8             134,984 
 1228,702      8             135,625 
 1228,702      8             136,234 
 1228,702      8             136,75 
 1228,702      8             137,359 
 1228,702      8             137,984 
 1228,702      8             138,672 
 1228,702      8             139,234 
 1228,702      8             139,875 
 1228,702      8             140,5 
 1228,702      8             141,109 
 1228,702      8             141,734 
 1228,702      8             142,312 
 1228,702      8             142,937 
 1228,702      8             143,5 
 1228,702      8             144,125 
 1228,702      8             144,734 
 1228,702      8             145,297 
 1228,702      8             145,922 
 1228,702      8             146,562 
 1228,702      8             147,234 
 1228,702      8             147,812 
 1228,702      8             148,437 
 1228,702      8             149,062 
 1228,702      8             149,672 
 1228,702      8             150,234 
 1228,702      8             150,797 
 1228,702      8             151,437 
 1228,702      8             152,062 
 1228,702      8             152,672 
 1228,702      8             153,234 
 1228,702      8             153,797 
 1228,702      8             154,375 
 1228,702      8             155 
 1228,702      8             155,687 
 1228,702      8             156,297 
 1228,702      8             156,859 
 1228,702      8             157,422 
 1228,702      8             158,047 
 1228,702      8             158,687 
 1228,702      8             159,266 
 1228,702      8             159,891 
 1228,702      8             160,578 
 1228,702      8             161,187 
 1228,702      8             161,766 
 1228,702      8             162,328 
 1228,702      8             162,906 
 1228,702      8             163,469 
 1228,702      8             164,156 
 1228,702      8             164,766 
 1228,702      8             165,406 
 1228,702      8             166,016 
 1228,702      8             166,578 
 1228,702      8             167,219 
 1228,702      8             167,828 
 1228,702      8             168,406 
 1228,702      8             169,031 
 1228,702      8             169,594 
 1228,702      8             170,266 
 1228,702      8             170,844 
 1228,702      8             171,469 
 1228,702      8             172,094 
 1228,702      8             172,766 
 1228,702      8             173,344 
 1228,702      8             173,906 
 1228,702      8             174,641 
 1228,702      8             175,219 
 1228,702      8             175,844 
 1228,702      8             176,453 
 1228,702      8             177,016 
 1228,702      8             177,594 
 1228,702      8             178,266 
 1228,702      8             178,828 
 1228,702      8             179,406 
 1228,702      8             179,969 
 1228,702      8             180,578 
 1228,702      8             181,203 
 1228,702      8             181,781 
 1228,702      8             182,406 
 1228,702      8             183,031 
 1228,702      8             183,641 
 1228,702      8             184,203 
 1228,702      8             184,781 
 1228,702      8             185,406 
 1228,702      8             186,016 
 1228,702      8             186,641 
 1228,702      8             187,219 
 1228,702      8             187,906 
 1228,702      8             188,641 
 1228,702      8             189,219 
 1228,702      8             189,906 
 1228,702      8             190,516 
 1228,702      8             191,031 
 1228,702      8             191,656 
 1228,702      8             192,266 
 1228,702      8             192,844 
 1228,702      8             193,469 
 1228,702      8             194,156 
 1228,702      8             194,766 
 1228,702      8             195,344 
 1228,702      8             195,953 
 1228,702      8             196,531 
 1228,702      8             197,141 
 1228,702      8             197,766 
 1228,702      8             198,344 
 1228,702      8             198,953 
 1228,702      8             199,656 
 1228,702      8             200,266 
 1228,702      8             200,844 
 1228,702      8             201,453 
 1228,702      8             202,031 
 1228,702      8             202,641 
 1228,702      8             203,203 
 1228,702      8             203,844 
 1228,702      8             204,406 
 1228,702      8             205,031 
 1228,702      8             205,594 
 1228,702      8             206,219 
 1228,702      8             206,828 
 1228,702      8             207,531 
 1228,702      8             208,141 
 1228,702      8             208,719 
 1228,702      8             209,328 
 1228,702      8             209,953 
 1228,702      8             210,578 
 1228,702      8             211,203 
 1228,702      8             211,781 
 1228,702      8             212,406 
 1228,702      8             212,969 
 1228,702      8             213,578 
 1228,702      8             214,203 
 1228,702      8             214,828 
 1228,702      8             215,406 
 1228,702      8             216,016 
 1228,702      8             216,703 
 1228,702      8             217,328 
 1228,702      8             217,953 
 1228,702      8             218,641 
 1228,702      8             219,281 
 1228,702      8             219,953 
 1228,702      8             220,594 
 1228,702      8             221,203 
 1228,702      8             221,719 
 1228,702      8             222,344 
 1228,702      8             222,969 
 1228,702      8             223,656 
 1228,702      8             224,344 
 1228,702      8             224,922 
 1228,702      8             225,547 
 1228,702      8             226,156 
 1228,702      8             226,781 
 1228,702      8             227,344 
 1228,702      8             227,922 
 1228,702      8             228,594 
 1228,702      8             229,219 
 1228,702      8             229,844 
 1228,702      8             230,469 
 1228,702      8             231,094 
 1228,702      8             231,672 
 1228,702      8             232,281 
 1228,702      8             232,844 
 1228,702      8             233,422 
 1228,702      8             234,094 
 1228,702      8             234,672 
 1228,702      8             235,297 
 1228,702      8             235,922 
 1228,702      8             236,484 
 1228,702      8             237,031 
 1228,702      8             237,719 
 1228,702      8             238,328 
 1228,702      8             239,016 
 1228,702      8             239,703 
 1228,702      8             240,281 
 1228,702      8             240,891 
 1228,702      8             241,453 
 1228,702      8             242,031 
 1228,702      8             242,594 
 1228,702      8             243,203 
 1228,702      8             243,781 
 1228,702      8             244,391 
 1228,702      8             245,078 
 1228,702      8             245,641 
 1228,702      8             246,203 
 1228,702      8             246,828 
 1228,702      8             247,391 
 1228,702      8             248,031 
 1228,702      8             248,578 
 1228,702      8             249,219 
 1228,702      8             249,953 
 1228,702      8             250,578 
 1228,702      8             251,141 
 1228,702      8             251,828 
 1228,702      8             252,453 
 1228,702      8             253,094 
 1228,702      8             253,781 
 1228,702      8             254,406 
 1228,702      8             255,141 
 1228,702      8             255,781 
 1228,702      8             256,359 
 1228,702      8             257,156 
 1228,702      8             257,781 
 1228,702      8             258,406 
 1228,702      8             259,031 
 1228,702      8             259,656 
 1228,702      8             260,281 
 1228,702      8             260,859 
 1228,702      8             261,594 
 1228,702      8             262,281 
 1228,702      8             262,906 
 1228,702      8             263,531 
 1228,702      8             264,156 
 1228,702      8             264,781 
 1228,702      8             265,422 
 1228,702      8             266,047 
 1228,702      8             266,734 
 1228,702      8             267,297 
 1228,702      8             267,922 
 1228,702      8             268,547 
 1228,702      8             269,109 
 1228,702      8             269,672 
 1228,702      8             270,297 
 1228,702      8             270,922 
 1228,702      8             271,547 
 1228,702      8             272,172 
 1228,702      8             272,797 
 1228,702      8             273,375 
 1228,702      8             273,984 
 1228,702      8             274,547 
 1228,702      8             275,125 
 1228,702      8             275,734 
 1228,702      8             276,312 
 1228,702      8             276,984 
 1228,702      8             277,625 
 1228,702      8             278,234 
 1228,702      8             278,859 
 1228,702      8             279,484 
 1228,702      8             280,062 
 1228,702      8             280,687 
 1228,702      8             281,312 
 1228,702      8             281,922 
 1228,702      8             282,609 
 1228,702      8             283,187 
 1228,702      8             283,812 
 1228,702      8             284,422 
 1228,702      8             285,062 
 1228,702      8             285,687 
 1228,702      8             286,297 
 1228,702      8             286,937 
 1228,702      8             287,562 
 1228,702      8             288,187 
 1228,702      8             288,812 
 1228,702      8             289,484 
 1228,702      8             290,125 
 1228,702      8             290,687 
 1228,702      8             291,297 
 1228,702      8             291,875 
 1228,702      8             292,484 
 1228,702      8             293,062 
 1228,702      8             293,687 
 1228,702      8             294,312 
 1228,702      8             294,875 
 1228,702      8             295,547 
 1228,702      8             296,187 
 1228,702      8             296,875 
 1228,702      8             297,609 
 1228,702      8             298,234 
 1228,702      8             298,859 
 1228,702      8             299,422 
 1228,702      8             300,062 
 1228,702      8             300,609 
 1228,702      8             301,25 
 1228,702      8             301,859 
 1228,702      8             302,484 
 1228,702      8             303,109 
 1228,702      8             303,75 
 1228,702      8             304,375 
 1228,702      8             304,984 
 1228,702      8             305,547 
 1228,702      8             306,125 
 1228,702      8             306,75 
 1228,702      8             307,297 
 1228,702      8             307,875 
 1228,702      8             308,5 
 1228,702      8             309,125 
 1228,702      8             309,734 
 1228,702      8             310,359 
 1228,702      8             311 
 1228,702      8             311,687 
 1228,702      8             312,297 
 1228,702      8             312,875 
 1228,702      8             313,547 
 1228,702      8             314,094 
 1228,702      8             314,453 
 1228,702      8             314,781 
 1228,702      8             315,094 
 1228,702      8             315,422 
 1228,702      8             315,719 
 1228,702      8             316,125 
 1228,702      8             316,5 
 1228,702      8             316,781 
 1228,702      8             317,109 
 1228,702      8             317,406 
 1228,702      8             317,781 
 1228,702      8             318,234 
 1228,702      8             318,594 
 1228,702      8             318,875 
 1228,702      8             319,172 
 1228,702      8             319,5 
 1228,702      8             319,828 
 1228,702      8             320,234 
 1228,702      8             320,531 
 1228,702      8             320,844 
 1228,702      8             321,172 
 1228,702      8             321,5 
 1228,702      8             321,875 
 1228,702      8             322,203 
 1228,702      8             322,516 
 1228,702      8             322,797 
 1228,702      8             323,109 
 1228,702      8             323,469 
 1228,702      8             323,875 
 1228,702      8             324,203 
 1228,702      8             324,484 
 1228,702      8             324,781 
 1228,702      8             325,094 
 1228,702      8             325,469 
 1228,702      8             325,797 
 1228,702      8             326,078 
 1228,702      8             326,375 
 1228,702      8             326,672 
 1228,702      8             327,094 
 1228,702      8             327,375 
 1228,702      8             327,672 
 1228,702      8             328,016 
 1228,702      8             328,297 
 1228,702      8             328,594 
 1228,702      8             329 
 1228,702      8             329,359 
 1228,702      8             329,734 
 1228,702      8             330,047 
 1228,702      8             330,375 
 1228,702      8             330,687 
 1228,702      8             331,078 
 1228,702      8             331,437 
 1228,702      8             331,797 
 1228,702      8             332,125 
 1228,702      8             332,453 
 1228,702      8             332,75 
 1228,702      8             333,141 
 1228,702      8             333,437 
 1228,702      8             333,75 
 1228,702      8             334,078 
 1228,702      8             334,406 
 1228,702      8             334,719 
 1228,702      8             335,156 
 1228,702      8             335,484 
 1228,702      8             335,781 
 1228,702      8             336,094 
 1228,702      8             336,484 
 1228,702      8             336,906 
 1228,702      8             337,203 
 1228,702      8             337,5 
 1228,702      8             337,812 
 1228,702      8             338,203 
 1228,702      8             338,609 
 1228,702      8             338,969 
 1228,702      8             339,266 
 1228,702      8             339,562 
 1228,702      8             339,859 
 1228,702      8             340,187 
 1228,702      8             340,609 
 1228,702      8             341,062 
 1228,702      8             341,359 
 1228,702      8             341,656 
 1228,702      8             342,078 
 1228,702      8             342,437 
 1228,702      8             342,781 
 1228,702      8             343,094 
 1228,702      8             343,391 
 1228,702      8             343,719 
 1228,702      8             344,156 
 1228,702      8             344,516 
 1228,702      8             344,859 
 1228,702      8             345,156 
 1228,702      8             345,453 
 1228,702      8             345,797 
 1228,702      8             346,172 
 1228,702      8             346,5 
 1228,702      8             346,781 
 1228,702      8             347,109 
 1228,702      8             347,516 
 1228,702      8             347,922 
 1228,702      8             348,266 
 1228,702      8             348,578 
 1228,702      8             348,922 
 1228,702      8             349,187 
 1228,702      8             349,625 
 1228,702      8             349,953 
 1228,702      8             350,25 
 1228,702      8             350,562 
 1228,702      8             350,891 
 1228,702      8             351,203 
 1228,702      8             351,609 
 1228,702      8             351,891 
 1228,702      8             352,187 
 1228,702      8             352,484 
 1228,702      8             352,812 
 1228,702      8             353,266 
 1228,702      8             353,656 
 1228,702      8             354,016 
 1228,702      8             354,344 
 1228,702      8             354,625 
 1228,702      8             355,031 
 1228,702      8             355,422 
 1228,702      8             355,797 
 1228,702      8             356,078 
 1228,702      8             356,406 
 1228,702      8             356,75 
 1228,702      8             357,062 
 1228,702      8             357,437 
 1228,702      8             357,75 
 1228,702      8             358,062 
 1228,702      8             358,375 
 1228,702      8             358,687 
 1228,702      8             359,094 
 1228,702      8             359,578 
 1228,702      8             359,906 
 1228,702      8             360,219 
 1228,702      8             360,562 
 1228,702      8             360,891 
 1228,702      8             361,359 
 1228,702      8             361,703 
 1228,702      8             362 
 1228,702      8             362,328 
 1228,702      8             362,703 
 1228,702      8             363,141 
 1228,702      8             363,437 
 1228,702      8             363,781 
 1228,702      8             364,062 
 1228,702      8             364,453 
 1228,702      8             364,781 
 1228,702      8             365,125 
 1228,702      8             365,469 
 1228,702      8             365,781 
 1228,702      8             366,078 
 1228,702      8             366,484 
 1228,702      8             366,844 
 1228,702      8             367,125 
 1228,702      8             367,453 
 1228,702      8             367,766 
 1228,702      8             368,078 
 1228,702      8             368,437 
 1228,702      8             368,766 
 1228,702      8             369,094 
 1228,702      8             369,422 
 1228,702      8             369,703 
 1228,702      8             370,141 
 1228,702      8             370,531 
 1228,702      8             370,891 
 1228,702      8             371,187 
 1228,702      8             371,516 
 1228,702      8             371,859 
 1228,702      8             372,203 
 1228,702      8             372,672 
 1228,702      8             373,016 
 1228,702      8             373,344 
 1228,702      8             373,75 
 1228,702      8             374,109 
 1228,702      8             374,484 
 1228,702      8             374,766 
 1228,702      8             375,078 
 1228,702      8             375,375 
 1228,702      8             375,781 
 1228,702      8             376,125 
 1228,702      8             376,484 
 1228,702      8             376,766 
 1228,702      8             377,078 
 1228,702      8             377,406 
 1228,702      8             377,766 
 1228,702      8             378,141 
 1228,702      8             378,422 
 1228,702      8             378,719 
 1228,702      8             379 
 1228,702      8             379,375 
 1228,702      8             379,734 
 1228,702      8             380,109 
 1228,702      8             380,406 
 1228,702      8             380,703 
 1228,702      8             381,047 
 1228,702      8             381,406 
 1228,702      8             381,797 
 1228,702      8             382,094 
 1228,702      8             382,391 
 1228,702      8             382,703 
 1228,702      8             383,016 
 1228,702      8             383,422 
 1228,702      8             383,859 
 1228,702      8             384,156 
 1228,702      8             384,469 
 1228,702      8             384,828 
 1228,702      8             385,125 
 1228,702      8             385,531 
 1228,702      8             385,906 
 1228,702      8             386,203 
 1228,702      8             386,578 
 1228,702      8             386,969 
 1228,702      8             387,312 
 1228,702      8             387,609 
 1228,702      8             387,891 
 1228,702      8             388,187 
 1228,702      8             388,609 
 1228,702      8             389,031 
 1228,702      8             389,391 
 1228,702      8             389,703 
 1228,702      8             390 
 1228,702      8             390,344 
 1228,702      8             390,656 
 1228,702      8             391,094 
 1228,702      8             391,391 
 1228,702      8             391,703 
 1228,702      8             392 
 1228,702      8             392,312 
 1228,702      8             392,687 
 1228,702      8             393,125 
 1228,702      8             393,453 
 1228,702      8             393,766 
 1228,702      8             394,156 
 1228,702      8             394,531 
 1228,702      8             394,922 
 1228,702      8             395,219 
 1228,702      8             395,531 
 1228,702      8             395,828 
 1228,702      8             396,203 
 1228,702      8             396,641 
 1228,702      8             397,016 
 1228,702      8             397,297 
 1228,702      8             397,594 
 1228,702      8             397,922 
 1228,702      8             398,281 
 1228,702      8             398,656 
 1228,702      8             398,937 
 1228,702      8             399,25 
 1228,702      8             399,578 
 1228,702      8             399,906 
 1228,702      8             400,297 
 1228,702      8             400,672 
 1228,702      8             401 
 1228,702      8             401,312 
 1228,702      8             401,687 
 1228,702      8             402,031 
 1228,702      8             402,406 
 1228,702      8             402,766 
 1228,702      8             403,078 
 1228,702      8             403,406 
 1228,702      8             403,828 
 1228,702      8             404,172 
 1228,702      8             404,469 
 1228,702      8             404,812 
 1228,702      8             405,141 
 1228,702      8             405,531 
 1228,702      8             405,875 
 1228,702      8             406,281 
 1228,702      8             406,562 
 1228,702      8             406,859 
 1228,702      8             407,219 
 1228,702      8             407,672 
 1228,702      8             408,031 
 1228,702      8             408,344 
 1228,702      8             408,672 
 1228,702      8             409,016 
 1228,702      8             409,406 
 1228,702      8             409,812 
 1228,702      8             410,156 
 1228,702      8             410,453 
 1228,702      8             410,781 
 1228,702      8             411,156 
 1228,702      8             411,531 
 1228,702      8             411,906 
 1228,702      8             412,219 
 1228,702      8             412,516 
 1228,702      8             412,891 
 1228,702      8             413,234 
 1228,702      8             413,547 
 1228,702      8             413,828 
 1228,702      8             414,125 
 1228,702      8             414,422 
 1228,702      8             414,812 
 1228,702      8             415,187 
 1228,702      8             415,531 
 1228,702      8             415,828 
 1228,702      8             416,125 
 1228,702      8             416,469 
 1228,702      8             416,844 
 1228,702      8             417,219 
 1228,702      8             417,516 
 1228,702      8             417,844 
 1228,702      8             418,141 
 1228,702      8             418,437 
 1228,702      8             418,734 
 1228,702      8             419,047 
 1228,702      8             419,344 
 1228,702      8             419,656 
 1228,702      8             419,969 
 1228,702      8             420,359 
 1228,702      8             420,656 
 1228,702      8             420,969 
 1228,702      8             421,266 
 1228,702      8             421,562 
 1228,702      8             421,891 
 1228,702      8             422,234 
 1228,702      8             422,547 
 1228,702      8             422,891 
 1228,702      8             423,172 
 1228,702      8             423,5 
 1228,702      8             423,797 
 1228,702      8             424,156 
 1228,702      8             424,5 
 1228,702      8             424,875 
 1228,702      8             425,187 
 1228,702      8             425,5 
 1228,702      8             425,812 
 1228,702      8             426,203 
 1228,702      8             426,562 
 1228,702      8             426,906 
 1228,702      8             427,187 
 1228,702      8             427,484 
 1228,702      8             427,891 
 1228,702      8             428,266 
 1228,702      8             428,578 
 1228,702      8             428,891 
 1228,702      8             429,234 
 1228,702      8             429,656 
 1228,702      8             429,984 
 1228,702      8             430,281 
 1228,702      8             430,547 
 1228,702      8             430,859 
 1228,702      8             431,219 
 1228,702      8             431,516 
 1228,702      8             431,812 
 1228,702      8             432,125 
 1228,702      8             432,437 
 1228,702      8             432,766 
 1228,702      8             433,078 
 1228,702      8             433,391 
 1228,702      8             433,766 
 1228,702      8             434,109 
 1228,702      8             434,422 
 1228,702      8             434,719 
 1228,702      8             435,047 
 1228,702      8             435,391 
 1228,702      8             435,672 
 1228,702      8             435,953 
 1228,702      8             436,219 
 1228,702      8             436,562 
 1228,702      8             436,891 
 1228,702      8             437,219 
 1228,702      8             437,531 
 1228,702      8             437,875 
 1228,702      8             438,187 
 1228,702      8             438,469 
 1228,702      8             438,875 
 1228,702      8             439,219 
 1228,702      8             439,578 
 1228,702      8             439,891 
 1228,702      8             440,187 
 1228,702      8             440,484 
 1228,702      8             440,859 
 1228,702      8             441,187 
 1228,702      8             441,547 
 1228,702      8             441,859 
 1228,702      8             442,172 
 1228,702      8             442,516 
 1228,702      8             442,859 
 1228,702      8             443,312 
 1228,702      8             443,641 
 1228,702      8             443,937 
 1228,702      8             444,234 
 1228,702      8             444,594 
 1228,702      8             444,969 
 1228,702      8             445,359 
 1228,702      8             445,672 
 1228,702      8             446 
 1228,702      8             446,859 
 1228,702      8             447,531 
 1228,702      8             448,156 
 1228,702      8             448,844 
 1228,702      8             449,422 
 1228,702      8             449,984 
 1228,702      8             450,594 
 1228,702      8             451,219 
 1228,702      8             451,844 
 1228,702      8             452,469 
 1228,702      8             453,047 
 1228,702      8             453,656 
 1228,702      8             454,359 
 1228,702      8             455,031 
 1228,702      8             455,656 
 1228,702      8             456,312 
 1228,702      8             456,922 
 1228,702      8             457,547 
 1228,702      8             458,172 
 1228,702      8             458,75 
 1228,702      8             459,375 
 1228,702      8             460,047 
 1228,702      8             460,625 
 1228,702      8             461,234 
 1228,702      8             461,922 
 1228,702      8             462,547 
 1228,702      8             463,109 
 1228,702      8             463,797 
 1228,702      8             464,359 
 1228,702      8             464,937 
 1228,702      8             465,562 
 1228,702      8             466,187 
 1228,702      8             466,797 
 1228,702      8             467,437 
 1228,702      8             468,062 
 1228,702      8             468,625 
 1228,702      8             469,25 
 1228,702      8             469,875 
 1228,702      8             470,5 
 1228,702      8             471,125 
 1228,702      8             471,75 
 1228,702      8             472,375 
 1228,702      8             472,984 
 1228,702      8             473,609 
 1228,702      8             474,25 
 1228,702      8             474,875 
 1228,702      8             475,484 
 1228,702      8             476,125 
 1228,702      8             476,75 
 1228,702      8             477,375 
 1228,702      8             478 
 1228,702      8             478,609 
 1228,702      8             479,187 
 1228,702      8             479,797 
 1228,702      8             480,375 
 1228,702      8             481,047 
 1228,702      8             481,734 
 1228,702      8             482,297 
 1228,702      8             482,922 
 1228,702      8             483,5 
 1228,702      8             484,312 
 1228,702      8             485 
 1228,702      8             485,719 
 1228,702      8             486,344 
 1228,702      8             486,984 
 1228,702      8             487,609 
 1228,702      8             488,312 
 1228,702      8             488,922 
 1228,702      8             489,547 
 1228,702      8             490,125 
 1228,702      8             490,734 
 1228,702      8             491,375 
 1228,702      8             492,047 
 1228,702      8             492,625 
 1228,702      8             493,312 
 1228,702      8             493,875 
 1228,702      8             494,547 
 1228,702      8             495,234 
 1228,702      8             495,812 
 1228,702      8             496,484 
 1228,702      8             497,125 
 1228,702      8             497,75 
 1228,702      8             498,375 
 1228,702      8             499 
 1228,702      8             499,672 
 1228,702      8             500,297 
 1228,702      8             500,922 
 1228,702      8             501,5 
 1228,702      8             502,109 
 1228,702      8             502,687 
 1228,702      8             503,312 
 1228,702      8             503,922 
 1208,902      8             504,562 
 1208,902      8             505,172 
 1208,902      8             505,734 
 1208,902      8             506,422 
 1208,902      8             507,062 
 1208,902      8             507,734 
 1208,902      8             508,375 
 1208,902      8             509 
 1208,902      8             509,609 
 1196,11       8             510,172 
 1196,11       8             510,75 
 1196,11       8             511,359 
 1196,11       8             511,922 
 1196,11       8             512,562 
 1196,11       8             513,172 
 1196,11       8             513,812 
 1196,11       8             514,562 
 1196,11       8             515,172 
 1196,11       8             515,687 
 1196,11       8             516,312 
 1196,11       8             517 
 1196,11       8             517,609 
 1196,11       8             518,266 
 1196,11       8             518,828 
 1196,11       8             519,453 
 1196,11       8             520,125 
 1196,11       8             520,703 
 1196,11       8             521,328 
 1196,11       8             521,937 
 1196,11       8             522,641 
 1196,11       8             523,25 
 1196,11       8             523,828 
 1196,11       8             524,516 
 1196,11       8             525,187 
 1196,11       8             525,812 
 1196,11       8             526,391 
 1196,11       8             527,016 
 1196,11       8             527,625 
 1196,11       8             528,187 
 1196,11       8             528,812 
 1196,11       8             529,375 
 1196,11       8             530 
 1196,11       8             530,641 
 1196,11       8             531,328 
 1196,11       8             531,937 
 1196,11       8             532,516 
 1196,11       8             533,062 
 1196,11       8             533,625 
 1196,11       8             534,203 
 1196,11       8             534,828 
 1196,11       8             535,437 
 1196,11       8             536,016 
 1196,11       8             536,703 
 1196,11       8             537,25 
 1196,11       8             537,875 
 1196,11       8             538,453 
 1196,11       8             539,016 
 1196,11       8             539,625 
 1196,11       8             540,187 
 1196,11       8             540,891 
 1196,11       8             541,5 
 1196,11       8             542,125 
 1196,11       8             542,687 
 1196,11       8             543,266 
 1196,11       8             543,875 
 1196,11       8             544,453 
 1196,11       8             545,078 
 1196,11       8             545,75 
 1196,11       8             546,312 
 1196,11       8             546,875 
 1196,11       8             547,437 
 1196,11       8             548 
 1196,11       8             548,578 
 1196,11       8             549,187 
 1196,11       8             549,766 
 1196,11       8             550,375 
 1196,11       8             550,953 
 1196,11       8             551,562 
 1196,11       8             552,141 
 1196,11       8             552,766 
 1196,11       8             553,375 
 1196,11       8             553,953 
 1196,11       8             554,516 
 1196,11       8             555,141 
 1196,11       8             555,703 
 1196,11       8             556,312 
 1196,11       8             556,891 
 1196,11       8             557,516 
 1196,11       8             558,062 
 1196,11       8             558,641 
 1196,11       8             559,203 
 1196,11       8             559,812 
 1196,11       8             560,5 
 1196,11       8             561,141 
 1196,11       8             561,766 
 1196,11       8             562,328 
 1196,11       8             562,937 
 1196,11       8             563,562 
 1196,11       8             564,141 
 1196,11       8             564,75 
 1196,11       8             565,437 
 1196,11       8             566,062 
 1196,11       8             566,641 
 1196,11       8             567,266 
 1196,11       8             567,891 
 1196,11       8             568,453 
 1196,11       8             569,016 
 1196,11       8             569,578 
 1196,11       8             570,187 
 1196,11       8             570,75 
 1196,11       8             571,328 
 1196,11       8             572,125 
 1196,11       8             572,766 
 1196,11       8             573,375 
 1196,11       8             573,937 
 1196,11       8             574,562 
 1196,11       8             575,187 
 1196,11       8             575,75 
 1196,11       8             576,437 
 1196,11       8             577,062 
 1196,11       8             577,578 
 1196,11       8             578,203 
 1196,11       8             578,812 
 1196,11       8             579,437 
 1196,11       8             580,125 
 1196,11       8             580,641 
 1196,11       8             581,312 
 1196,11       8             581,891 
 1196,11       8             582,562 
 1196,11       8             583,125 
 1196,11       8             583,75 
 1196,11       8             584,328 
 1196,11       8             584,937 
 1196,11       8             585,562 
 1196,11       8             586,187 
 1196,11       8             586,75 
 1196,11       8             587,391 
 1196,11       8             588 
 1196,11       8             588,578 
 1196,11       8             589,141 
 1196,11       8             589,703 
 1196,11       8             590,328 
 1196,11       8             590,937 
 1196,11       8             591,516 
 1196,11       8             592,187 
 1196,11       8             592,766 
 1196,11       8             593,391 
 1196,11       8             594,062 
 1196,11       8             594,578 
 1196,11       8             595,187 
 1196,11       8             595,766 
 1196,11       8             596,375 
 1196,11       8             596,937 
 1196,11       8             597,516 
 1196,11       8             598,125 
 1196,11       8             598,703 
 1196,11       8             599,266 
 1196,11       8             599,828 
 1196,11       8             600,391 
 1196,11       8             601,062 
 1196,11       8             601,641 
 1196,11       8             602,391 
 1196,11       8             603,016 
 1196,11       8             603,578 
 1196,11       8             604,141 
 1196,11       8             604,75 
 1196,11       8             605,375 
 1196,11       8             605,953 
 1196,11       8             606,562 
 1196,11       8             607,125 
 1196,11       8             607,703 
 1196,11       8             608,328 
 1196,11       8             608,937 
 1196,11       8             609,625 
 1196,11       8             610,328 
 1196,11       8             611,016 
 1196,11       8             611,641 
 1196,11       8             612,312 
 1196,11       8             612,875 
 1196,11       8             613,516 
 1196,11       8             614,141 
 1196,11       8             614,828 
 1196,11       8             615,5 
 1196,11       8             616,078 
 1196,11       8             616,687 
 1196,11       8             617,328 
 1196,11       8             617,953 
 1196,11       8             618,562 
 1196,11       8             619,141 
 1196,11       8             619,766 
 1196,11       8             620,375 
 1196,11       8             620,953 
 1196,11       8             621,578 
 1196,11       8             622,187 
 1196,11       8             622,812 
 1196,11       8             623,437 
 1196,11       8             624 
 1196,11       8             624,578 
 1196,11       8             625,141 
 1196,11       8             625,75 
 1196,11       8             626,375 
 1196,11       8             626,937 
 1196,11       8             627,516 
 1196,11       8             628,141 
 1196,11       8             628,766 
 1196,11       8             629,437 
 1196,11       8             630,078 
 1196,11       8             630,641 
 1196,11       8             631,25 
 1196,11       8             631,875 
 1196,11       8             632,437 
 1196,11       8             633 
 1196,11       8             633,562 
 1196,11       8             634,187 
 1196,11       8             634,828 
 1196,11       8             635,437 
 1196,11       8             636,016 
 1196,11       8             636,687 
 1196,11       8             637,25 
 1196,11       8             637,875 
 1196,11       8             638,437 
 1196,11       8             639 
 1196,11       8             639,562 
 1196,11       8             640,141 
 1196,11       8             640,703 
 1196,11       8             641,266 
 1196,11       8             641,937 
 1196,11       8             642,5 
 1196,11       8             643,062 
 1196,11       8             643,578 
 1196,11       8             644,312 
 1196,11       8             644,937 
 1196,11       8             645,578 
 1196,11       8             646,203 
 1196,11       8             646,875 
 1196,11       8             647,453 
 1196,11       8             648,078 
 1196,11       8             648,703 
 1196,11       8             649,328 
 1196,11       8             649,891 
 1196,11       8             650,562 
 1196,11       8             651,141 
 1196,11       8             651,766 
 1196,11       8             652,453 
 1196,11       8             653,078 
 1196,11       8             653,687 
 1196,11       8             654,328 
 1196,11       8             654,937 
 1196,11       8             655,484 
 1196,11       8             656,141 
 1196,11       8             656,734 
 1196,11       8             657,234 
 1196,11       8             657,75 
 1196,11       8             658,25 
 1196,11       8             658,844 
 1196,11       8             659,344 
 1196,11       8             659,906 
 1196,11       8             660,5 
 1196,11       8             661,031 
 1196,11       8             661,656 
 1196,11       8             662,156 
 1196,11       8             662,719 
 1196,11       8             663,141 
 1196,11       8             663,781 
 1196,11       8             664,437 
 1196,11       8             665,062 
 1196,11       8             665,594 
 1196,11       8             666,187 
 1196,11       8             666,75 
 1196,11       8             667,266 
 1196,11       8             667,797 
 1196,11       8             668,234 
 1196,11       8             668,875 
 1196,11       8             669,625 
 1196,11       8             670,125 
 1196,11       8             670,703 
 1196,11       8             671,203 
 1196,11       8             671,797 
 1196,11       8             672,312 
 1196,11       8             673,109 
 1196,11       8             673,578 
 1196,11       8             674,203 
 1196,11       8             674,797 
 1196,11       8             675,437 
 1196,11       8             676,047 
 1196,11       8             676,609 
 1196,11       8             677,094 
 1196,11       8             677,656 
 1196,11       8             678,203 
 1196,11       8             678,734 
 1196,11       8             679,234 
 1196,11       8             679,812 
 1196,11       8             680,344 
 1196,11       8             680,891 
 1196,11       8             681,375 
 1196,11       8             682,109 
 1196,11       8             682,641 
 1196,11       8             683,125 
 1196,11       8             683,656 
 1196,11       8             684,219 
 1196,11       8             684,687 
 1196,11       8             685,141 
 1196,11       8             685,75 
 1196,11       8             686,25 
 1196,11       8             686,891 
 1196,11       8             687,547 
 1196,11       8             688,187 
 1196,11       8             688,75 
 1196,11       8             689,359 
 1196,11       8             689,937 
 1196,11       8             690,687 
 1196,11       8             691,297 
 1196,11       8             691,859 
 1196,11       8             692,422 
 1196,11       8             692,984 
 1196,11       8             693,625 
 1175,038      8             694,25 
 1175,038      8             694,937 
 1175,038      8             695,5 
 1175,038      8             696,109 
 1175,038      8             696,687 
 1175,038      8             697,312 
 1175,038      8             697,953 
 1175,038      8             698,531 
 1175,038      8             699,109 
 1175,038      8             699,672 
 1175,038      8             700,234 
 1175,038      8             700,844 
 1175,038      8             701,422 
 1175,038      8             702,047 
 1175,038      8             702,625 
 1175,038      8             703,187 
 1175,038      8             703,75 
 1175,038      8             704,359 
 1175,038      8             705 
 1175,038      8             705,609 
 1175,038      8             706,172 
 1175,038      8             706,75 
 1175,038      8             707,328 
 1175,038      8             707,937 
 1175,038      8             708,578 
 1175,038      8             709,187 
 1175,038      8             709,766 
 1175,038      8             710,391 
 1175,038      8             710,937 
 1175,038      8             711,5 
 1175,038      8             712,062 
 1175,038      8             712,641 
 1175,038      8             713,203 
 1175,038      8             713,766 
 1175,038      8             714,328 
 1175,038      8             714,937 
 1175,038      8             715,453 
 1175,038      8             716,062 
 1175,038      8             716,641 
 1175,038      8             717,25 
 1175,038      8             717,812 
 1175,038      8             718,391 
 1175,038      8             718,953 
 1175,038      8             719,578 
 1175,038      8             720,266 
 1175,038      8             720,922 
 1175,038      8             721,687 
 1175,038      8             722,266 
 1175,038      8             722,906 
 1175,038      8             723,5 
 1175,038      8             724,109 
 1175,038      8             724,734 
 1175,038      8             725,312 
 1175,038      8             725,984 
 1175,038      8             726,641 
 1175,038      8             727,203 
 1175,038      8             727,812 
 1175,038      8             728,375 
 1175,038      8             729,031 
 1175,038      8             729,672 
 1175,038      8             730,281 
 1175,038      8             730,859 
 1175,038      8             731,406 
 1175,038      8             732,031 
 1175,038      8             732,672 
 1175,038      8             733,234 
 1175,038      8             733,859 
 1175,038      8             734,437 
 1175,038      8             735,047 
 1175,038      8             735,609 
 1175,038      8             736,187 
 1175,038      8             736,734 
 1175,038      8             737,359 
 1175,038      8             737,984 
 1175,038      8             738,547 
 1175,038      8             739,297 
 1175,038      8             739,812 
 1175,038      8             740,422 
 1175,038      8             740,984 
 1175,038      8             741,547 
 1175,038      8             742,125 
 1175,038      8             742,75 
 1175,038      8             743,281 
 1175,038      8             743,828 
 1175,038      8             744,391 
 1175,038      8             745,031 
 1175,038      8             745,703 
 1175,038      8             746,281 
 1175,038      8             746,906 
 1175,038      8             747,516 
 1175,038      8             748,156 
 1175,038      8             748,766 
 1175,038      8             749,328 
 1175,038      8             749,906 
 1175,038      8             750,531 
 1175,038      8             751,141 
 1175,038      8             751,656 
 1175,038      8             752,266 
 1175,038      8             752,828 
 1175,038      8             753,531 
 1175,038      8             754,094 
 1175,038      8             754,719 
 1175,038      8             755,328 
 1175,038      8             756,016 
 1175,038      8             756,594 
 1175,038      8             757,156 
 1175,038      8             757,766 
 1175,038      8             758,281 
 1175,038      8             758,906 
 1175,038      8             759,469 
 1175,038      8             760,094 
 1175,038      8             760,703 
 1175,038      8             761,281 
 1175,038      8             761,891 
 1175,038      8             762,469 
 1175,038      8             763,031 
 1175,038      8             763,594 
 1175,038      8             764,156 
 1175,038      8             764,719 
 1175,038      8             765,328 
 1175,038      8             765,906 
 1175,038      8             766,531 
 1175,038      8             767,141 
 1175,038      8             767,719 
 1175,038      8             768,328 
 1175,038      8             768,844 
 1175,038      8             769,453 
 1175,038      8             770,016 
 1175,038      8             770,578 
 1175,038      8             771,156 
 1175,038      8             771,766 
 1175,038      8             772,312 
 1175,038      8             772,953 
 1175,038      8             773,516 
 1175,038      8             774,125 
 1175,038      8             774,687 
 1175,038      8             775,266 
 1175,038      8             775,891 
 1175,038      8             776,453 
 1175,038      8             777 
 1175,038      8             777,578 
 1175,038      8             778,141 
 1175,038      8             778,75 
 1175,038      8             779,312 
 1175,038      8             779,937 
 1175,038      8             780,5 
 1175,038      8             781,125 
 1175,038      8             781,687 
 1175,038      8             782,25 
 1175,038      8             782,812 
 1175,038      8             783,437 
 1175,038      8             784,062 
 1175,038      8             784,687 
 1175,038      8             785,25 
 1175,038      8             785,891 
 1175,038      8             786,437 
 1175,038      8             787,016 
 1175,038      8             787,578 
 1175,038      8             788,203 
 1175,038      8             788,891 
 1175,038      8             789,437 
 1175,038      8             790 
 1175,038      8             790,562 
 1175,038      8             791,187 
 1175,038      8             791,766 
 1175,038      8             792,328 
 1175,038      8             792,937 
 1175,038      8             793,562 
 1175,038      8             794,187 
 1175,038      8             794,766 
 1175,038      8             795,328 
 1175,038      8             795,953 
 1175,038      8             796,578 
 1175,038      8             797,141 
 1175,038      8             797,75 
 1175,038      8             798,328 
 1175,038      8             798,953 
 1175,038      8             799,562 
 1175,038      8             800,141 
 1175,038      8             800,75 
 1175,038      8             801,312 
 1175,038      8             801,875 
 1175,038      8             802,5 
 1175,038      8             803,062 
 1175,038      8             803,625 
 1175,038      8             804,25 
 1175,038      8             804,812 
 1175,038      8             805,328 
 1175,038      8             805,937 
 1175,038      8             806,562 
 1175,038      8             807,187 
 1175,038      8             807,766 
 1175,038      8             808,375 
 1175,038      8             808,953 
 1175,038      8             809,5 
 1175,038      8             810,062 
 1175,038      8             810,641 
 1175,038      8             811,266 
 1175,038      8             811,875 
 1175,038      8             812,5 
 1175,038      8             813,062 
 1175,038      8             813,625 
 1175,038      8             814,266 
 1175,038      8             814,875 
 1175,038      8             815,453 
 1175,038      8             816,078 
 1175,038      8             816,687 
 1175,038      8             817,312 
 1175,038      8             817,875 
 1175,038      8             818,453 
 1175,038      8             819,016 
 1175,038      8             819,578 
 1175,038      8             820,141 
 1175,038      8             820,75 
 1175,038      8             821,328 
 1175,038      8             821,891 
 1175,038      8             822,562 
 1175,038      8             823,078 
 1175,038      8             823,687 
 1175,038      8             824,25 
 1175,038      8             824,891 
 1175,038      8             825,516 
 1175,038      8             826,078 
 1175,038      8             826,641 
 1175,038      8             827,266 
 1175,038      8             827,828 
 1175,038      8             828,437 
 1175,038      8             829,016 
 1175,038      8             829,578 
 1175,038      8             830,187 
 1175,038      8             830,75 
 1175,038      8             831,312 
 1175,038      8             831,875 
 1175,038      8             832,437 
 1175,038      8             833,016 
 1175,038      8             833,625 
 1175,038      8             834,187 
 1175,038      8             834,812 
 1175,038      8             835,375 
 1175,038      8             835,937 
 1175,038      8             836,5 
 1175,038      8             837,078 
 1175,038      8             837,687 
 1175,038      8             838,266 
 1175,038      8             838,875 
 1175,038      8             839,453 
 1175,038      8             840 
 1175,038      8             840,562 
 1175,038      8             841,125 
 1175,038      8             841,75 
 1175,038      8             842,312 
 1175,038      8             842,891 
 1175,038      8             843,453 
 1175,038      8             844,062 
 1175,038      8             844,687 
 1175,038      8             845,203 
 1175,038      8             845,766 
 1175,038      8             846,328 
 1175,038      8             846,875 
 1175,038      8             847,5 
 1175,038      8             848,062 
 1175,038      8             848,641 
 1175,038      8             849,266 
 1175,038      8             849,875 
 1175,038      8             850,453 
 1175,038      8             851,078 
 1175,038      8             851,625 
 1175,038      8             852,187 
 1175,038      8             852,766 
 1175,038      8             853,375 
 1175,038      8             854,016 
 1175,038      8             854,625 
 1175,038      8             855,203 
 1175,038      8             855,766 
 1175,038      8             856,375 
 1175,038      8             856,953 
 1175,038      8             857,516 
 1175,038      8             858,125 
 1175,038      8             858,703 
 1175,038      8             859,312 
 1175,038      8             859,891 
 1175,038      8             860,453 
 1175,038      8             861,062 
 1175,038      8             861,687 
 1175,038      8             862,391 
 1175,038      8             862,937 
 1175,038      8             863,453 
 1175,038      8             864,062 
 1175,038      8             864,687 
 1175,038      8             865,328 
 1175,038      8             865,891 
 1175,038      8             866,453 
 1175,038      8             867,016 
 1175,038      8             867,578 
 1175,038      8             868,141 
 1175,038      8             868,766 
 1175,038      8             869,375 
 1175,038      8             869,953 
 1175,038      8             870,562 
 1175,038      8             871,125 
 1175,038      8             871,703 
 1175,038      8             872,312 
 1175,038      8             872,875 
 1175,038      8             873,437 
 1175,038      8             874,062 
 1175,038      8             874,641 
 1175,038      8             875,25 
 1175,038      8             875,828 
 1175,038      8             876,437 
 1175,038      8             877 
 1175,038      8             877,578 
 1175,038      8             878,187 
 1175,038      8             878,719 
 1175,038      8             879,328 
 1175,038      8             879,891 
 1175,038      8             880,453 
 1175,038      8             881,078 
 1175,038      8             881,594 
 1175,038      8             882,203 
 1175,038      8             882,781 
 1175,038      8             883,344 
 1175,038      8             883,906 
 1175,038      8             884,469 
 1175,038      8             885,094 
 1175,038      8             885,656 
 1175,038      8             886,266 
 1175,038      8             886,828 
 1175,038      8             887,406 
 1175,038      8             887,969 
 1175,038      8             888,531 
 1175,038      8             889,141 
 1175,038      8             889,719 
 1175,038      8             890,281 
 1175,038      8             890,891 
 1175,038      8             891,469 
 1175,038      8             892,078 
 1175,038      8             892,641 
 1175,038      8             893,266 
 1175,038      8             893,828 
 1175,038      8             894,391 
 1175,038      8             895,016 
 1175,038      8             895,578 
 1175,038      8             896,203 
 1175,038      8             896,766 
 1175,038      8             897,344 
 1175,038      8             897,906 
 1175,038      8             898,531 
 1175,038      8             899,094 
 1175,038      8             899,703 
 1175,038      8             900,266 
 1175,038      8             900,844 
 1175,038      8             901,453 
 1175,038      8             902,156 
 1175,038      8             902,766 
 1175,038      8             903,406 
 1175,038      8             904,016 
 1175,038      8             904,578 
 1175,038      8             905,141 
 1175,038      8             905,766 
 1175,038      8             906,328 
 1175,038      8             906,891 
 1175,038      8             907,469 
 1175,038      8             908,031 
 1175,038      8             908,594 
 1175,038      8             909,156 
 1175,038      8             909,719 
 1175,038      8             910,281 
 1175,038      8             910,906 
 1175,038      8             911,578 
 1175,038      8             912,266 
 1175,038      8             912,844 
 1175,038      8             913,453 
 1175,038      8             914,016 
 1175,038      8             914,531 
 1175,038      8             915,203 
 1175,038      8             915,766 
 1175,038      8             916,328 
 1175,038      8             916,891 
 1175,038      8             917,469 
 1175,038      8             918,016 
 1175,038      8             918,578 
 1175,038      8             919,141 
 1175,038      8             919,703 
 1175,038      8             920,266 
 1175,038      8             920,891 
 1175,038      8             921,453 
 1175,038      8             922,016 
 1175,038      8             922,656 
 1175,038      8             923,219 
 1175,038      8             923,828 
 1175,038      8             924,406 
 1175,038      8             925,094 
 1175,038      8             925,656 
 1175,038      8             926,266 
 1175,038      8             926,828 
 1175,038      8             927,391 
 1175,038      8             927,953 
 1175,038      8             928,531 
 1175,038      8             929,094 
 1175,038      8             929,719 
 1175,038      8             930,328 
 1175,038      8             930,906 
 1175,038      8             931,469 
 1175,038      8             932,094 
 1175,038      8             932,703 
 1175,038      8             933,281 
 1175,038      8             933,906 
 1175,038      8             934,469 
 1175,038      8             935,094 
 1175,038      8             935,719 
 1175,038      8             936,266 
 1175,038      8             936,844 
 1175,038      8             937,406 
 1175,038      8             938,078 
 1175,038      8             938,656 
 1175,038      8             939,219 
 1175,038      8             939,844 
 1175,038      8             940,453 
 1175,038      8             941,078 
 1175,038      8             941,641 
 1175,038      8             942,203 
 1175,038      8             942,828 
 1175,038      8             943,344 
 1175,038      8             943,953 
 1175,038      8             944,531 
 1175,038      8             945,094 
 1175,038      8             945,719 
 1175,038      8             946,266 
 1175,038      8             946,844 
 1175,038      8             947,406 
 1175,038      8             948,016 
 1175,038      8             948,578 
 1175,038      8             949,141 
 1175,038      8             949,719 
 1175,038      8             950,344 
 1175,038      8             951,016 
 1175,038      8             951,594 
 1175,038      8             952,266 
 1175,038      8             952,828 
 1175,038      8             953,406 
 1175,038      8             953,969 
 1175,038      8             954,578 
 1175,038      8             955,156 
 1175,038      8             955,719 
 1175,038      8             956,344 
 1175,038      8             956,953 
 1175,038      8             957,578 
 1175,038      8             958,203 
 1175,038      8             958,766 
 1175,038      8             959,328 
 1175,038      8             959,906 
 1175,038      8             960,531 
 1175,038      8             961,094 
 1175,038      8             961,656 
 1175,038      8             962,328 
 1175,038      8             962,891 
 1175,038      8             963,516 
 1175,038      8             964,078 
 1175,038      8             964,641 
 1175,038      8             965,219 
 1175,038      8             965,781 
 1175,038      8             966,391 
 1175,038      8             966,969 
 1175,038      8             967,594 
 1175,038      8             968,328 
 1175,038      8             968,891 
 1175,038      8             969,469 
 1175,038      8             970,078 
 1175,038      8             970,656 
 1175,038      8             971,219 
 1175,038      8             971,844 
 1175,038      8             972,406 
 1175,038      8             972,969 
 1175,038      8             973,656 
 1175,038      8             974,281 
 1175,038      8             974,844 
 1175,038      8             975,453 
 1175,038      8             976,016 
 1175,038      8             976,594 
 1175,038      8             977,219 
 1175,038      8             977,828 
 1175,038      8             978,453 
 1175,038      8             979,062 
 1175,038      8             979,687 
 1175,038      8             980,25 
 1175,038      8             980,891 
 1175,038      8             981,5 
 1175,038      8             982,078 
 1175,038      8             982,687 
 1175,038      8             983,203 
 1175,038      8             983,766 
 1175,038      8             984,328 
 1175,038      8             984,891 
 1175,038      8             985,453 
 1175,038      8             986,062 
 1175,038      8             986,641 
 1175,038      8             987,203 
 1175,038      8             987,812 
 1175,038      8             988,391 
 1175,038      8             989,016 
 1175,038      8             989,578 
 1175,038      8             990,141 
 1175,038      8             990,703 
 1175,038      8             991,266 
 1175,038      8             991,875 
 1175,038      8             992,516 
 1175,038      8             993,141 
 1175,038      8             993,75 
 1175,038      8             994,312 
 1175,038      8             994,953 
 1175,038      8             995,562 
 1175,038      8             996,125 
 1175,038      8             996,687 
 1175,038      8             997,266 
 1175,038      8             997,891 
 1175,038      8             998,5 
 1175,038      8             999,078 
 1175,038      8             999,641 
 1175,038      8             1000,266 
 1175,038      8             1000,875 
 1175,038      8             1001,437 
 1175,038      8             1002 
 1175,038      8             1002,641 
 1175,038      8             1003,203 
 1175,038      8             1003,828 
 1175,038      8             1004,391 
 1175,038      8             1004,953 
 1175,038      8             1005,562 
 1175,038      8             1006,203 
 1175,038      8             1006,766 
 1175,038      8             1007,391 
 1175,038      8             1008,016 
 1175,038      8             1008,625 
 1175,038      8             1009,187 
 1175,038      8             1009,75 
 1175,038      8             1010,375 
 1175,038      8             1010,937 
 1175,038      8             1011,5 
 1175,038      8             1012,062 
 1175,038      8             1012,641 
 1175,038      8             1013,203 
 1175,038      8             1013,812 
 1175,038      8             1014,328 
 1175,038      8             1014,875 
 1175,038      8             1015,437 
 1175,038      8             1016 
 1175,038      8             1016,641 
 1175,038      8             1017,266 
 1175,038      8             1017,828 
 1175,038      8             1018,437 
 1175,038      8             1019,016 
 1175,038      8             1019,687 
 1175,038      8             1020,203 
 1175,038      8             1020,812 
 1175,038      8             1021,375 
 1175,038      8             1022 
 1175,038      8             1022,516 
 1175,038      8             1023,125 
 1175,038      8             1023,687 
 1175,038      8             1024,25 
 1175,038      8             1024,766 
 1175,038      8             1025,391 
 1175,038      8             1026 
 1175,038      8             1026,625 
 1175,038      8             1027,203 
 1175,038      8             1027,828 
 1175,038      8             1028,437 
 1175,038      8             1029,016 
 1175,038      8             1029,625 
 1175,038      8             1030,187 
 1175,038      8             1030,766 
 1175,038      8             1031,375 
 1175,038      8             1031,953 
 1175,038      8             1032,578 
 1175,038      8             1033,187 
 1175,038      8             1033,766 
 1175,038      8             1034,391 
 1175,038      8             1035,016 
 1175,038      8             1035,562 
 1175,038      8             1036,187 
 1175,038      8             1036,75 
 1175,038      8             1037,375 
 1175,038      8             1037,937 
 1175,038      8             1038,5 
 1175,038      8             1039,078 
 1175,038      8             1039,687 
 1175,038      8             1040,312 
 1175,038      8             1040,875 
 1175,038      8             1041,437 
 1175,038      8             1042 
 1175,038      8             1042,516 
 1175,038      8             1043,078 
 1175,038      8             1043,687 
 1175,038      8             1044,25 
 1175,038      8             1044,875 
 1175,038      8             1045,5 
 1175,038      8             1046,078 
 1175,038      8             1046,703 
 1175,038      8             1047,312 
 1175,038      8             1047,891 
 1175,038      8             1048,516 
 1175,038      8             1049,141 
 1175,038      8             1049,703 
 1175,038      8             1050,312 
 1175,038      8             1050,937 
 1175,038      8             1051,5 
 1175,038      8             1052,016 
 1175,038      8             1052,625 
 1175,038      8             1053,203 
 1175,038      8             1053,766 
 1175,038      8             1054,391 
 1175,038      8             1054,953 
 1175,038      8             1055,578 
 1175,038      8             1056,141 
 1175,038      8             1056,75 
 1175,038      8             1057,328 
 1175,038      8             1057,937 
 1175,038      8             1058,5 
 1175,038      8             1059,141 
 1175,038      8             1059,703 
 1175,038      8             1060,25 
 1175,038      8             1060,828 
 1175,038      8             1061,437 
 1175,038      8             1061,953 
 1175,038      8             1062,516 
 1175,038      8             1063,078 
 1175,038      8             1063,687 
 1175,038      8             1064,266 
 1175,038      8             1064,828 
 1175,038      8             1065,562 
 1175,038      8             1066,141 
 1175,038      8             1066,75 
 1175,038      8             1067,328 
 1175,038      8             1067,937 
 1175,038      8             1068,516 
 1175,038      8             1069,125 
 1175,038      8             1069,687 
 1175,038      8             1070,312 
 1175,038      8             1070,828 
 1175,038      8             1071,5 
 1175,038      8             1072,062 
 1175,038      8             1072,625 
 1175,038      8             1073,203 
 1175,038      8             1073,75 
 1175,038      8             1074,312 
 1175,038      8             1074,937 
 1175,038      8             1075,562 
 1175,038      8             1076,141 
 1175,038      8             1076,75 
 1175,038      8             1077,312 
 1175,038      8             1077,875 
 1175,038      8             1078,437 
 1175,038      8             1078,953 
 1175,038      8             1079,562 
 1175,038      8             1080,125 
 1175,038      8             1080,687 
 1175,038      8             1081,25 
 1175,038      8             1081,828 
 1175,038      8             1082,391 
 1175,038      8             1083 
 1175,038      8             1083,625 
 1175,038      8             1084,187 
 1175,038      8             1084,766 
 1175,038      8             1085,375 
 1175,038      8             1085,937 
 1175,038      8             1086,516 
 1175,038      8             1087,078 
 1175,038      8             1087,687 
 1175,038      8             1088,25 
 1175,038      8             1088,812 
 1175,038      8             1089,437 
 1175,038      8             1090,062 
 1175,038      8             1090,687 
 1175,038      8             1091,266 
 1175,038      8             1091,875 
 1175,038      8             1092,391 
 1175,038      8             1093 
 1175,038      8             1093,641 
 1175,038      8             1094,25 
 1175,038      8             1094,828 
 1175,038      8             1095,5 
 1175,038      8             1096,062 
 1175,038      8             1096,625 
 1175,038      8             1097,187 
 1175,038      8             1097,766 
 1175,038      8             1098,437 
 1175,038      8             1099 
 1175,038      8             1099,516 
 1175,038      8             1100,125 
 1175,038      8             1100,703 
 1175,038      8             1101,328 
 1175,038      8             1101,891 
 1175,038      8             1102,5 
 1175,038      8             1103,125 
 1175,038      8             1103,703 
 1175,038      8             1104,312 
 1175,038      8             1104,937 
 1175,038      8             1105,516 
 1175,038      8             1106,125 
 1175,038      8             1106,703 
 1175,038      8             1107,266 
 1175,038      8             1107,891 
 1175,038      8             1108,516 
 1175,038      8             1109,078 
 1175,038      8             1109,641 
 1175,038      8             1110,25 
 1175,038      8             1110,828 
 1175,038      8             1111,437 
 1175,038      8             1112,062 
 1175,038      8             1112,625 
 1175,038      8             1113,187 
 1175,038      8             1113,812 
 1175,038      8             1114,453 
 1175,038      8             1115,016 
 1175,038      8             1115,578 
 1175,038      8             1116,187 
 1175,038      8             1116,766 
 1175,038      8             1117,375 
 1175,038      8             1117,891 
 1175,038      8             1118,516 
 1175,038      8             1119,125 
 1175,038      8             1119,703 
 1175,038      8             1120,266 
 1175,038      8             1120,828 
 1175,038      8             1121,453 
 1175,038      8             1122,062 
 1175,038      8             1122,641 
 1175,038      8             1123,25 
 1175,038      8             1123,812 
 1175,038      8             1124,391 
 1175,038      8             1124,953 
 1175,038      8             1125,5 
 1175,038      8             1126,125 
 1175,038      8             1126,687 
 1175,038      8             1127,328 
 1175,038      8             1127,953 
 1175,038      8             1128,562 
 1175,038      8             1129,203 
 1175,038      8             1129,937 
 1175,038      8             1130,5 
 1175,038      8             1131,078 
 1175,038      8             1131,625 
 1175,038      8             1132,312 
 1175,038      8             1132,891 
 1175,038      8             1133,516 
 1175,038      8             1134,125 
 1175,038      8             1134,703 
 1175,038      8             1135,312 
 1175,038      8             1135,875 
 1175,038      8             1136,562 
 1175,038      8             1137,125 
 1175,038      8             1137,641 
 1175,038      8             1138,203 
 1175,038      8             1138,812 
 1175,038      8             1139,375 
 1175,038      8             1139,953 
 1175,038      8             1140,625 
 1175,038      8             1141,187 
 1175,038      8             1141,75 
 1175,038      8             1142,312 
 1175,038      8             1142,891 
 1175,038      8             1143,5 
 1175,038      8             1144,078 
 1175,038      8             1144,641 
 1175,038      8             1145,203 
 1175,038      8             1145,875 
 1175,038      8             1146,453 
 1175,038      8             1147,062 
 1175,038      8             1147,531 
 1175,038      8             1147,844 
 1175,038      8             1148,25 
 1175,038      8             1148,578 
 1175,038      8             1148,953 
 1175,038      8             1149,266 
 1175,038      8             1149,562 
 1175,038      8             1149,891 
 1175,038      8             1150,25 
 1175,038      8             1150,578 
 1175,038      8             1150,875 
 1175,038      8             1151,172 
 1175,038      8             1151,453 
 1175,038      8             1151,781 
 1175,038      8             1152,125 
 1175,038      8             1152,469 
 1175,038      8             1152,797 
 1175,038      8             1153,062 
 1175,038      8             1153,375 
 1175,038      8             1153,719 
 1175,038      8             1154,031 
 1175,038      8             1154,391 
 1175,038      8             1154,672 
 1175,038      8             1154,969 
 1175,038      8             1155,312 
 1175,038      8             1155,656 
 1175,038      8             1155,953 
 1175,038      8             1156,297 
 1175,038      8             1156,594 
 1175,038      8             1156,875 
 1175,038      8             1157,219 
 1175,038      8             1157,562 
 1175,038      8             1157,859 
 1175,038      8             1158,156 
 1175,038      8             1158,453 
 1175,038      8             1158,75 
 1175,038      8             1159,047 
 1175,038      8             1159,328 
 1175,038      8             1159,641 
 1175,038      8             1159,922 
 1175,038      8             1160,203 
 1175,038      8             1160,484 
 1175,038      8             1160,766 
 1175,038      8             1161,109 
 1175,038      8             1161,484 
 1175,038      8             1161,797 
 1175,038      8             1162,094 
 1175,038      8             1162,406 
 1175,038      8             1162,734 
 1175,038      8             1163,062 
 1175,038      8             1163,359 
 1175,038      8             1163,656 
 1175,038      8             1163,969 
 1175,038      8             1164,266 
 1175,038      8             1164,578 
 1175,038      8             1164,922 
 1175,038      8             1165,297 
 1175,038      8             1165,625 
 1175,038      8             1165,906 
 1175,038      8             1166,203 
 1175,038      8             1166,5 
 1175,038      8             1166,812 
 1175,038      8             1167,141 
 1175,038      8             1167,469 
 1175,038      8             1167,75 
 1175,038      8             1168,031 
 1175,038      8             1168,375 
 1175,038      8             1168,703 
 1175,038      8             1169,031 
 1175,038      8             1169,359 
 1175,038      8             1169,656 
 1175,038      8             1169,937 
 1175,038      8             1170,266 
 1175,038      8             1170,656 
 1175,038      8             1171 
 1175,038      8             1171,297 
 1175,038      8             1171,578 
 1175,038      8             1171,891 
 1175,038      8             1172,219 
 1175,038      8             1172,578 
 1175,038      8             1172,844 
 1175,038      8             1173,141 
 1175,038      8             1173,437 
 1175,038      8             1173,734 
 1175,038      8             1174,078 
 1175,038      8             1174,406 
 1175,038      8             1174,75 
 1175,038      8             1175,047 
 1175,038      8             1175,328 
 1175,038      8             1175,641 
 1175,038      8             1175,953 
 1175,038      8             1176,266 
 1175,038      8             1176,562 
 1175,038      8             1176,844 
 1175,038      8             1177,141 
 1175,038      8             1177,437 
 1175,038      8             1177,734 
 1175,038      8             1178,047 
 1175,038      8             1178,391 
 1175,038      8             1178,703 
 1175,038      8             1179,016 
 1175,038      8             1179,312 
 1175,038      8             1179,625 
 1175,038      8             1179,922 
 1175,038      8             1180,234 
 1175,038      8             1180,562 
 1175,038      8             1180,875 
 1175,038      8             1181,172 
 1175,038      8             1181,469 
 1175,038      8             1181,75 
 1175,038      8             1182,109 
 1175,038      8             1182,406 
 1175,038      8             1182,687 
 1175,038      8             1182,984 
 1175,038      8             1183,297 
 1175,038      8             1183,719 
 1175,038      8             1184,016 
 1175,038      8             1184,328 
 1175,038      8             1184,625 
 1175,038      8             1184,922 
 1175,038      8             1185,266 
 1175,038      8             1185,641 
 1175,038      8             1185,922 
 1175,038      8             1186,203 
 1175,038      8             1186,5 
 1175,038      8             1186,781 
 1175,038      8             1187,078 
 1175,038      8             1187,391 
 1175,038      8             1187,75 
 1175,038      8             1188,031 
 1175,038      8             1188,312 
 1175,038      8             1188,594 
 1175,038      8             1188,891 
 1175,038      8             1189,266 
 1175,038      8             1189,594 
 1175,038      8             1189,875 
 1175,038      8             1190,172 
 1175,038      8             1190,453 
 1175,038      8             1190,844 
 1175,038      8             1191,141 
 1175,038      8             1191,484 
 1175,038      8             1191,781 
 1175,038      8             1192,062 
 1175,038      8             1192,359 
 1175,038      8             1192,656 
 1175,038      8             1193 
 1175,038      8             1193,328 
 1175,038      8             1193,656 
 1175,038      8             1193,953 
 1175,038      8             1194,266 
 1175,038      8             1194,625 
 1175,038      8             1194,953 
 1175,038      8             1195,281 
 1175,038      8             1195,594 
 1175,038      8             1195,875 
 1175,038      8             1196,141 
 1175,038      8             1196,437 
 1175,038      8             1196,828 
 1175,038      8             1197,156 
 1175,038      8             1197,422 
 1175,038      8             1197,734 
 1175,038      8             1198,016 
 1175,038      8             1198,453 
 1175,038      8             1198,859 
 1175,038      8             1199,141 
 1175,038      8             1199,422 
 1175,038      8             1199,703 
 1175,038      8             1200,016 
 1175,038      8             1200,312 
 1175,038      8             1200,641 
 1175,038      8             1200,953 
 1175,038      8             1201,281 
 1175,038      8             1201,562 
 1175,038      8             1201,859 
 1175,038      8             1202,187 
 1175,038      8             1202,484 
 1175,038      8             1202,781 
 1175,038      8             1203,094 
 1175,038      8             1203,391 
 1175,038      8             1203,687 
 1175,038      8             1204,031 
 1175,038      8             1204,375 
 1175,038      8             1204,656 
 1175,038      8             1204,922 
 1175,038      8             1205,203 
 1175,038      8             1205,641 
 1175,038      8             1206 
 1175,038      8             1206,297 
 1175,038      8             1206,594 
 1175,038      8             1206,906 
 1175,038      8             1207,203 
 1175,038      8             1207,594 
 1175,038      8             1207,937 
 1175,038      8             1208,25 
 1175,038      8             1208,562 
 1175,038      8             1208,859 
 1175,038      8             1209,203 
 1175,038      8             1209,547 
 1175,038      8             1209,859 
 1175,038      8             1210,141 
 1175,038      8             1210,437 
 1175,038      8             1210,703 
 1175,038      8             1211,016 
 1175,038      8             1211,375 
 1175,038      8             1211,797 
 1175,038      8             1212,125 
 1175,038      8             1212,453 
 1175,038      8             1212,766 
 1175,038      8             1213,078 
 1175,038      8             1213,422 
 1175,038      8             1213,734 
 1175,038      8             1214,062 
 1175,038      8             1214,359 
 1175,038      8             1214,687 
 1175,038      8             1215 
 1175,038      8             1215,375 
 1175,038      8             1215,719 
 1175,038      8             1216 
 1175,038      8             1216,266 
 1175,038      8             1216,578 
 1175,038      8             1216,922 
 1175,038      8             1217,328 
 1175,038      8             1217,625 
 1175,038      8             1217,937 
 1175,038      8             1218,219 
 1175,038      8             1218,594 
 1175,038      8             1218,875 
 1175,038      8             1219,281 
 1175,038      8             1219,578 
 1175,038      8             1219,859 
 1175,038      8             1220,156 
 1175,038      8             1220,484 
 1175,038      8             1220,812 
