Iteraciones:   1721 

Costo         Vehículos     Tiempo [seg]
 1776,602      13            0,89 
 1776,602      13            1,469 
 1776,602      13            2,14 
 1776,602      13            3,031 
 1776,602      13            3,844 
 1776,602      13            4,687 
 1776,602      13            5,437 
 1776,602      13            6,265 
 1776,602      13            7,14 
 1776,602      13            7,781 
 1776,602      13            8,515 
 1776,602      13            9,219 
 1776,602      13            9,922 
 1776,602      13            10,547 
 1776,602      13            11,219 
 1760,819      13            11,969 
 1760,819      13            12,656 
 1760,819      13            13,297 
 1760,819      13            14,094 
 1760,819      13            14,812 
 1760,819      13            15,422 
 1760,819      13            16,109 
 1721,764      13            16,844 
 1721,764      13            17,547 
 1721,764      13            18,281 
 1665,235      13            19,031 
 1665,235      13            19,797 
 1665,235      13            20,437 
 1665,235      13            20,969 
 1665,235      13            21,656 
 1665,235      13            22,297 
 1665,235      13            22,859 
 1665,235      13            23,484 
 1665,235      13            24,062 
 1655,417      13            24,687 
 1655,417      13            25,265 
 1655,417      13            25,875 
 1655,417      13            26,484 
 1655,417      13            27,172 
 1655,417      13            27,75 
 1655,417      13            28,359 
 1655,417      13            29,031 
 1655,417      13            29,64 
 1655,417      13            30,203 
 1655,417      13            30,765 
 1655,417      13            31,422 
 1655,417      13            32 
 1648,955      13            32,609 
 1648,955      13            33,234 
 1648,955      13            33,844 
 1648,955      13            34,453 
 1648,955      13            35,031 
 1648,955      13            35,765 
 1648,955      13            36,453 
 1648,955      13            37,078 
 1648,955      13            37,609 
 1648,955      13            38,297 
 1648,955      13            38,875 
 1648,955      13            39,422 
 1648,955      13            39,969 
 1648,955      13            40,64 
 1648,955      13            41,156 
 1648,955      13            41,797 
 1648,955      13            42,484 
 1648,955      13            43,094 
 1648,955      13            43,734 
 1648,955      13            44,265 
 1648,955      13            44,922 
 1648,955      13            45,547 
 1648,955      13            46,125 
 1648,955      13            46,703 
 1648,955      13            47,187 
 1648,955      13            47,797 
 1648,955      13            48,375 
 1648,955      13            48,953 
 1648,955      13            49,515 
 1648,955      13            50,156 
 1648,955      13            51,484 
 1648,955      13            52,922 
 1648,955      13            53,562 
 1648,955      13            54,203 
 1648,955      13            54,734 
 1648,955      13            55,453 
 1648,955      13            56,078 
 1648,955      13            56,703 
 1648,955      13            57,375 
 1648,955      13            57,937 
 1648,955      13            58,515 
 1648,955      13            59,14 
 1648,955      13            59,859 
 1648,955      13            60,484 
 1648,955      13            61,094 
 1648,955      13            61,828 
 1644,466      13            62,469 
 1644,466      13            63,062 
 1644,466      13            63,797 
 1644,466      13            64,281 
 1644,466      13            64,89 
 1644,466      13            65,437 
 1644,466      13            65,953 
 1644,466      13            66,578 
 1644,466      13            67,203 
 1644,466      13            67,765 
 1644,466      13            68,344 
 1644,466      13            68,906 
 1644,466      13            69,469 
 1644,466      13            70,015 
 1644,466      13            70,64 
 1644,466      13            71,234 
 1644,466      13            71,781 
 1644,466      13            72,406 
 1644,466      13            73 
 1644,466      13            73,469 
 1644,466      13            74,156 
 1644,466      13            74,781 
 1644,466      13            75,406 
 1644,466      13            75,984 
 1644,466      13            76,531 
 1644,466      13            77,125 
 1596,549      13            77,687 
 1596,549      13            78,328 
 1596,549      13            78,828 
 1596,549      13            79,547 
 1596,549      13            80,187 
 1596,549      13            80,64 
 1596,549      13            81,265 
 1596,549      13            81,937 
 1596,549      13            82,422 
 1593,804      13            82,984 
 1593,804      13            83,547 
 1593,804      13            84,047 
 1593,804      13            84,922 
 1593,804      13            85,5 
 1593,804      13            86,125 
 1593,804      13            86,797 
 1593,804      13            87,375 
 1593,804      13            88 
 1590,214      13            88,547 
 1590,214      13            89,234 
 1590,214      13            89,937 
 1590,214      13            90,625 
 1590,214      13            91,437 
 1590,214      13            92,14 
 1590,214      13            92,828 
 1590,214      13            93,453 
 1590,214      13            94,078 
 1590,214      13            94,703 
 1590,214      13            95,375 
 1590,214      13            95,937 
 1590,214      13            96,64 
 1590,214      13            97,375 
 1590,214      13            97,937 
 1590,214      13            98,687 
 1590,214      13            99,265 
 1590,214      13            99,969 
 1590,214      13            100,656 
 1590,214      13            101,281 
 1590,214      13            101,953 
 1590,214      13            102,531 
 1590,214      13            103,203 
 1590,214      13            103,781 
 1590,214      13            104,39 
 1590,214      13            105,031 
 1590,214      13            105,656 
 1590,214      13            106,281 
 1590,214      13            106,953 
 1590,214      13            107,531 
 1590,214      13            108,203 
 1590,214      13            108,765 
 1590,214      13            109,328 
 1590,214      13            109,953 
 1590,214      13            110,531 
 1590,214      13            111,156 
 1590,214      13            111,765 
 1590,214      13            112,344 
 1590,214      13            113,094 
 1590,214      13            113,703 
 1590,214      13            114,39 
 1590,214      13            115,078 
 1590,214      13            115,719 
 1590,214      13            116,281 
 1590,214      13            116,906 
 1590,214      13            117,64 
 1590,214      13            118,219 
 1590,214      13            118,844 
 1590,214      13            119,515 
 1590,214      13            120,094 
 1590,214      13            120,703 
 1590,214      13            121,281 
 1590,214      13            121,906 
 1590,214      13            122,515 
 1590,214      13            123,094 
 1590,214      13            123,656 
 1590,214      13            124,328 
 1590,214      13            124,969 
 1590,214      13            125,578 
 1590,214      13            126,203 
 1590,214      13            126,89 
 1590,214      13            127,594 
 1590,214      13            128,265 
 1590,214      13            128,969 
 1590,214      13            129,547 
 1590,214      13            130,156 
 1590,214      13            130,922 
 1590,214      13            131,531 
 1590,214      13            132,219 
 1590,214      13            132,797 
 1590,214      13            133,469 
 1590,214      13            134,156 
 1590,214      13            134,797 
 1590,214      13            135,469 
 1590,214      13            136,109 
 1590,214      13            136,672 
 1590,214      13            137,281 
 1590,214      13            137,797 
 1590,214      13            138,531 
 1590,214      13            139,109 
 1590,214      13            139,734 
 1590,214      13            140,344 
 1590,214      13            140,922 
 1590,214      13            141,484 
 1590,214      13            142,094 
 1590,214      13            142,734 
 1590,214      13            143,359 
 1590,214      13            144,031 
 1590,214      13            144,719 
 1590,214      13            145,281 
 1590,214      13            145,859 
 1590,214      13            146,531 
 1590,214      13            147,109 
 1590,214      13            147,719 
 1590,214      13            148,234 
 1590,214      13            148,922 
 1590,214      13            149,547 
 1590,214      13            150,156 
 1590,214      13            150,734 
 1590,214      13            151,359 
 1590,214      13            151,984 
 1590,214      13            152,531 
 1590,214      13            153,094 
 1590,214      13            153,734 
 1590,214      13            154,359 
 1590,214      13            154,984 
 1590,214      13            155,594 
 1590,214      13            156,219 
 1590,214      13            156,781 
 1590,214      13            157,406 
 1590,214      13            157,969 
 1590,214      13            158,656 
 1590,214      13            159,234 
 1590,214      13            159,906 
 1590,214      13            160,469 
 1590,214      13            161,047 
 1590,214      13            161,719 
 1590,214      13            162,344 
 1590,214      13            163,047 
 1590,214      13            163,719 
 1590,214      13            164,281 
 1590,214      13            164,906 
 1590,214      13            165,531 
 1590,214      13            166,172 
 1590,214      13            166,859 
 1590,214      13            167,469 
 1590,214      13            168,047 
 1590,214      13            168,656 
 1590,214      13            169,234 
 1590,214      13            169,922 
 1590,214      13            170,531 
 1590,214      13            171,047 
 1590,214      13            171,656 
 1590,214      13            172,297 
 1590,214      13            172,859 
 1590,214      13            173,422 
 1590,214      13            173,969 
 1590,214      13            174,547 
 1590,214      13            175,156 
 1590,214      13            175,797 
 1590,214      13            176,484 
 1590,214      13            177,094 
 1590,214      13            177,656 
 1590,214      13            178,234 
 1590,214      13            178,797 
 1590,214      13            179,406 
 1590,214      13            180,094 
 1590,214      13            180,719 
 1590,214      13            181,359 
 1590,214      13            182,047 
 1590,214      13            182,609 
 1590,214      13            183,234 
 1590,214      13            183,859 
 1590,214      13            184,531 
 1590,214      13            185,219 
 1590,214      13            185,859 
 1590,214      13            186,469 
 1590,214      13            187,109 
 1590,214      13            187,734 
 1590,214      13            188,422 
 1590,214      13            189,031 
 1590,214      13            189,609 
 1590,214      13            190,281 
 1590,214      13            190,859 
 1590,214      13            191,484 
 1590,214      13            192,219 
 1590,214      13            192,906 
 1590,214      13            193,609 
 1590,214      13            194,234 
 1590,214      13            194,906 
 1590,214      13            195,484 
 1590,214      13            196,172 
 1590,214      13            196,797 
 1590,214      13            197,437 
 1590,214      13            198,125 
 1590,214      13            198,797 
 1590,214      13            199,422 
 1590,214      13            200,109 
 1590,214      13            200,625 
 1590,214      13            201,234 
 1590,214      13            201,812 
 1590,214      13            202,422 
 1590,214      13            203,125 
 1590,214      13            203,812 
 1590,214      13            204,484 
 1590,214      13            205,047 
 1590,214      13            205,625 
 1590,214      13            206,234 
 1590,214      13            206,875 
 1590,214      13            207,5 
 1590,214      13            208,172 
 1590,214      13            208,922 
 1590,214      13            209,609 
 1590,214      13            210,234 
 1590,214      13            210,859 
 1590,214      13            211,422 
 1590,214      13            212,047 
 1590,214      13            212,625 
 1590,214      13            213,25 
 1590,214      13            213,859 
 1590,214      13            214,437 
 1590,214      13            215,125 
 1590,214      13            215,75 
 1590,214      13            216,359 
 1590,214      13            216,922 
 1590,214      13            217,484 
 1590,214      13            218,062 
 1590,214      13            218,734 
 1590,214      13            219,359 
 1590,214      13            220 
 1590,214      13            220,609 
 1590,214      13            221,25 
 1590,214      13            221,859 
 1590,214      13            222,437 
 1590,214      13            223,062 
 1590,214      13            223,672 
 1590,214      13            224,359 
 1590,214      13            225 
 1590,214      13            225,625 
 1590,214      13            226,234 
 1590,214      13            226,875 
 1590,214      13            227,562 
 1590,214      13            228,125 
 1590,214      13            228,75 
 1590,214      13            229,359 
 1590,214      13            229,937 
 1590,214      13            230,562 
 1590,214      13            231,234 
 1590,214      13            231,812 
 1590,214      13            232,422 
 1590,214      13            233,047 
 1590,214      13            233,625 
 1590,214      13            234,234 
 1590,214      13            234,797 
 1590,214      13            235,437 
 1590,214      13            236,062 
 1590,214      13            236,75 
 1590,214      13            237,375 
 1590,214      13            238,047 
 1590,214      13            238,687 
 1590,214      13            239,234 
 1590,214      13            239,859 
 1590,214      13            240,547 
 1590,214      13            241,172 
 1590,214      13            241,75 
 1590,214      13            242,375 
 1590,214      13            242,984 
 1590,214      13            243,625 
 1590,214      13            244,234 
 1590,214      13            244,922 
 1590,214      13            245,625 
 1590,214      13            246,25 
 1590,214      13            246,828 
 1590,214      13            247,453 
 1590,214      13            248,14 
 1590,214      13            248,812 
 1590,214      13            249,437 
 1590,214      13            250,078 
 1590,214      13            250,765 
 1590,214      13            251,578 
 1590,214      13            252,203 
 1590,214      13            252,875 
 1590,214      13            253,453 
 1590,214      13            254,078 
 1590,214      13            254,687 
 1590,214      13            255,265 
 1590,214      13            256 
 1590,214      13            256,687 
 1590,214      13            257,25 
 1590,214      13            257,89 
 1590,214      13            258,562 
 1590,214      13            259,187 
 1590,214      13            259,75 
 1590,214      13            260,312 
 1590,214      13            260,937 
 1590,214      13            261,578 
 1590,214      13            262,14 
 1590,214      13            262,812 
 1590,214      13            263,39 
 1590,214      13            263,953 
 1590,214      13            264,562 
 1590,214      13            265,187 
 1590,214      13            265,812 
 1590,214      13            266,328 
 1590,214      13            266,937 
 1590,214      13            267,562 
 1590,214      13            268,25 
 1590,214      13            268,828 
 1590,214      13            269,515 
 1590,214      13            270,078 
 1590,214      13            270,703 
 1590,214      13            271,328 
 1590,214      13            271,89 
 1590,214      13            272,453 
 1590,214      13            273,062 
 1590,214      13            273,64 
 1590,214      13            274,265 
 1590,214      13            274,875 
 1590,214      13            275,578 
 1590,214      13            276,14 
 1590,214      13            276,75 
 1590,214      13            277,39 
 1590,214      13            278,14 
 1590,214      13            278,765 
 1590,214      13            279,328 
 1590,214      13            280,015 
 1590,214      13            280,64 
 1590,214      13            281,265 
 1590,214      13            281,89 
 1590,214      13            282,515 
 1590,214      13            283,078 
 1590,214      13            283,812 
 1590,214      13            284,39 
 1590,214      13            285,062 
 1590,214      13            285,687 
 1590,214      13            286,375 
 1590,214      13            287 
 1590,214      13            287,625 
 1590,214      13            288,312 
 1590,214      13            288,89 
 1590,214      13            289,562 
 1590,214      13            290,125 
 1590,214      13            290,719 
 1590,214      13            291,328 
 1590,214      13            291,969 
 1590,214      13            292,531 
 1590,214      13            293,219 
 1590,214      13            293,844 
 1590,214      13            294,531 
 1590,214      13            295,14 
 1590,214      13            295,719 
 1590,214      13            296,328 
 1590,214      13            296,953 
 1590,214      13            297,531 
 1590,214      13            298,156 
 1590,214      13            298,765 
 1590,214      13            299,453 
 1590,214      13            300,031 
 1590,214      13            300,703 
 1590,214      13            301,328 
 1590,214      13            301,969 
 1590,214      13            302,578 
 1590,214      13            303,281 
 1590,214      13            303,89 
 1590,214      13            304,578 
 1590,214      13            305,203 
 1590,214      13            305,828 
 1590,214      13            306,578 
 1590,214      13            307,14 
 1590,214      13            307,703 
 1590,214      13            308,328 
 1590,214      13            308,89 
 1590,214      13            309,469 
 1590,214      13            310,031 
 1590,214      13            310,594 
 1590,214      13            311,203 
 1590,214      13            311,781 
 1590,214      13            312,406 
 1590,214      13            313,094 
 1590,214      13            313,656 
 1590,214      13            314,281 
 1590,214      13            314,906 
 1590,214      13            315,531 
 1590,214      13            316,219 
 1590,214      13            316,89 
 1590,214      13            317,515 
 1590,214      13            318,14 
 1590,214      13            318,765 
 1590,214      13            319,406 
 1590,214      13            320,031 
 1590,214      13            320,64 
 1590,214      13            321,265 
 1590,214      13            321,906 
 1590,214      13            322,578 
 1590,214      13            323,265 
 1590,214      13            323,844 
 1590,214      13            324,453 
 1590,214      13            325,156 
 1590,214      13            325,828 
 1590,214      13            326,453 
 1590,214      13            327,078 
 1590,214      13            327,719 
 1590,214      13            328,406 
 1590,214      13            329,031 
 1590,214      13            329,656 
 1590,214      13            330,344 
 1590,214      13            330,953 
 1590,214      13            331,578 
 1590,214      13            332,156 
 1590,214      13            332,719 
 1590,214      13            333,328 
 1590,214      13            334,14 
 1590,214      13            334,765 
 1590,214      13            335,344 
 1590,214      13            336,015 
 1590,214      13            336,594 
 1590,214      13            337,203 
 1590,214      13            337,953 
 1590,214      13            338,594 
 1590,214      13            339,203 
 1590,214      13            339,828 
 1590,214      13            340,406 
 1590,214      13            341,094 
 1590,214      13            341,781 
 1590,214      13            342,359 
 1590,214      13            342,969 
 1590,214      13            343,609 
 1590,214      13            344,234 
 1590,214      13            344,844 
 1590,214      13            345,422 
 1590,214      13            346,094 
 1590,214      13            346,672 
 1590,214      13            347,344 
 1590,214      13            347,922 
 1590,214      13            348,484 
 1590,214      13            349,109 
 1590,214      13            349,797 
 1590,214      13            350,422 
 1590,214      13            351,109 
 1590,214      13            351,781 
 1590,214      13            352,469 
 1590,214      13            353,109 
 1590,214      13            353,719 
 1590,214      13            354,297 
 1590,214      13            354,969 
 1590,214      13            355,594 
 1590,214      13            356,234 
 1590,214      13            356,797 
 1590,214      13            357,406 
 1590,214      13            358,031 
 1590,214      13            358,656 
 1590,214      13            359,344 
 1590,214      13            359,906 
 1590,214      13            360,547 
 1590,214      13            361,156 
 1590,214      13            361,797 
 1590,214      13            362,406 
 1590,214      13            362,984 
 1590,214      13            363,609 
 1590,214      13            364,219 
 1590,214      13            364,906 
 1590,214      13            365,547 
 1590,214      13            366,172 
 1590,214      13            366,781 
 1590,214      13            367,406 
 1590,214      13            367,984 
 1590,214      13            368,609 
 1590,214      13            369,219 
 1590,214      13            369,859 
 1590,214      13            370,469 
 1590,214      13            371,047 
 1590,214      13            371,609 
 1590,214      13            372,219 
 1590,214      13            372,797 
 1590,214      13            373,422 
 1590,214      13            374,031 
 1590,214      13            374,609 
 1590,214      13            375,234 
 1590,214      13            375,906 
 1590,214      13            376,484 
 1590,214      13            377,109 
 1590,214      13            377,672 
 1590,214      13            378,344 
 1590,214      13            378,922 
 1590,214      13            379,547 
 1590,214      13            380,156 
 1590,214      13            380,797 
 1590,214      13            381,406 
 1590,214      13            382,031 
 1590,214      13            382,609 
 1590,214      13            383,234 
 1590,214      13            383,859 
 1590,214      13            384,531 
 1590,214      13            385,047 
 1590,214      13            385,672 
 1590,214      13            386,25 
 1590,214      13            386,922 
 1590,214      13            387,484 
 1590,214      13            388,109 
 1590,214      13            388,734 
 1590,214      13            389,359 
 1590,214      13            389,984 
 1590,214      13            390,609 
 1590,214      13            391,187 
 1590,214      13            391,859 
 1590,214      13            392,484 
 1590,214      13            393,109 
 1590,214      13            393,734 
 1590,214      13            394,359 
 1590,214      13            394,984 
 1590,214      13            395,625 
 1590,214      13            396,297 
 1590,214      13            396,984 
 1590,214      13            397,609 
 1590,214      13            398,375 
 1590,214      13            398,984 
 1590,214      13            399,562 
 1590,214      13            400,234 
 1590,214      13            400,797 
 1590,214      13            401,437 
 1590,214      13            402,062 
 1590,214      13            402,672 
 1590,214      13            403,25 
 1590,214      13            403,922 
 1590,214      13            404,547 
 1590,214      13            405,234 
 1590,214      13            405,859 
 1590,214      13            406,625 
 1590,214      13            407,297 
 1590,214      13            407,937 
 1590,214      13            408,5 
 1590,214      13            409,234 
 1590,214      13            409,922 
 1590,214      13            410,547 
 1590,214      13            411,125 
 1590,214      13            411,797 
 1590,214      13            412,437 
 1590,214      13            413,047 
 1590,214      13            413,687 
 1590,214      13            414,375 
 1590,214      13            415 
 1590,214      13            415,672 
 1590,214      13            416,359 
 1590,214      13            417,047 
 1590,214      13            417,672 
 1590,214      13            418,375 
 1590,214      13            419 
 1590,214      13            419,672 
 1590,214      13            420,359 
 1590,214      13            420,984 
 1590,214      13            421,687 
 1590,214      13            422,297 
 1590,214      13            422,922 
 1590,214      13            423,609 
 1590,214      13            424,187 
 1590,214      13            424,797 
 1590,214      13            425,422 
 1590,214      13            425,984 
 1590,214      13            426,625 
 1590,214      13            427,234 
 1590,214      13            427,875 
 1590,214      13            428,484 
 1590,214      13            429,047 
 1590,214      13            429,672 
 1590,214      13            430,234 
 1590,214      13            430,859 
 1590,214      13            431,437 
 1590,214      13            432,125 
 1590,214      13            432,734 
 1590,214      13            433,375 
 1590,214      13            434 
 1590,214      13            434,609 
 1590,214      13            435,172 
 1590,214      13            435,765 
 1590,214      13            436,39 
 1590,214      13            437,015 
 1590,214      13            437,64 
 1590,214      13            438,265 
 1590,214      13            438,89 
 1590,214      13            439,562 
 1590,214      13            440,14 
 1590,214      13            440,703 
 1590,214      13            441,437 
 1590,214      13            442,14 
 1590,214      13            442,812 
 1590,214      13            443,437 
 1590,214      13            444,015 
 1590,214      13            444,687 
 1590,214      13            445,312 
 1590,214      13            446 
 1590,214      13            446,625 
 1590,214      13            447,25 
 1590,214      13            447,828 
 1590,214      13            448,437 
 1590,214      13            449,078 
 1590,214      13            449,765 
 1590,214      13            450,453 
 1590,214      13            451,078 
 1590,214      13            451,703 
 1590,214      13            452,375 
 1590,214      13            453,015 
 1590,214      13            453,64 
 1590,214      13            454,312 
 1588,182      13            454,875 
 1588,182      13            455,437 
 1588,182      13            456 
 1588,182      13            456,562 
 1588,182      13            457,125 
 1588,182      13            457,687 
 1588,182      13            458,312 
 1588,182      13            458,89 
 1588,182      13            459,515 
 1588,182      13            460,187 
 1588,182      13            460,812 
 1588,182      13            461,437 
 1588,182      13            462,125 
 1588,182      13            462,703 
 1588,182      13            463,375 
 1588,182      13            464,078 
 1588,182      13            464,765 
 1588,182      13            465,39 
 1588,182      13            466,015 
 1588,182      13            466,687 
 1588,182      13            467,265 
 1588,182      13            467,875 
 1588,182      13            468,578 
 1588,182      13            469,203 
 1588,182      13            469,765 
 1588,182      13            470,39 
 1588,182      13            471 
 1588,182      13            471,562 
 1588,182      13            472,187 
 1588,182      13            472,828 
 1588,182      13            473,5 
 1588,182      13            474,14 
 1588,182      13            474,812 
 1588,182      13            475,453 
 1588,182      13            476,062 
 1588,182      13            476,687 
 1588,182      13            477,328 
 1588,182      13            477,937 
 1588,182      13            478,515 
 1588,182      13            479,14 
 1588,182      13            479,765 
 1588,182      13            480,437 
 1588,182      13            481,078 
 1588,182      13            481,656 
 1588,182      13            482,406 
 1588,182      13            483,031 
 1588,182      13            483,594 
 1588,182      13            484,156 
 1588,182      13            484,781 
 1588,182      13            485,515 
 1588,182      13            486,094 
 1588,182      13            486,719 
 1588,182      13            487,406 
 1588,182      13            488,094 
 1588,182      13            488,719 
 1588,182      13            489,328 
 1588,182      13            489,969 
 1588,182      13            490,594 
 1588,182      13            491,265 
 1588,182      13            491,89 
 1588,182      13            492,469 
 1588,182      13            493,094 
 1588,182      13            493,703 
 1588,182      13            494,328 
 1588,182      13            494,969 
 1588,182      13            495,656 
 1588,182      13            496,328 
 1588,182      13            496,89 
 1588,182      13            497,531 
 1588,182      13            498,156 
 1588,182      13            498,89 
 1588,182      13            499,594 
 1588,182      13            500,281 
 1588,182      13            500,89 
 1588,182      13            501,578 
 1588,182      13            502,203 
 1588,182      13            502,781 
 1588,182      13            503,453 
 1588,182      13            504,078 
 1588,182      13            504,703 
 1588,182      13            505,344 
 1588,182      13            506,015 
 1588,182      13            506,656 
 1588,182      13            507,328 
 1588,182      13            507,953 
 1588,182      13            508,578 
 1588,182      13            509,281 
 1588,182      13            509,906 
 1588,182      13            510,469 
 1588,182      13            511,031 
 1588,182      13            511,64 
 1588,182      13            512,265 
 1588,182      13            512,906 
 1588,182      13            513,531 
 1588,182      13            514,156 
 1588,182      13            514,765 
 1588,182      13            515,453 
 1588,182      13            516,14 
 1588,182      13            516,719 
 1588,182      13            517,406 
 1588,182      13            518,094 
 1588,182      13            518,703 
 1588,182      13            519,344 
 1588,182      13            519,953 
 1588,182      13            520,594 
 1588,182      13            521,265 
 1588,182      13            521,953 
 1588,182      13            522,656 
 1588,182      13            523,344 
 1588,182      13            523,969 
 1588,182      13            524,578 
 1588,182      13            525,203 
 1588,182      13            525,844 
 1588,182      13            526,469 
 1588,182      13            527,172 
 1588,182      13            527,844 
 1588,182      13            528,469 
 1588,182      13            529,109 
 1588,182      13            529,734 
 1588,182      13            530,359 
 1588,182      13            530,984 
 1588,182      13            531,734 
 1588,182      13            532,344 
 1588,182      13            532,984 
 1588,182      13            533,594 
 1588,182      13            534,281 
 1588,182      13            534,906 
 1588,182      13            535,484 
 1588,182      13            536,156 
 1588,182      13            536,797 
 1588,182      13            537,469 
 1588,182      13            538,094 
 1588,182      13            538,734 
 1588,182      13            539,406 
 1588,182      13            540,031 
 1588,182      13            540,656 
 1588,182      13            541,234 
 1588,182      13            541,969 
 1588,182      13            542,547 
 1588,182      13            543,172 
 1588,182      13            543,781 
 1588,182      13            544,422 
 1588,182      13            545,047 
 1588,182      13            545,734 
 1588,182      13            546,359 
 1588,182      13            546,922 
 1588,182      13            547,547 
 1588,182      13            548,172 
 1588,182      13            548,844 
 1588,182      13            549,469 
 1588,182      13            550,156 
 1588,182      13            550,797 
 1588,182      13            551,484 
 1588,182      13            552,156 
 1588,182      13            552,719 
 1588,182      13            553,344 
 1588,182      13            553,922 
 1588,182      13            554,656 
 1588,182      13            555,234 
 1588,182      13            555,844 
 1588,182      13            556,422 
 1588,182      13            557,031 
 1588,182      13            557,609 
 1588,182      13            558,172 
 1588,182      13            558,844 
 1588,182      13            559,469 
 1588,182      13            560,156 
 1588,182      13            560,781 
 1588,182      13            561,406 
 1588,182      13            561,984 
 1588,182      13            562,547 
 1588,182      13            563,172 
 1588,182      13            563,859 
 1588,182      13            564,484 
 1588,182      13            565,219 
 1588,182      13            565,859 
 1588,182      13            566,531 
 1588,182      13            567,156 
 1588,182      13            567,859 
 1588,182      13            568,484 
 1588,182      13            569,094 
 1588,182      13            569,719 
 1588,182      13            570,344 
 1588,182      13            570,984 
 1588,182      13            571,672 
 1588,182      13            572,297 
 1588,182      13            572,984 
 1588,182      13            573,547 
 1588,182      13            574,234 
 1588,182      13            574,812 
 1588,182      13            575,437 
 1588,182      13            576,062 
 1588,182      13            576,75 
 1588,182      13            577,484 
 1588,182      13            578,109 
 1588,182      13            578,687 
 1588,182      13            579,375 
 1588,182      13            580,047 
 1588,182      13            580,625 
 1588,182      13            581,25 
 1588,182      13            581,937 
 1588,182      13            582,547 
 1588,182      13            583,172 
 1588,182      13            583,734 
 1588,182      13            584,359 
 1588,182      13            584,937 
 1588,182      13            585,562 
 1588,182      13            586,125 
 1588,182      13            586,812 
 1588,182      13            587,484 
 1588,182      13            588,047 
 1588,182      13            588,609 
 1588,182      13            589,187 
 1588,182      13            589,797 
 1588,182      13            590,547 
 1588,182      13            591,187 
 1588,182      13            591,875 
 1588,182      13            592,484 
 1588,182      13            593,172 
 1588,182      13            593,797 
 1588,182      13            594,437 
 1588,182      13            595,125 
 1588,182      13            595,75 
 1588,182      13            596,437 
 1588,182      13            597,047 
 1588,182      13            597,687 
 1588,182      13            598,297 
 1588,182      13            598,875 
 1588,182      13            599,547 
 1588,182      13            600,172 
 1588,182      13            600,797 
 1588,182      13            601,422 
 1588,182      13            602,062 
 1588,182      13            602,734 
 1588,182      13            603,359 
 1588,182      13            604 
 1588,182      13            604,625 
 1588,182      13            605,25 
 1588,182      13            605,875 
 1588,182      13            606,437 
 1588,182      13            607,062 
 1588,182      13            607,687 
 1588,182      13            608,312 
 1588,182      13            608,937 
 1588,182      13            609,5 
 1588,182      13            610,125 
 1588,182      13            610,797 
 1588,182      13            611,437 
 1588,182      13            612,062 
 1588,182      13            612,687 
 1588,182      13            613,312 
 1588,182      13            613,922 
 1588,182      13            614,547 
 1588,182      13            615,125 
 1588,182      13            615,703 
 1588,182      13            616,312 
 1588,182      13            617 
 1588,182      13            617,687 
 1588,182      13            618,312 
 1588,182      13            618,89 
 1588,182      13            619,515 
 1588,182      13            620,187 
 1588,182      13            620,765 
 1588,182      13            621,312 
 1588,182      13            621,953 
 1588,182      13            622,562 
 1588,182      13            623,203 
 1588,182      13            623,812 
 1588,182      13            624,515 
 1588,182      13            625,078 
 1588,182      13            625,687 
 1588,182      13            626,25 
 1588,182      13            626,875 
 1588,182      13            627,453 
 1588,182      13            628,078 
 1588,182      13            628,64 
 1588,182      13            629,265 
 1588,182      13            629,875 
 1588,182      13            630,5 
 1588,182      13            631,187 
 1588,182      13            631,812 
 1588,182      13            632,437 
 1588,182      13            633,015 
 1588,182      13            633,625 
 1588,182      13            634,25 
 1588,182      13            634,875 
 1588,182      13            635,5 
 1588,182      13            636,062 
 1588,182      13            636,687 
 1588,182      13            637,265 
 1588,182      13            637,875 
 1588,182      13            638,437 
 1588,182      13            639,062 
 1588,182      13            639,64 
 1588,182      13            640,265 
 1588,182      13            640,875 
 1588,182      13            641,453 
 1588,182      13            642,078 
 1588,182      13            642,703 
 1588,182      13            643,39 
 1588,182      13            644,062 
 1588,182      13            644,64 
 1588,182      13            645,25 
 1588,182      13            645,89 
 1588,182      13            646,453 
 1588,182      13            647,015 
 1588,182      13            647,64 
 1588,182      13            648,312 
 1588,182      13            649 
 1588,182      13            649,578 
 1588,182      13            650,25 
 1588,182      13            650,875 
 1588,182      13            651,5 
 1588,182      13            652,078 
 1588,182      13            652,75 
 1588,182      13            653,39 
 1588,182      13            654,078 
 1588,182      13            654,765 
 1588,182      13            655,437 
 1588,182      13            656,015 
 1588,182      13            656,687 
 1588,182      13            657,312 
 1588,182      13            657,89 
 1588,182      13            658,64 
 1588,182      13            659,203 
 1588,182      13            659,812 
 1588,182      13            660,453 
 1588,182      13            661,078 
 1588,182      13            661,828 
 1588,182      13            662,453 
 1588,182      13            663,078 
 1588,182      13            663,703 
 1588,182      13            664,281 
 1588,182      13            664,906 
 1588,182      13            665,578 
 1588,182      13            666,14 
 1588,182      13            666,703 
 1588,182      13            667,281 
 1588,182      13            667,89 
 1588,182      13            668,515 
 1588,182      13            669,203 
 1588,182      13            669,906 
 1588,182      13            670,531 
 1588,182      13            671,156 
 1588,182      13            671,765 
 1588,182      13            672,281 
 1588,182      13            672,969 
 1588,182      13            673,594 
 1588,182      13            674,203 
 1588,182      13            674,844 
 1588,182      13            675,515 
 1588,182      13            676,094 
 1588,182      13            676,719 
 1588,182      13            677,453 
 1588,182      13            678,094 
 1588,182      13            678,765 
 1588,182      13            679,39 
 1588,182      13            680,094 
 1588,182      13            680,719 
 1588,182      13            681,328 
 1588,182      13            681,906 
 1588,182      13            682,578 
 1588,182      13            683,328 
 1588,182      13            684,015 
 1588,182      13            684,703 
 1588,182      13            685,328 
 1588,182      13            685,906 
 1588,182      13            686,469 
 1588,182      13            687,078 
 1588,182      13            687,656 
 1588,182      13            688,344 
 1588,182      13            689,078 
 1588,182      13            689,765 
 1588,182      13            690,453 
 1588,182      13            691,078 
 1588,182      13            691,703 
 1588,182      13            692,344 
 1588,182      13            692,969 
 1588,182      13            693,719 
 1588,182      13            694,344 
 1588,182      13            695,094 
 1588,182      13            695,781 
 1588,182      13            696,469 
 1588,182      13            697,094 
 1588,182      13            697,719 
 1588,182      13            698,265 
 1588,182      13            698,89 
 1588,182      13            699,515 
 1588,182      13            700,14 
 1588,182      13            700,781 
 1588,182      13            701,39 
 1588,182      13            702,078 
 1588,182      13            702,719 
 1588,182      13            703,281 
 1588,182      13            703,969 
 1588,182      13            704,594 
 1588,182      13            705,203 
 1588,182      13            705,906 
 1588,182      13            706,484 
 1588,182      13            707,094 
 1588,182      13            707,719 
 1588,182      13            708,297 
 1588,182      13            708,984 
 1588,182      13            709,672 
 1588,182      13            710,281 
 1588,182      13            710,906 
 1588,182      13            711,547 
 1588,182      13            712,156 
 1588,182      13            712,797 
 1588,182      13            713,422 
 1588,182      13            714,047 
 1588,182      13            714,719 
 1588,182      13            715,406 
 1588,182      13            716,031 
 1588,182      13            716,656 
 1588,182      13            717,234 
 1588,182      13            717,859 
 1588,182      13            718,469 
 1588,182      13            719,047 
 1588,182      13            719,656 
 1588,182      13            720,359 
 1588,182      13            720,984 
 1588,182      13            721,609 
 1588,182      13            722,234 
 1588,182      13            722,797 
 1588,182      13            723,422 
 1588,182      13            724,094 
 1588,182      13            724,797 
 1588,182      13            725,406 
 1588,182      13            726,031 
 1588,182      13            726,547 
 1588,182      13            727,156 
 1588,182      13            727,844 
 1588,182      13            728,547 
 1588,182      13            729,219 
 1588,182      13            729,797 
 1588,182      13            730,422 
 1588,182      13            731,031 
 1588,182      13            731,609 
 1588,182      13            732,297 
 1588,182      13            732,89 
 1588,182      13            733,578 
 1588,182      13            734,312 
 1588,182      13            734,89 
 1588,182      13            735,453 
 1588,182      13            736,062 
 1588,182      13            736,687 
 1588,182      13            737,265 
 1588,182      13            737,953 
 1588,182      13            738,64 
 1588,182      13            739,25 
 1588,182      13            739,937 
 1588,182      13            740,5 
 1588,182      13            741,125 
 1588,182      13            741,812 
 1588,182      13            742,453 
 1588,182      13            743,125 
 1588,182      13            743,765 
 1588,182      13            744,515 
 1588,182      13            745,187 
 1588,182      13            745,812 
 1588,182      13            746,5 
 1588,182      13            747,125 
 1588,182      13            747,765 
 1588,182      13            748,5 
 1588,182      13            749,094 
 1588,182      13            749,765 
 1588,182      13            750,453 
 1588,182      13            751,047 
 1588,182      13            751,625 
 1588,182      13            752,234 
 1588,182      13            752,812 
 1588,182      13            753,484 
 1588,182      13            754,125 
 1588,182      13            754,734 
 1588,182      13            755,359 
 1588,182      13            755,984 
 1588,182      13            756,625 
 1588,182      13            757,297 
 1588,182      13            757,922 
 1588,182      13            758,562 
 1588,182      13            759,172 
 1588,182      13            759,797 
 1588,182      13            760,375 
 1588,182      13            761 
 1588,182      13            761,672 
 1588,182      13            762,297 
 1588,182      13            762,937 
 1588,182      13            763,672 
 1588,182      13            764,312 
 1588,182      13            764,922 
 1588,182      13            765,562 
 1588,182      13            766,172 
 1588,182      13            766,75 
 1588,182      13            767,437 
 1588,182      13            768,297 
 1588,182      13            768,875 
 1588,182      13            769,562 
 1588,182      13            770,25 
 1588,182      13            770,875 
 1588,182      13            771,5 
 1588,182      13            772,125 
 1588,182      13            772,812 
 1588,182      13            773,437 
 1588,182      13            774,062 
 1588,182      13            774,672 
 1588,182      13            775,297 
 1588,182      13            775,875 
 1588,182      13            776,437 
 1588,182      13            777,047 
 1588,182      13            777,672 
 1588,182      13            778,359 
 1588,182      13            779,047 
 1588,182      13            779,672 
 1588,182      13            780,234 
 1588,182      13            780,984 
 1588,182      13            781,609 
 1588,182      13            782,187 
 1588,182      13            782,797 
 1588,182      13            783,437 
 1588,182      13            784 
 1588,182      13            784,609 
 1588,182      13            785,187 
 1588,182      13            785,875 
 1588,182      13            786,5 
 1588,182      13            787,109 
 1588,182      13            787,734 
 1588,182      13            788,312 
 1588,182      13            789,109 
 1588,182      13            789,75 
 1588,182      13            790,422 
 1588,182      13            791 
 1588,182      13            791,562 
 1588,182      13            792,187 
 1588,182      13            792,797 
 1588,182      13            793,437 
 1588,182      13            794,125 
 1588,182      13            794,687 
 1588,182      13            795,375 
 1588,182      13            796,015 
 1588,182      13            796,594 
 1588,182      13            797,156 
 1588,182      13            797,828 
 1588,182      13            798,39 
 1588,182      13            798,969 
 1588,182      13            799,656 
 1588,182      13            800,265 
 1588,182      13            800,89 
 1588,182      13            801,515 
 1588,182      13            802,203 
 1588,182      13            802,844 
 1588,182      13            803,453 
 1588,182      13            804,14 
 1588,182      13            804,828 
 1588,182      13            805,469 
 1588,182      13            806,094 
 1588,182      13            806,765 
 1588,182      13            807,344 
 1588,182      13            808,031 
 1588,182      13            808,656 
 1588,182      13            809,328 
 1588,182      13            810,031 
 1588,182      13            810,656 
 1588,182      13            811,219 
 1588,182      13            811,828 
 1588,182      13            812,406 
 1588,182      13            813,078 
 1588,182      13            813,703 
 1588,182      13            814,344 
 1588,182      13            814,953 
 1588,182      13            815,656 
 1588,182      13            816,281 
 1588,182      13            816,89 
 1588,182      13            817,531 
 1588,182      13            818,14 
 1588,182      13            818,765 
 1588,182      13            819,328 
 1588,182      13            819,969 
 1588,182      13            820,531 
 1588,182      13            821,203 
 1588,182      13            821,828 
 1588,182      13            822,515 
 1588,182      13            823,094 
 1588,182      13            823,703 
 1588,182      13            824,328 
 1588,182      13            824,969 
 1588,182      13            825,594 
 1588,182      13            826,156 
 1588,182      13            826,765 
 1588,182      13            827,39 
 1588,182      13            827,953 
 1588,182      13            828,719 
 1588,182      13            829,344 
 1588,182      13            829,969 
 1588,182      13            830,64 
 1588,182      13            831,265 
 1588,182      13            831,844 
 1588,182      13            832,469 
 1588,182      13            833,015 
 1588,182      13            833,703 
 1588,182      13            834,344 
 1588,182      13            834,89 
 1588,182      13            835,531 
 1588,182      13            836,094 
 1588,182      13            836,656 
 1588,182      13            837,328 
 1588,182      13            838,015 
 1588,182      13            838,594 
 1588,182      13            839,265 
 1588,182      13            839,906 
 1588,182      13            840,531 
 1588,182      13            841,172 
 1588,182      13            841,781 
 1588,182      13            842,344 
 1588,182      13            843,047 
 1588,182      13            843,672 
 1588,182      13            844,359 
 1588,182      13            845,031 
 1588,182      13            845,656 
 1588,182      13            846,219 
 1588,182      13            846,797 
 1588,182      13            847,469 
 1588,182      13            848,219 
 1588,182      13            848,859 
 1588,182      13            849,469 
 1588,182      13            850,172 
 1588,182      13            850,797 
 1588,182      13            851,531 
 1588,182      13            852,109 
 1588,182      13            852,734 
 1588,182      13            853,359 
 1588,182      13            854,031 
 1588,182      13            854,734 
 1588,182      13            855,422 
 1588,182      13            856,094 
 1588,182      13            856,656 
 1588,182      13            857,281 
 1588,182      13            857,859 
 1588,182      13            858,469 
 1588,182      13            859,094 
 1588,182      13            859,719 
 1588,182      13            860,422 
 1588,182      13            861,094 
 1588,182      13            861,719 
 1588,182      13            862,297 
 1588,182      13            862,859 
 1588,182      13            863,422 
 1588,182      13            864,031 
 1588,182      13            864,656 
 1588,182      13            865,359 
 1588,182      13            865,984 
 1588,182      13            866,609 
 1588,182      13            867,281 
 1588,182      13            867,922 
 1588,182      13            868,656 
 1588,182      13            869,234 
 1588,182      13            869,859 
 1588,182      13            870,469 
 1588,182      13            871,094 
 1588,182      13            871,734 
 1588,182      13            872,422 
 1588,182      13            873,047 
 1588,182      13            873,781 
 1588,182      13            874,359 
 1588,182      13            874,984 
 1588,182      13            875,672 
 1588,182      13            876,344 
 1588,182      13            876,969 
 1588,182      13            877,594 
 1588,182      13            878,234 
 1588,182      13            878,844 
 1588,182      13            879,469 
 1588,182      13            880,031 
 1588,182      13            880,656 
 1588,182      13            881,219 
 1588,182      13            881,859 
 1588,182      13            882,594 
 1588,182      13            883,172 
 1588,182      13            883,781 
 1588,182      13            884,422 
 1588,182      13            884,969 
 1588,182      13            885,562 
 1588,182      13            886,25 
 1588,182      13            886,859 
 1588,182      13            887,5 
 1588,182      13            888,125 
 1588,182      13            888,734 
 1588,182      13            889,375 
 1588,182      13            890 
 1588,182      13            890,625 
 1588,182      13            891,297 
 1588,182      13            891,875 
 1588,182      13            892,5 
 1588,182      13            893,125 
 1588,182      13            893,734 
 1588,182      13            894,359 
 1588,182      13            895,047 
 1588,182      13            895,734 
 1588,182      13            896,375 
 1588,182      13            896,984 
 1588,182      13            897,672 
 1588,182      13            898,375 
 1588,182      13            898,937 
 1588,182      13            899,547 
 1588,182      13            900,187 
 1588,182      13            900,734 
 1588,182      13            901,375 
 1588,182      13            901,984 
 1588,182      13            902,672 
 1588,182      13            903,297 
 1588,182      13            903,937 
 1588,182      13            904,547 
 1588,182      13            905,172 
 1588,182      13            905,734 
 1588,182      13            906,359 
 1588,182      13            906,984 
 1588,182      13            907,609 
 1588,182      13            908,187 
 1588,182      13            908,797 
 1588,182      13            909,375 
 1588,182      13            910,047 
 1588,182      13            910,687 
 1588,182      13            911,375 
 1588,182      13            912,047 
 1588,182      13            912,687 
 1588,182      13            913,359 
 1588,182      13            914 
 1588,182      13            914,687 
 1588,182      13            915,312 
 1588,182      13            916 
 1588,182      13            916,672 
 1588,182      13            917,312 
 1588,182      13            917,937 
 1588,182      13            918,562 
 1588,182      13            919,172 
 1588,182      13            919,859 
 1588,182      13            920,437 
 1588,182      13            921,109 
 1588,182      13            921,734 
 1588,182      13            922,359 
 1588,182      13            923,062 
 1588,182      13            923,687 
 1588,182      13            924,359 
 1588,182      13            924,922 
 1588,182      13            925,5 
 1588,182      13            926,062 
 1588,182      13            926,672 
 1588,182      13            927,312 
 1588,182      13            927,937 
 1588,182      13            928,672 
 1588,182      13            929,297 
 1588,182      13            929,922 
 1588,182      13            930,562 
 1588,182      13            931,203 
 1588,182      13            931,812 
 1588,182      13            932,437 
 1588,182      13            933,015 
 1588,182      13            933,578 
 1588,182      13            934,203 
 1588,182      13            934,812 
 1588,182      13            935,375 
 1588,182      13            935,953 
 1588,182      13            936,625 
 1588,182      13            937,265 
 1588,182      13            937,937 
 1588,182      13            938,578 
 1588,182      13            939,203 
 1588,182      13            939,812 
 1588,182      13            940,39 
 1588,182      13            941,125 
 1588,182      13            941,812 
 1588,182      13            942,453 
 1588,182      13            943,047 
 1588,182      13            943,656 
 1588,182      13            944,234 
 1588,182      13            944,969 
 1588,182      13            945,672 
 1588,182      13            946,297 
 1588,182      13            946,969 
 1588,182      13            947,609 
 1588,182      13            948,234 
 1588,182      13            948,844 
 1588,182      13            949,469 
 1588,182      13            950,109 
 1588,182      13            950,734 
 1588,182      13            951,422 
 1588,182      13            952,109 
 1588,182      13            952,844 
 1588,182      13            953,484 
 1588,182      13            954,109 
 1588,182      13            954,844 
 1588,182      13            955,531 
 1588,182      13            956,156 
 1588,182      13            956,781 
 1588,182      13            957,344 
 1588,182      13            957,922 
 1588,182      13            958,547 
 1588,182      13            959,172 
 1588,182      13            959,797 
 1588,182      13            960,422 
 1588,182      13            961,031 
 1588,182      13            961,719 
 1588,182      13            962,344 
 1588,182      13            963,031 
 1588,182      13            963,594 
 1588,182      13            964,297 
 1588,182      13            964,859 
 1588,182      13            965,531 
 1588,182      13            966,094 
 1588,182      13            966,719 
 1588,182      13            967,297 
 1588,182      13            967,922 
 1588,182      13            968,531 
 1588,182      13            969,109 
 1588,182      13            969,734 
 1588,182      13            970,297 
 1588,182      13            971,047 
 1588,182      13            971,734 
 1588,182      13            972,359 
 1588,182      13            972,984 
 1588,182      13            973,609 
 1588,182      13            974,281 
 1588,182      13            974,969 
 1588,182      13            975,547 
 1588,182      13            976,234 
 1588,182      13            976,812 
 1588,182      13            977,484 
 1588,182      13            978,172 
 1588,182      13            978,875 
 1588,182      13            979,547 
 1588,182      13            980,187 
 1588,182      13            980,859 
 1588,182      13            981,5 
 1588,182      13            982,047 
 1588,182      13            982,672 
 1588,182      13            983,359 
 1588,182      13            983,984 
 1588,182      13            984,625 
 1588,182      13            985,375 
 1588,182      13            986 
 1588,182      13            986,687 
 1588,182      13            987,312 
 1588,182      13            987,984 
 1588,182      13            988,734 
 1588,182      13            989,312 
 1588,182      13            989,984 
 1588,182      13            990,625 
 1588,182      13            991,234 
 1588,182      13            991,812 
 1588,182      13            992,422 
 1588,182      13            993,047 
 1588,182      13            993,609 
 1588,182      13            994,187 
 1588,182      13            994,922 
 1588,182      13            995,547 
 1588,182      13            996,172 
 1588,182      13            996,812 
 1588,182      13            997,484 
 1588,182      13            998,062 
 1588,182      13            998,687 
 1588,182      13            999,312 
 1588,182      13            999,984 
 1588,182      13            1000,625 
 1588,182      13            1001,297 
 1588,182      13            1001,984 
 1588,182      13            1002,734 
 1588,182      13            1003,359 
 1588,182      13            1004,047 
 1588,182      13            1004,687 
 1588,182      13            1005,312 
 1588,182      13            1006,109 
 1588,182      13            1006,687 
 1588,182      13            1007,312 
 1588,182      13            1007,937 
 1588,182      13            1008,5 
 1588,182      13            1009,172 
 1588,182      13            1009,859 
 1588,182      13            1010,547 
 1588,182      13            1011,125 
 1588,182      13            1011,734 
 1588,182      13            1012,359 
 1588,182      13            1012,922 
 1588,182      13            1013,609 
 1588,182      13            1014,234 
 1588,182      13            1014,859 
 1588,182      13            1015,484 
 1588,182      13            1016 
 1588,182      13            1016,75 
 1588,182      13            1017,422 
 1588,182      13            1018,047 
 1588,182      13            1018,687 
 1588,182      13            1019,25 
 1588,182      13            1019,922 
 1588,182      13            1020,5 
 1588,182      13            1021,156 
 1588,182      13            1021,734 
 1588,182      13            1022,344 
 1588,182      13            1022,969 
 1588,182      13            1023,609 
 1588,182      13            1024,234 
 1588,182      13            1024,906 
 1588,182      13            1025,484 
 1588,182      13            1026,172 
 1588,182      13            1026,859 
 1588,182      13            1027,484 
 1588,182      13            1028,156 
 1588,182      13            1028,859 
 1588,182      13            1029,484 
 1588,182      13            1030,109 
 1588,182      13            1030,781 
 1588,182      13            1031,359 
 1588,182      13            1031,969 
 1588,182      13            1032,594 
 1588,182      13            1033,281 
 1588,182      13            1034,094 
 1588,182      13            1034,781 
 1588,182      13            1035,125 
 1588,182      13            1035,469 
 1588,182      13            1035,765 
 1588,182      13            1036,109 
 1588,182      13            1036,437 
 1588,182      13            1036,781 
 1588,182      13            1037,109 
 1588,182      13            1037,437 
 1588,182      13            1037,781 
 1588,182      13            1038,109 
 1588,182      13            1038,453 
 1588,182      13            1038,781 
 1588,182      13            1039,14 
 1588,182      13            1039,484 
 1588,182      13            1039,844 
 1588,182      13            1040,234 
 1588,182      13            1040,625 
 1588,182      13            1041,047 
 1588,182      13            1041,422 
 1588,182      13            1041,844 
 1588,182      13            1042,203 
 1588,182      13            1042,609 
 1588,182      13            1042,969 
 1588,182      13            1043,359 
 1588,182      13            1043,734 
 1588,182      13            1044,109 
 1588,182      13            1044,547 
 1588,182      13            1044,984 
 1588,182      13            1045,39 
 1588,182      13            1045,844 
 1588,182      13            1046,219 
 1588,182      13            1046,594 
 1588,182      13            1047 
 1588,182      13            1047,344 
 1588,182      13            1047,703 
 1588,182      13            1048,109 
 1588,182      13            1048,515 
 1588,182      13            1048,859 
 1588,182      13            1049,328 
 1588,182      13            1049,703 
 1588,182      13            1050,14 
 1588,182      13            1050,562 
 1588,182      13            1050,89 
 1588,182      13            1051,203 
 1588,182      13            1051,578 
 1588,182      13            1051,922 
 1588,182      13            1052,344 
 1588,182      13            1052,781 
 1588,182      13            1053,156 
 1588,182      13            1053,469 
 1588,182      13            1053,765 
 1588,182      13            1054,125 
 1588,182      13            1054,5 
 1588,182      13            1054,89 
 1588,182      13            1055,265 
 1588,182      13            1055,594 
 1588,182      13            1056 
 1588,182      13            1056,344 
 1588,182      13            1056,781 
 1588,182      13            1057,187 
 1588,182      13            1057,484 
 1588,182      13            1057,765 
 1588,182      13            1058,125 
 1588,182      13            1058,453 
 1588,182      13            1058,906 
 1588,182      13            1059,297 
 1588,182      13            1059,656 
 1588,182      13            1060,031 
 1588,182      13            1060,469 
 1588,182      13            1060,937 
 1588,182      13            1061,265 
 1588,182      13            1061,594 
 1588,182      13            1061,922 
 1588,182      13            1062,25 
 1588,182      13            1062,562 
 1588,182      13            1063 
 1588,182      13            1063,39 
 1588,182      13            1063,734 
 1588,182      13            1064,094 
 1588,182      13            1064,406 
 1588,182      13            1064,812 
 1588,182      13            1065,172 
 1588,182      13            1065,453 
 1588,182      13            1065,922 
 1588,182      13            1066,344 
