Costo de la solución:
 865,944505637569 

1	1	117,928	163	0	50	33	81	9	35	71	65	66	20	51	1	0
1	2	117,549	178	0	52	7	19	11	64	49	36	47	48	82	18	0
1	3	107,076	153	0	26	4	56	23	67	39	25	55	54	0
1	4	111,404	191	0	13	87	42	43	14	44	38	86	16	61	99	0
1	5	90,255	169	0	28	76	77	3	79	78	34	29	24	68	80	12	0
1	6	89,161	93	0	89	60	83	8	46	45	17	84	5	6	0
1	7	59,35	199	0	96	59	93	85	91	100	37	98	92	97	95	94	0
1	8	90,12	155	0	27	69	70	30	32	90	63	10	62	88	31	0
1	9	83,096	157	0	58	2	57	15	41	22	75	74	72	73	21	40	53	0
1	10	0	0	0	0

Tiempo de ejecución:
 393,862562499999 
