Iteraciones:   1726 

Costo         Vehículos     Tiempo [seg]
 1871,756      13            2,945 
 1871,756      13            5,405 
 1871,756      13            7,49 
 1803,664      13            9,713 
 1803,664      13            11,828 
 1803,664      13            13,723 
 1751,227      13            15,544 
 1751,227      13            17,115 
 1751,227      13            18,703 
 1751,227      13            20,258 
 1751,227      13            21,739 
 1672,557      13            23,29 
 1672,557      13            24,686 
 1669,033      13            26,576 
 1669,033      13            27,933 
 1669,033      13            29,321 
 1669,033      13            30,835 
 1669,033      13            32,309 
 1659,024      13            33,801 
 1659,024      13            35,185 
 1659,024      13            36,6 
 1659,024      13            37,805 
 1659,024      13            39,291 
 1659,024      13            40,649 
 1659,024      13            41,972 
 1659,024      13            43,184 
 1659,024      13            44,414 
 1659,024      13            45,856 
 1659,024      13            47,192 
 1659,024      13            48,544 
 1659,024      13            49,994 
 1614,423      13            51,356 
 1614,423      13            52,688 
 1614,423      13            54,059 
 1614,423      13            55,296 
 1614,423      13            56,672 
 1614,423      13            58,258 
 1614,423      13            59,723 
 1614,423      13            60,863 
 1614,423      13            62,238 
 1614,423      13            63,488 
 1614,423      13            64,762 
 1614,423      13            66,123 
 1609,225      13            67,622 
 1609,225      13            69,16 
 1609,225      13            70,532 
 1609,225      13            71,874 
 1609,225      13            73,232 
 1609,225      13            74,59 
 1609,225      13            75,941 
 1609,225      13            77,231 
 1609,225      13            78,694 
 1609,225      13            79,985 
 1609,225      13            81,311 
 1609,225      13            82,628 
 1609,225      13            83,987 
 1609,225      13            85,348 
 1609,225      13            86,632 
 1609,225      13            88,013 
 1609,225      13            89,498 
 1609,225      13            90,772 
 1609,225      13            92,369 
 1609,225      13            93,62 
 1609,225      13            95,007 
 1609,225      13            96,532 
 1609,225      13            97,898 
 1609,225      13            99,305 
 1609,225      13            100,687 
 1609,225      13            102,169 
 1609,225      13            103,542 
 1609,225      13            104,881 
 1609,225      13            106,156 
 1609,225      13            107,62 
 1609,225      13            109,004 
 1609,225      13            110,374 
 1609,225      13            111,923 
 1609,225      13            113,322 
 1609,225      13            115,035 
 1609,225      13            116,461 
 1609,225      13            117,811 
 1609,225      13            119,307 
 1609,225      13            120,712 
 1609,225      13            122,42 
 1609,225      13            123,952 
 1609,225      13            124,338 
 1609,225      13            124,687 
 1609,225      13            125,019 
 1609,225      13            125,411 
 1609,225      13            125,737 
 1609,225      13            126,086 
 1609,225      13            126,431 
 1609,225      13            126,781 
 1609,225      13            127,137 
 1609,225      13            127,48 
 1609,225      13            127,825 
 1609,225      13            128,212 
 1609,225      13            128,532 
 1609,225      13            128,842 
 1609,225      13            129,209 
 1609,225      13            129,565 
 1609,225      13            129,944 
 1609,225      13            130,315 
 1609,225      13            130,653 
 1609,225      13            131 
 1609,225      13            131,376 
 1609,225      13            131,721 
 1609,225      13            132,043 
 1609,225      13            132,374 
 1609,225      13            132,754 
 1609,225      13            133,103 
 1609,225      13            133,424 
 1609,225      13            133,743 
 1609,225      13            134,123 
 1609,225      13            134,475 
 1609,225      13            134,822 
 1609,225      13            135,161 
 1609,225      13            135,545 
 1609,225      13            135,911 
 1609,225      13            136,318 
 1609,225      13            136,65 
 1609,225      13            137,012 
 1609,225      13            137,408 
 1609,225      13            137,744 
 1609,225      13            138,098 
 1609,225      13            138,519 
 1609,225      13            138,871 
 1609,225      13            139,212 
 1609,225      13            139,579 
 1609,225      13            139,922 
 1609,225      13            140,299 
 1609,225      13            140,618 
 1609,225      13            140,937 
 1609,225      13            141,351 
 1609,225      13            141,684 
 1609,225      13            142,012 
 1609,225      13            142,355 
 1609,225      13            142,705 
 1609,225      13            143,08 
 1609,225      13            143,442 
 1609,225      13            143,785 
 1609,225      13            144,139 
 1608,995      13            144,484 
 1608,995      13            144,836 
 1608,995      13            145,19 
 1608,995      13            145,561 
 1608,995      13            145,911 
 1608,995      13            146,232 
 1608,995      13            146,594 
 1608,995      13            146,946 
 1608,995      13            147,342 
 1608,995      13            147,664 
 1608,995      13            148,028 
 1608,995      13            148,383 
 1608,995      13            148,718 
 1608,995      13            149,093 
 1608,995      13            149,417 
 1608,995      13            149,807 
 1608,995      13            150,179 
 1608,995      13            150,536 
 1608,995      13            150,879 
 1608,995      13            151,201 
 1608,995      13            151,53 
 1608,995      13            151,862 
 1608,995      13            152,183 
 1608,995      13            152,58 
 1608,995      13            152,932 
 1608,995      13            153,297 
 1608,995      13            153,661 
 1608,995      13            154,012 
 1608,995      13            154,425 
 1608,995      13            154,875 
 1608,995      13            155,283 
 1608,995      13            155,776 
 1608,995      13            156,176 
 1608,995      13            156,588 
 1608,995      13            156,929 
 1608,995      13            157,286 
 1608,995      13            157,586 
 1608,995      13            157,941 
 1608,995      13            158,314 
 1608,995      13            158,698 
 1608,995      13            159,038 
 1608,995      13            159,411 
 1608,995      13            159,78 
 1608,995      13            160,147 
 1608,995      13            160,499 
 1608,995      13            160,836 
 1608,995      13            161,17 
 1608,995      13            161,534 
 1608,995      13            161,951 
 1608,995      13            162,505 
 1608,995      13            162,942 
 1608,995      13            163,39 
 1608,995      13            163,832 
 1608,995      13            164,481 
 1608,995      13            164,989 
 1608,995      13            165,551 
 1608,995      13            166,145 
 1608,995      13            166,811 
 1608,995      13            167,331 
 1608,995      13            167,767 
 1608,995      13            168,211 
 1608,995      13            168,649 
 1608,995      13            169,323 
 1608,995      13            169,857 
 1608,995      13            170,327 
 1608,995      13            170,849 
 1608,995      13            171,198 
 1608,995      13            171,534 
 1608,995      13            171,893 
 1608,995      13            172,261 
 1608,995      13            172,623 
 1608,995      13            172,99 
 1608,995      13            173,349 
 1608,995      13            173,749 
 1608,995      13            174,119 
 1608,995      13            174,504 
 1608,995      13            174,885 
 1608,995      13            175,221 
 1608,995      13            175,595 
 1608,995      13            175,954 
 1608,995      13            176,329 
 1608,995      13            176,698 
 1608,995      13            177,027 
 1608,995      13            177,388 
 1608,995      13            177,738 
 1608,995      13            178,096 
 1608,995      13            178,432 
 1608,995      13            178,815 
 1608,995      13            179,18 
 1608,995      13            179,59 
 1608,995      13            179,948 
 1608,995      13            180,35 
 1608,995      13            180,719 
 1608,995      13            181,055 
 1608,995      13            181,456 
 1608,995      13            181,796 
 1608,995      13            182,125 
 1608,995      13            182,447 
 1608,995      13            182,827 
 1608,995      13            183,17 
 1608,995      13            183,526 
 1608,995      13            183,882 
 1608,995      13            184,257 
 1608,995      13            184,644 
 1608,995      13            185,064 
 1608,995      13            185,395 
 1608,995      13            185,731 
 1608,995      13            186,113 
 1608,995      13            186,471 
 1608,995      13            186,852 
 1608,995      13            187,228 
 1608,995      13            187,565 
 1608,995      13            187,877 
 1608,995      13            188,265 
 1608,995      13            188,624 
 1608,995      13            188,953 
 1608,995      13            189,356 
 1608,995      13            189,713 
 1608,995      13            190,078 
 1608,995      13            190,469 
 1608,995      13            190,817 
 1608,995      13            191,144 
 1608,995      13            191,489 
 1608,995      13            191,858 
 1608,995      13            192,174 
 1608,995      13            192,505 
 1608,995      13            192,836 
 1608,995      13            193,248 
 1608,995      13            193,58 
 1608,995      13            193,927 
 1608,995      13            194,296 
 1608,995      13            194,825 
 1608,995      13            195,285 
 1608,995      13            195,7 
 1608,995      13            196,174 
 1608,995      13            196,727 
 1608,995      13            197,111 
 1608,995      13            197,494 
 1608,995      13            197,863 
 1608,995      13            198,172 
 1608,995      13            198,599 
 1608,995      13            198,937 
 1608,995      13            199,266 
 1608,995      13            199,618 
 1608,995      13            200,053 
 1608,995      13            200,512 
 1608,995      13            200,96 
 1608,995      13            201,35 
 1608,995      13            201,735 
 1608,995      13            202,114 
 1608,995      13            202,452 
 1608,995      13            202,818 
 1608,995      13            203,288 
 1608,995      13            203,799 
 1608,995      13            204,342 
 1608,995      13            204,8 
 1608,995      13            205,144 
 1608,995      13            205,664 
 1608,995      13            206,075 
 1608,995      13            206,542 
 1608,995      13            207,053 
 1608,995      13            207,522 
 1608,995      13            207,979 
 1608,995      13            208,405 
 1608,995      13            208,926 
 1608,995      13            209,416 
 1608,995      13            209,917 
 1608,995      13            210,281 
 1608,995      13            210,752 
 1608,995      13            211,232 
 1608,995      13            211,608 
 1608,995      13            212,091 
 1608,995      13            212,469 
 1608,995      13            212,885 
 1608,995      13            213,312 
 1608,995      13            213,78 
 1608,995      13            214,298 
 1608,995      13            214,869 
 1608,995      13            215,403 
 1608,995      13            215,859 
 1608,995      13            216,359 
 1608,995      13            216,835 
 1608,995      13            217,339 
 1608,995      13            217,745 
 1608,995      13            218,146 
 1608,995      13            218,558 
 1608,995      13            219,039 
 1608,995      13            219,405 
 1608,995      13            219,739 
 1608,995      13            220,117 
 1608,995      13            220,473 
 1608,995      13            220,836 
 1608,995      13            221,203 
 1608,995      13            221,512 
 1608,995      13            221,927 
 1608,995      13            222,377 
 1608,995      13            222,862 
 1608,995      13            223,352 
 1608,995      13            223,849 
 1608,995      13            224,307 
 1608,995      13            224,656 
 1608,995      13            225,036 
 1608,995      13            225,416 
 1608,995      13            225,891 
 1608,995      13            226,358 
 1608,995      13            226,804 
 1608,995      13            227,241 
 1608,995      13            227,608 
 1608,995      13            227,964 
 1608,995      13            228,291 
 1608,995      13            228,676 
 1608,995      13            229,066 
 1608,995      13            229,459 
 1608,995      13            229,8 
 1608,995      13            230,134 
 1608,995      13            230,515 
 1608,995      13            230,869 
 1608,995      13            231,352 
 1608,995      13            231,921 
 1608,995      13            232,344 
 1608,995      13            232,756 
 1608,995      13            233,105 
 1608,995      13            233,466 
 1608,995      13            233,896 
 1608,995      13            234,219 
 1608,995      13            234,574 
 1608,995      13            234,892 
 1608,995      13            235,273 
 1608,995      13            235,604 
 1608,995      13            235,951 
 1608,995      13            236,281 
 1608,995      13            236,762 
 1608,995      13            237,274 
 1608,995      13            237,788 
 1608,995      13            238,27 
 1608,995      13            238,667 
 1608,995      13            239,038 
 1608,995      13            239,372 
 1608,995      13            239,745 
 1608,995      13            240,087 
 1608,995      13            240,445 
 1608,995      13            240,923 
 1608,995      13            241,413 
 1608,995      13            241,904 
 1608,995      13            242,392 
 1608,995      13            242,762 
 1608,995      13            243,233 
 1608,995      13            243,65 
 1608,995      13            244,005 
 1608,995      13            244,34 
 1608,995      13            244,782 
 1608,995      13            245,187 
 1608,995      13            245,742 
 1608,995      13            246,204 
 1608,995      13            246,665 
 1608,995      13            246,998 
 1608,995      13            247,358 
 1608,995      13            247,801 
 1608,995      13            248,155 
 1608,995      13            248,533 
 1608,995      13            249,04 
 1608,995      13            249,471 
 1608,995      13            250,193 
 1608,995      13            250,675 
 1608,995      13            251,202 
 1608,995      13            251,683 
 1608,995      13            252,247 
 1608,995      13            252,744 
 1608,995      13            253,167 
 1608,995      13            253,624 
 1608,995      13            254,21 
 1608,995      13            254,651 
 1608,995      13            255,139 
 1608,995      13            255,633 
 1608,995      13            256,146 
 1608,995      13            256,633 
 1608,995      13            257,147 
 1608,995      13            257,652 
 1608,995      13            258,076 
 1608,995      13            258,544 
 1608,995      13            259,019 
 1608,995      13            259,534 
 1608,995      13            260,057 
 1608,995      13            260,622 
 1608,995      13            261,057 
 1608,995      13            261,635 
 1608,995      13            262,133 
 1608,995      13            262,627 
 1608,995      13            263,086 
 1608,995      13            263,508 
 1608,995      13            263,988 
 1608,995      13            264,52 
 1608,995      13            264,979 
 1608,995      13            265,459 
 1608,995      13            265,918 
 1608,995      13            266,447 
 1608,995      13            266,929 
 1608,995      13            267,44 
 1608,995      13            267,95 
 1608,995      13            268,432 
 1608,995      13            268,944 
 1608,995      13            269,382 
 1608,995      13            269,837 
 1608,995      13            270,323 
 1608,995      13            270,762 
 1608,995      13            271,219 
 1608,995      13            271,704 
 1608,995      13            272,198 
 1608,995      13            272,689 
 1608,995      13            273,202 
 1608,995      13            273,64 
 1608,995      13            274,093 
 1608,995      13            274,602 
 1608,995      13            275,024 
 1608,995      13            275,466 
 1608,995      13            275,994 
 1608,995      13            276,46 
 1608,995      13            276,978 
 1608,995      13            277,35 
 1608,995      13            277,7 
 1608,995      13            278,042 
 1608,995      13            278,444 
 1608,995      13            278,791 
 1608,995      13            279,129 
 1608,995      13            279,462 
 1608,995      13            279,832 
 1608,995      13            280,203 
 1608,995      13            280,521 
 1608,995      13            280,861 
 1608,995      13            281,298 
 1608,995      13            281,668 
 1608,995      13            282,085 
 1608,995      13            282,418 
 1608,995      13            282,747 
 1608,995      13            283,065 
 1608,995      13            283,382 
 1608,995      13            283,765 
 1608,995      13            284,148 
 1608,995      13            284,498 
 1608,995      13            284,867 
 1608,995      13            285,231 
 1608,995      13            285,594 
 1608,995      13            285,959 
 1608,995      13            286,373 
 1608,995      13            286,716 
 1608,995      13            287,044 
 1608,995      13            287,387 
 1608,995      13            287,72 
 1608,995      13            288,049 
 1608,995      13            288,392 
 1608,995      13            288,708 
 1608,995      13            289,154 
 1608,995      13            289,605 
 1608,995      13            290,093 
 1608,995      13            290,557 
 1608,995      13            290,969 
 1608,995      13            291,58 
 1608,995      13            292,106 
 1608,995      13            292,624 
 1608,995      13            293,07 
 1608,995      13            293,589 
 1608,995      13            294,07 
 1608,995      13            294,587 
 1608,995      13            295,042 
 1608,995      13            295,61 
 1608,995      13            296,082 
 1608,995      13            296,641 
 1608,995      13            297,131 
 1608,995      13            297,586 
 1608,995      13            298,017 
 1608,995      13            298,484 
 1608,995      13            298,985 
 1608,995      13            299,42 
 1608,995      13            299,746 
 1608,995      13            300,165 
 1608,995      13            300,506 
 1608,995      13            300,871 
 1608,995      13            301,178 
 1608,995      13            301,575 
 1608,995      13            302,067 
 1608,995      13            302,433 
 1608,995      13            302,778 
 1608,995      13            303,105 
 1597,308      13            303,426 
 1597,308      13            303,79 
 1597,308      13            304,13 
 1597,308      13            304,462 
 1597,308      13            304,854 
 1597,308      13            305,246 
 1597,308      13            305,611 
 1597,308      13            305,918 
 1597,308      13            306,285 
 1597,308      13            306,731 
 1597,308      13            307,16 
 1597,308      13            307,609 
 1597,308      13            308,063 
 1597,308      13            308,57 
 1597,308      13            309,074 
 1597,308      13            309,511 
 1597,308      13            309,965 
 1597,308      13            310,392 
 1597,308      13            310,717 
 1595,364      13            311,086 
 1595,364      13            311,46 
 1595,364      13            311,804 
 1595,364      13            312,179 
 1595,364      13            312,61 
 1595,364      13            313,109 
 1595,364      13            313,596 
 1595,364      13            314,036 
 1595,364      13            314,477 
 1595,364      13            314,821 
 1595,364      13            315,202 
 1595,364      13            315,725 
 1595,364      13            316,178 
 1595,364      13            316,646 
 1595,364      13            316,999 
 1595,364      13            317,356 
 1595,364      13            317,791 
 1595,364      13            318,309 
 1595,364      13            318,716 
 1595,364      13            319,044 
 1595,364      13            319,387 
 1595,364      13            319,782 
 1595,364      13            320,119 
 1595,364      13            320,463 
 1595,364      13            320,918 
 1595,364      13            321,411 
 1595,364      13            321,856 
 1595,364      13            322,19 
 1595,364      13            322,592 
 1595,364      13            323,025 
 1595,364      13            323,426 
 1595,364      13            323,868 
 1595,364      13            324,401 
 1595,364      13            324,735 
 1595,364      13            325,092 
 1595,364      13            325,441 
 1595,364      13            325,794 
 1595,364      13            326,156 
 1595,364      13            326,504 
 1595,364      13            327,02 
 1595,364      13            327,469 
 1595,364      13            327,979 
 1595,364      13            328,465 
 1595,364      13            328,986 
 1595,364      13            329,547 
 1595,364      13            329,967 
 1595,364      13            330,345 
 1595,364      13            330,721 
 1595,364      13            331,075 
 1595,364      13            331,442 
 1595,364      13            331,902 
 1595,364      13            332,408 
 1595,364      13            332,863 
 1595,364      13            333,214 
 1595,364      13            333,565 
 1595,364      13            333,931 
 1595,364      13            334,272 
 1595,364      13            334,659 
 1595,364      13            334,997 
 1595,364      13            335,371 
 1595,364      13            335,732 
 1595,364      13            336,083 
 1595,364      13            336,418 
 1595,364      13            336,78 
 1595,364      13            337,245 
 1595,364      13            337,737 
 1595,364      13            338,215 
 1595,364      13            338,759 
 1595,364      13            339,199 
 1595,364      13            339,665 
 1595,364      13            340,175 
 1595,364      13            340,692 
 1595,364      13            341,121 
 1595,364      13            341,487 
 1595,364      13            341,821 
 1595,364      13            342,204 
 1595,364      13            342,609 
 1595,364      13            342,959 
 1595,364      13            343,345 
 1595,364      13            343,721 
 1595,364      13            344,099 
 1595,364      13            344,486 
 1595,364      13            344,805 
 1595,364      13            345,155 
 1595,364      13            345,54 
 1595,364      13            345,981 
 1595,364      13            346,387 
 1595,364      13            346,736 
 1595,364      13            347,084 
 1595,364      13            347,431 
 1595,364      13            347,805 
 1595,364      13            348,136 
 1595,364      13            348,634 
 1595,364      13            349,065 
 1595,364      13            349,484 
 1595,364      13            349,921 
 1595,364      13            350,468 
 1595,364      13            350,84 
 1595,364      13            351,312 
 1595,364      13            351,822 
 1595,364      13            352,41 
 1595,364      13            352,923 
 1595,364      13            353,414 
 1595,364      13            353,947 
 1595,364      13            354,297 
 1595,364      13            354,655 
 1595,364      13            354,994 
 1595,364      13            355,347 
 1595,364      13            355,707 
 1595,364      13            356,094 
 1595,364      13            356,623 
 1595,364      13            357,047 
 1595,364      13            357,515 
 1595,364      13            358,01 
 1595,364      13            358,495 
 1595,364      13            358,997 
 1595,364      13            359,484 
 1595,364      13            359,941 
 1595,364      13            360,387 
 1595,364      13            360,818 
 1595,364      13            361,306 
 1595,364      13            361,703 
 1595,364      13            362,035 
 1595,364      13            362,536 
 1595,364      13            362,992 
 1595,364      13            363,366 
 1595,364      13            363,726 
 1595,364      13            364,071 
 1595,364      13            364,423 
 1595,364      13            364,781 
 1595,364      13            365,144 
 1595,364      13            365,575 
 1595,364      13            365,998 
 1595,364      13            366,481 
 1595,364      13            366,848 
 1595,364      13            367,292 
 1595,364      13            367,774 
 1595,364      13            368,286 
 1595,364      13            368,787 
 1595,364      13            369,288 
 1595,364      13            369,804 
 1595,364      13            370,194 
 1595,364      13            370,539 
 1595,364      13            370,916 
 1595,364      13            371,264 
 1595,364      13            371,596 
 1595,364      13            371,964 
 1595,364      13            372,302 
 1595,364      13            372,74 
 1595,364      13            373,209 
 1595,364      13            373,646 
 1595,364      13            373,986 
 1595,364      13            374,329 
 1595,364      13            374,694 
 1595,364      13            375,043 
 1595,364      13            375,383 
 1595,364      13            375,856 
 1595,364      13            376,267 
 1595,364      13            376,828 
 1595,364      13            377,322 
 1595,364      13            377,681 
 1595,364      13            378,023 
 1595,364      13            378,503 
 1595,364      13            378,917 
 1595,364      13            379,418 
 1595,364      13            379,931 
 1595,364      13            380,422 
 1595,364      13            380,877 
 1595,364      13            381,334 
 1595,364      13            381,8 
 1595,364      13            382,3 
 1595,364      13            382,849 
 1595,364      13            383,353 
 1595,364      13            383,782 
 1595,364      13            384,262 
 1595,364      13            384,737 
 1595,364      13            385,268 
 1595,364      13            385,792 
 1595,364      13            386,279 
 1595,364      13            386,821 
 1595,364      13            387,407 
 1595,364      13            387,834 
 1595,11       13            388,319 
 1595,11       13            388,784 
 1595,11       13            389,277 
 1595,11       13            389,799 
 1595,11       13            390,384 
 1595,11       13            390,984 
 1595,11       13            391,435 
 1595,11       13            391,9 
 1595,11       13            392,358 
 1595,11       13            392,844 
 1595,11       13            393,345 
 1595,11       13            393,83 
 1595,11       13            394,328 
 1595,11       13            394,782 
 1595,11       13            395,355 
 1595,11       13            395,856 
 1595,11       13            396,296 
 1595,11       13            396,844 
 1595,11       13            397,412 
 1595,11       13            397,856 
 1595,11       13            398,346 
 1595,11       13            398,835 
 1595,11       13            399,319 
 1595,11       13            399,835 
 1595,11       13            400,317 
 1595,11       13            400,923 
 1595,11       13            401,369 
 1595,11       13            401,877 
 1595,11       13            402,388 
 1595,11       13            402,856 
 1595,11       13            403,391 
 1595,11       13            403,881 
 1595,11       13            404,314 
 1595,11       13            404,837 
 1595,11       13            405,301 
 1595,11       13            405,826 
 1595,11       13            406,331 
 1595,11       13            406,852 
 1595,11       13            407,352 
 1595,11       13            407,879 
 1595,11       13            408,315 
 1595,11       13            408,709 
 1595,11       13            409,083 
 1595,11       13            409,584 
 1595,11       13            410,115 
 1595,11       13            410,611 
 1595,11       13            411,152 
 1595,11       13            411,658 
 1595,11       13            412,151 
 1595,11       13            412,69 
 1595,11       13            413,188 
 1595,11       13            413,668 
 1595,11       13            414,129 
 1595,11       13            414,664 
 1595,11       13            415,117 
 1595,11       13            415,484 
 1595,11       13            415,858 
 1595,11       13            416,313 
 1595,11       13            416,692 
 1595,11       13            417,038 
 1595,11       13            417,418 
 1595,11       13            417,778 
 1595,11       13            418,163 
 1595,11       13            418,62 
 1595,11       13            419,049 
 1595,11       13            419,421 
 1595,11       13            419,85 
 1595,11       13            420,324 
 1595,11       13            420,824 
 1595,11       13            421,208 
 1595,11       13            421,566 
 1595,11       13            421,915 
 1595,11       13            422,261 
 1595,11       13            422,595 
 1595,11       13            422,94 
 1595,11       13            423,261 
 1595,11       13            423,616 
 1595,11       13            423,982 
 1595,11       13            424,35 
 1595,11       13            424,691 
 1595,11       13            425,043 
 1595,11       13            425,592 
 1595,11       13            426,062 
 1595,11       13            426,437 
 1595,11       13            426,788 
 1595,11       13            427,194 
 1595,11       13            427,583 
 1595,11       13            427,95 
 1595,11       13            428,358 
 1595,11       13            428,743 
 1595,11       13            429,108 
 1595,11       13            429,446 
 1595,11       13            429,779 
 1595,11       13            430,106 
 1595,11       13            430,462 
 1595,11       13            430,832 
 1595,11       13            431,202 
 1595,11       13            431,658 
 1595,11       13            432,121 
 1595,11       13            432,553 
 1595,11       13            433,03 
 1595,11       13            433,475 
 1595,11       13            433,994 
 1595,11       13            434,359 
 1595,11       13            434,724 
 1595,11       13            435,074 
 1595,11       13            435,458 
 1595,11       13            435,869 
 1595,11       13            436,268 
 1595,11       13            436,658 
 1595,11       13            437,008 
 1595,11       13            437,37 
 1595,11       13            437,742 
 1595,11       13            438,083 
 1595,11       13            438,449 
 1595,11       13            438,854 
 1595,11       13            439,239 
 1595,11       13            439,626 
 1595,11       13            440,048 
 1595,11       13            440,437 
 1595,11       13            440,88 
 1595,11       13            441,36 
 1595,11       13            441,762 
 1595,11       13            442,131 
 1595,11       13            442,517 
 1595,11       13            442,855 
 1595,11       13            443,233 
 1595,11       13            443,747 
 1595,11       13            444,248 
 1595,11       13            444,635 
 1595,11       13            445,019 
 1595,11       13            445,42 
 1595,11       13            445,803 
 1595,11       13            446,133 
 1595,11       13            446,55 
 1595,11       13            446,987 
 1595,11       13            447,463 
 1595,11       13            447,913 
 1595,11       13            448,41 
 1595,11       13            448,858 
 1595,11       13            449,208 
 1595,11       13            449,581 
 1595,11       13            449,935 
 1595,11       13            450,303 
 1595,11       13            450,645 
 1595,11       13            451,003 
 1595,11       13            451,37 
 1595,11       13            451,717 
 1595,11       13            452,096 
 1595,11       13            452,468 
 1595,11       13            452,808 
 1595,11       13            453,119 
 1595,11       13            453,475 
 1595,11       13            453,844 
 1595,11       13            454,178 
 1595,11       13            454,504 
 1595,11       13            454,807 
 1595,11       13            455,154 
 1595,11       13            455,568 
 1595,11       13            455,929 
 1595,11       13            456,28 
 1595,11       13            456,627 
 1595,11       13            456,993 
 1595,11       13            457,353 
 1595,11       13            457,725 
 1595,11       13            458,035 
 1595,11       13            458,388 
 1595,11       13            458,765 
 1595,11       13            459,129 
 1595,11       13            459,457 
 1595,11       13            459,839 
 1595,11       13            460,177 
 1595,11       13            460,582 
 1595,11       13            460,964 
 1595,11       13            461,322 
 1595,11       13            461,677 
 1595,11       13            462,075 
 1595,11       13            462,438 
 1595,11       13            462,933 
 1595,11       13            463,446 
 1595,11       13            464,034 
 1595,11       13            464,498 
 1595,11       13            464,848 
 1595,11       13            465,169 
 1595,11       13            465,626 
 1595,11       13            466,166 
 1595,11       13            466,705 
 1595,11       13            467,152 
 1595,11       13            467,612 
 1595,11       13            468,221 
 1595,11       13            468,806 
 1595,11       13            469,256 
 1595,11       13            469,73 
 1595,11       13            470,177 
 1595,11       13            470,621 
 1595,11       13            471,108 
 1595,11       13            471,554 
 1595,11       13            472,001 
 1595,11       13            472,367 
 1595,11       13            472,763 
 1595,11       13            473,21 
 1595,11       13            473,65 
 1595,11       13            473,986 
 1595,11       13            474,375 
 1595,11       13            474,735 
 1595,11       13            475,104 
 1595,11       13            475,46 
 1595,11       13            475,888 
 1595,11       13            476,235 
 1595,11       13            476,568 
 1595,11       13            476,993 
 1595,11       13            477,365 
 1595,11       13            477,692 
 1595,11       13            478,051 
 1595,11       13            478,445 
 1595,11       13            478,925 
 1595,11       13            479,28 
 1595,11       13            479,647 
 1595,11       13            480,008 
 1595,11       13            480,421 
 1595,11       13            480,88 
 1595,11       13            481,368 
 1595,11       13            481,872 
 1595,11       13            482,395 
 1595,11       13            482,787 
 1595,11       13            483,135 
 1595,11       13            483,51 
 1595,11       13            483,872 
 1595,11       13            484,242 
 1595,11       13            484,621 
 1595,11       13            484,999 
 1595,11       13            485,358 
 1595,11       13            485,817 
 1595,11       13            486,268 
 1595,11       13            486,723 
 1595,11       13            487,154 
 1595,11       13            487,508 
 1595,11       13            488,016 
 1595,11       13            488,556 
 1595,11       13            489,116 
 1595,11       13            489,523 
 1595,11       13            490,024 
 1595,11       13            490,445 
 1595,11       13            490,856 
 1595,11       13            491,388 
 1595,11       13            491,783 
 1595,11       13            492,126 
 1595,11       13            492,511 
 1595,11       13            492,889 
 1595,11       13            493,277 
 1595,11       13            493,664 
 1595,11       13            494,171 
 1595,11       13            494,671 
 1595,11       13            495,226 
 1595,11       13            495,75 
 1595,11       13            496,25 
 1595,11       13            496,745 
 1595,11       13            497,148 
 1595,11       13            497,58 
 1595,11       13            498,057 
 1595,11       13            498,429 
 1595,11       13            498,833 
 1595,11       13            499,215 
 1595,11       13            499,617 
 1595,11       13            499,961 
 1595,11       13            500,326 
 1595,11       13            500,677 
 1595,11       13            501,04 
 1595,11       13            501,44 
 1595,11       13            501,817 
 1595,11       13            502,238 
 1595,11       13            502,742 
 1595,11       13            503,265 
 1595,11       13            503,705 
 1595,11       13            504,314 
 1595,11       13            504,809 
 1595,11       13            505,372 
 1595,11       13            505,903 
 1595,11       13            506,293 
 1595,11       13            506,646 
 1595,11       13            506,989 
 1595,11       13            507,352 
 1595,11       13            507,687 
 1595,11       13            508,109 
 1595,11       13            508,654 
 1595,11       13            509,064 
 1595,11       13            509,629 
 1595,11       13            510,118 
 1595,11       13            510,607 
 1595,11       13            511,053 
 1595,11       13            511,553 
 1595,11       13            512,148 
 1595,11       13            512,637 
 1595,11       13            513,115 
 1595,11       13            513,561 
 1595,11       13            514,108 
 1595,11       13            514,6 
 1595,11       13            515,016 
 1595,11       13            515,551 
 1595,11       13            516,127 
 1595,11       13            516,656 
 1595,11       13            517,211 
 1595,11       13            517,697 
 1595,11       13            518,07 
 1595,11       13            518,536 
 1595,11       13            518,958 
 1595,11       13            519,351 
 1595,11       13            519,781 
 1595,11       13            520,148 
 1595,11       13            520,534 
 1595,11       13            520,932 
 1595,11       13            521,286 
 1595,11       13            521,62 
 1595,11       13            522,01 
 1595,11       13            522,358 
 1595,11       13            522,817 
 1595,11       13            523,31 
 1595,11       13            523,741 
 1595,11       13            524,111 
 1595,11       13            524,492 
 1595,11       13            524,947 
 1595,11       13            525,406 
 1595,11       13            525,871 
 1595,11       13            526,341 
 1595,11       13            526,842 
 1595,11       13            527,312 
 1595,11       13            527,874 
 1595,11       13            528,602 
 1595,11       13            529,134 
 1595,11       13            529,627 
 1595,11       13            530,143 
 1595,11       13            530,76 
 1595,11       13            531,261 
 1595,11       13            531,766 
 1595,11       13            532,286 
 1595,11       13            532,759 
 1595,11       13            533,265 
 1595,11       13            533,679 
 1595,11       13            534,006 
 1595,11       13            534,395 
 1595,11       13            534,744 
 1595,11       13            535,098 
 1595,11       13            535,442 
 1595,11       13            535,907 
 1595,11       13            536,454 
 1595,11       13            536,98 
 1595,11       13            537,491 
 1595,11       13            538,044 
 1595,11       13            538,556 
 1595,11       13            539,039 
 1595,11       13            539,638 
 1595,11       13            540,258 
 1595,11       13            540,8 
 1595,11       13            541,252 
 1595,11       13            541,795 
 1595,11       13            542,274 
 1595,11       13            542,799 
 1595,11       13            543,278 
 1595,11       13            543,829 
 1595,11       13            544,311 
 1595,11       13            544,854 
 1595,11       13            545,385 
 1595,11       13            545,933 
 1595,11       13            546,425 
 1595,11       13            546,952 
 1595,11       13            547,434 
 1595,11       13            547,902 
 1595,11       13            548,416 
 1595,11       13            548,974 
 1595,11       13            549,475 
 1595,11       13            549,944 
 1595,11       13            550,458 
 1595,11       13            550,858 
 1595,11       13            551,241 
 1595,11       13            551,607 
 1595,11       13            552,016 
 1595,11       13            552,35 
 1595,11       13            552,729 
 1595,11       13            553,103 
 1595,11       13            553,461 
 1595,11       13            553,825 
 1595,11       13            554,196 
 1595,11       13            554,57 
 1595,11       13            554,93 
 1595,11       13            555,302 
 1595,11       13            555,684 
 1595,11       13            556,082 
 1595,11       13            556,491 
 1595,11       13            556,904 
 1595,11       13            557,27 
 1595,11       13            557,606 
 1595,11       13            557,985 
 1595,11       13            558,367 
 1595,11       13            558,728 
 1595,11       13            559,208 
 1595,11       13            560,18 
 1595,11       13            561,057 
 1595,11       13            561,408 
 1595,11       13            561,765 
 1595,11       13            562,135 
 1595,11       13            562,497 
 1595,11       13            562,873 
 1595,11       13            563,236 
 1595,11       13            563,566 
 1595,11       13            563,954 
 1595,11       13            564,309 
 1595,11       13            564,697 
 1595,11       13            565,055 
 1595,11       13            565,427 
 1595,11       13            565,806 
 1595,11       13            566,197 
 1595,11       13            566,6 
 1595,11       13            566,941 
 1595,11       13            567,296 
 1595,11       13            567,639 
 1595,11       13            567,971 
 1595,11       13            568,325 
 1595,11       13            568,678 
 1595,11       13            569,017 
 1595,11       13            569,388 
 1595,11       13            570,05 
 1595,11       13            570,763 
 1595,11       13            571,617 
 1595,11       13            572,341 
 1595,11       13            573,114 
 1595,11       13            574,56 
 1595,11       13            575,934 
 1595,11       13            577,529 
 1595,11       13            578,999 
 1595,11       13            580,459 
 1595,11       13            581,796 
 1595,11       13            583,352 
 1595,11       13            584,807 
 1595,11       13            586,408 
 1595,11       13            588,12 
 1595,11       13            589,743 
 1595,11       13            591,22 
 1595,11       13            592,533 
 1595,11       13            593,852 
 1595,11       13            595,255 
 1595,11       13            596,707 
 1595,11       13            598,009 
 1595,11       13            599,437 
 1595,11       13            600,831 
 1595,11       13            602,25 
 1595,11       13            603,607 
 1595,11       13            604,933 
 1595,11       13            606,527 
 1595,11       13            608,413 
 1595,11       13            609,893 
 1595,11       13            611,543 
 1595,11       13            612,595 
 1595,11       13            613,544 
 1595,11       13            614,667 
 1595,11       13            615,142 
 1595,11       13            615,481 
 1595,11       13            615,919 
 1595,11       13            616,409 
 1595,11       13            616,82 
 1595,11       13            617,167 
 1595,11       13            617,508 
 1595,11       13            617,865 
 1595,11       13            618,236 
 1595,11       13            618,615 
 1595,11       13            619,581 
 1595,11       13            620,67 
 1595,11       13            621,659 
 1595,11       13            622,751 
 1595,11       13            623,778 
 1595,11       13            624,899 
 1595,11       13            628,665 
 1595,11       13            629,483 
 1595,11       13            630,38 
 1595,11       13            631,368 
 1595,11       13            632,319 
 1595,11       13            633,103 
 1595,11       13            633,437 
 1595,11       13            634,288 
 1595,11       13            635,082 
 1595,11       13            635,465 
 1595,11       13            635,856 
 1595,11       13            636,258 
 1595,11       13            636,713 
 1595,11       13            637,309 
 1595,11       13            638,136 
 1595,11       13            638,921 
 1595,11       13            639,798 
 1595,11       13            640,699 
 1595,11       13            641,519 
 1595,11       13            642,432 
 1595,11       13            643,306 
 1595,11       13            644,174 
 1595,11       13            645,058 
 1595,11       13            645,959 
 1595,11       13            646,909 
 1595,11       13            647,993 
 1595,11       13            649,047 
 1595,11       13            649,889 
 1595,11       13            650,762 
 1595,11       13            651,683 
 1595,11       13            652,631 
 1595,11       13            653,55 
 1595,11       13            654,639 
 1595,11       13            655,651 
 1595,11       13            656,466 
 1595,11       13            657,331 
 1595,11       13            658,176 
 1595,11       13            658,983 
 1595,11       13            659,849 
 1595,11       13            660,727 
 1595,11       13            661,669 
 1595,11       13            662,476 
 1595,11       13            663,334 
 1595,11       13            664,348 
 1595,11       13            665,32 
 1595,11       13            666,233 
 1595,11       13            667,133 
 1595,11       13            668,007 
 1595,11       13            668,765 
 1595,11       13            669,636 
 1595,11       13            670,543 
 1595,11       13            671,507 
 1595,11       13            672,427 
 1595,11       13            673,351 
 1595,11       13            674,277 
 1595,11       13            675,254 
 1595,11       13            676,162 
 1595,11       13            677,119 
 1595,11       13            678,157 
 1595,11       13            679,089 
 1595,11       13            680,103 
 1595,11       13            680,967 
 1595,11       13            681,987 
 1595,11       13            682,889 
 1595,11       13            683,87 
 1595,11       13            684,759 
 1595,11       13            685,778 
 1595,11       13            686,747 
 1595,11       13            687,611 
 1595,11       13            688,573 
 1595,11       13            689,439 
 1595,11       13            690,33 
 1595,11       13            691,323 
 1595,11       13            692,229 
 1595,11       13            693,148 
 1595,11       13            694,3 
 1595,11       13            695,216 
 1595,11       13            696,272 
 1595,11       13            697,207 
 1595,11       13            698,147 
 1595,11       13            699,693 
 1595,11       13            701,243 
 1595,11       13            702,752 
 1595,11       13            704,336 
 1595,11       13            705,636 
 1595,11       13            707,142 
 1595,11       13            708,573 
 1595,11       13            709,864 
 1595,11       13            711,359 
 1595,11       13            712,753 
 1595,11       13            714,271 
 1595,11       13            715,798 
 1595,11       13            717,2 
 1595,11       13            718,617 
 1595,11       13            719,869 
 1595,11       13            721,477 
 1595,11       13            722,752 
 1595,11       13            724,152 
 1595,11       13            725,658 
 1595,11       13            727,209 
 1595,11       13            728,602 
 1595,11       13            730,022 
 1595,11       13            731,305 
 1595,11       13            732,927 
 1595,11       13            734,307 
 1595,11       13            735,697 
 1595,11       13            736,991 
 1595,11       13            738,35 
 1595,11       13            739,744 
 1595,11       13            741,008 
 1595,11       13            742,5 
 1595,11       13            743,878 
 1595,11       13            745,387 
 1595,11       13            746,786 
 1595,11       13            748,278 
 1595,11       13            749,677 
 1595,11       13            750,949 
 1595,11       13            752,284 
 1595,11       13            753,544 
 1595,11       13            754,88 
 1595,11       13            756,276 
 1595,11       13            757,885 
 1595,11       13            759,294 
 1595,11       13            760,689 
 1595,11       13            761,991 
 1595,11       13            763,462 
 1595,11       13            764,811 
 1595,11       13            766,074 
 1595,11       13            767,456 
 1595,11       13            768,913 
 1595,11       13            770,432 
 1595,11       13            771,826 
 1595,11       13            773,231 
 1595,11       13            774,498 
 1595,11       13            775,855 
 1595,11       13            777,102 
 1595,11       13            778,346 
 1595,11       13            779,863 
 1595,11       13            781,128 
 1595,11       13            782,402 
 1595,11       13            783,904 
 1595,11       13            785,32 
 1595,11       13            787,054 
 1595,11       13            788,444 
 1595,11       13            789,692 
 1595,11       13            791,102 
 1595,11       13            792,641 
 1595,11       13            794,029 
 1595,11       13            795,508 
 1595,11       13            796,889 
 1595,11       13            798,387 
 1595,11       13            799,75 
 1595,11       13            801,282 
 1595,11       13            802,843 
 1595,11       13            804,197 
 1595,11       13            805,557 
 1595,11       13            806,939 
 1595,11       13            808,3 
 1595,11       13            809,832 
 1595,11       13            811,205 
 1595,11       13            812,451 
 1595,11       13            813,915 
 1595,11       13            815,151 
 1595,11       13            816,52 
 1595,11       13            817,895 
 1595,11       13            819,439 
 1595,11       13            820,974 
 1595,11       13            822,523 
 1595,11       13            823,885 
 1595,11       13            825,49 
 1595,11       13            826,723 
 1595,11       13            828,123 
 1595,11       13            829,604 
 1595,11       13            831,092 
 1595,11       13            832,418 
 1595,11       13            833,695 
 1595,11       13            835,065 
 1595,11       13            836,326 
 1595,11       13            837,806 
 1595,11       13            839,054 
 1595,11       13            840,522 
 1595,11       13            842,028 
 1595,11       13            843,302 
 1595,11       13            844,689 
 1595,11       13            846,068 
 1595,11       13            847,581 
 1595,11       13            848,975 
 1595,11       13            850,35 
 1595,11       13            851,622 
 1595,11       13            853,392 
 1595,11       13            854,766 
 1595,11       13            856,136 
 1595,11       13            857,644 
 1595,11       13            859,013 
 1595,11       13            860,413 
 1595,11       13            861,902 
 1595,11       13            863,184 
 1595,11       13            864,472 
 1595,11       13            865,751 
 1595,11       13            867,138 
 1595,11       13            868,648 
 1595,11       13            870,037 
 1595,11       13            871,413 
 1595,11       13            872,905 
 1595,11       13            874,285 
 1595,11       13            875,67 
 1595,11       13            877,149 
 1595,11       13            878,398 
 1595,11       13            879,809 
 1595,11       13            881,182 
 1595,11       13            882,584 
 1595,11       13            884,08 
 1595,11       13            885,445 
 1595,11       13            886,719 
 1595,11       13            888,077 
 1595,11       13            889,551 
 1595,11       13            890,932 
 1595,11       13            892,184 
 1595,11       13            893,558 
 1595,11       13            895,029 
 1595,11       13            896,264 
 1595,11       13            897,621 
 1595,11       13            899,127 
 1595,11       13            900,509 
 1595,11       13            901,986 
 1595,11       13            903,462 
 1595,11       13            904,759 
 1595,11       13            906,094 
 1595,11       13            907,458 
 1595,11       13            908,848 
 1595,11       13            910,324 
 1595,11       13            911,737 
 1595,11       13            913,223 
 1595,11       13            914,471 
 1595,11       13            916,104 
 1595,11       13            917,585 
 1595,11       13            919,088 
 1595,11       13            920,544 
 1595,11       13            921,93 
 1595,11       13            923,323 
 1595,11       13            924,783 
 1595,11       13            926,05 
 1595,11       13            927,438 
 1595,11       13            928,673 
 1595,11       13            930,153 
 1595,11       13            931,409 
 1595,11       13            932,659 
 1595,11       13            934,133 
 1595,11       13            935,402 
 1595,11       13            936,74 
 1595,11       13            937,883 
 1595,11       13            939,135 
 1595,11       13            940,751 
 1595,11       13            942,269 
 1595,11       13            943,677 
 1595,11       13            945,125 
 1595,11       13            946,483 
 1595,11       13            947,743 
 1595,11       13            949,242 
 1595,11       13            950,487 
 1595,11       13            951,94 
 1595,11       13            953,343 
 1595,11       13            954,708 
 1595,11       13            956,095 
 1595,11       13            957,429 
 1595,11       13            958,804 
 1595,11       13            960,267 
 1595,11       13            961,642 
 1595,11       13            963,012 
 1595,11       13            964,365 
 1595,11       13            965,843 
 1595,11       13            967,188 
 1595,11       13            968,443 
 1595,11       13            969,777 
 1595,11       13            971,185 
 1595,11       13            972,364 
 1595,11       13            973,713 
 1595,11       13            974,895 
 1595,11       13            976,368 
 1595,11       13            977,846 
 1595,11       13            979,223 
 1595,11       13            980,592 
 1595,11       13            981,981 
 1595,11       13            983,497 
 1595,11       13            984,879 
 1595,11       13            986,248 
 1595,11       13            987,52 
 1595,11       13            989,015 
 1595,11       13            990,486 
 1595,11       13            991,795 
 1595,11       13            993,292 
 1595,11       13            994,643 
 1595,11       13            996,051 
 1595,11       13            997,421 
 1595,11       13            998,798 
 1595,11       13            1000,175 
 1595,11       13            1001,718 
 1595,11       13            1003,105 
 1595,11       13            1004,483 
 1595,11       13            1005,858 
 1595,11       13            1007,24 
 1595,11       13            1008,496 
 1595,11       13            1009,855 
 1595,11       13            1011,191 
 1595,11       13            1012,602 
 1595,11       13            1014,031 
 1595,11       13            1015,631 
 1595,11       13            1016,908 
 1595,11       13            1018,284 
 1595,11       13            1019,663 
 1595,11       13            1020,91 
 1595,11       13            1022,383 
 1595,11       13            1023,769 
 1595,11       13            1025,013 
 1595,11       13            1026,402 
 1595,11       13            1027,763 
 1595,11       13            1029,046 
 1595,11       13            1030,42 
 1595,11       13            1031,973 
 1595,11       13            1033,257 
 1595,11       13            1034,621 
 1595,11       13            1035,786 
 1595,11       13            1037,268 
 1595,11       13            1038,545 
 1595,11       13            1040,045 
 1595,11       13            1041,66 
 1595,11       13            1043,039 
 1595,11       13            1044,288 
 1595,11       13            1045,654 
 1595,11       13            1047,024 
 1595,11       13            1048,523 
 1595,11       13            1050,043 
 1595,11       13            1051,385 
 1595,11       13            1052,644 
 1595,11       13            1054,128 
 1595,11       13            1055,497 
 1595,11       13            1056,767 
 1595,11       13            1058,348 
 1595,11       13            1059,621 
 1595,11       13            1061,112 
 1595,11       13            1062,627 
 1595,11       13            1064,027 
 1595,11       13            1065,363 
 1595,11       13            1066,709 
 1595,11       13            1067,959 
 1595,11       13            1069,314 
 1595,11       13            1070,682 
 1595,11       13            1071,945 
 1595,11       13            1073,324 
 1595,11       13            1074,929 
 1595,11       13            1076,303 
 1595,11       13            1077,678 
 1595,11       13            1079,276 
 1595,11       13            1080,881 
 1595,11       13            1082,283 
 1595,11       13            1083,643 
 1595,11       13            1085,032 
 1595,11       13            1086,512 
 1595,11       13            1087,773 
 1595,11       13            1089,261 
 1595,11       13            1090,612 
 1595,11       13            1091,999 
 1595,11       13            1093,402 
 1595,11       13            1094,766 
 1595,11       13            1096,148 
 1595,11       13            1097,511 
 1595,11       13            1098,87 
 1595,11       13            1100,271 
 1595,11       13            1101,781 
 1595,11       13            1103,155 
 1595,11       13            1104,516 
 1595,11       13            1105,791 
 1595,11       13            1107,147 
 1595,11       13            1108,74 
 1595,11       13            1110,077 
 1595,11       13            1111,44 
 1595,11       13            1112,597 
 1595,11       13            1113,929 
 1595,11       13            1115,296 
 1595,11       13            1116,645 
 1595,11       13            1118,106 
 1595,11       13            1119,369 
 1595,11       13            1120,733 
 1595,11       13            1122,112 
 1595,11       13            1123,531 
 1595,11       13            1124,767 
 1595,11       13            1126,155 
 1595,11       13            1127,524 
 1595,11       13            1128,906 
 1595,11       13            1130,051 
 1595,11       13            1131,542 
 1595,11       13            1132,779 
 1595,11       13            1134,25 
 1595,11       13            1135,52 
 1595,11       13            1136,762 
 1595,11       13            1138,048 
 1595,11       13            1139,441 
 1595,11       13            1141,07 
 1595,11       13            1142,525 
 1595,11       13            1143,936 
 1595,11       13            1145,332 
 1595,11       13            1146,725 
 1595,11       13            1148,1 
 1595,11       13            1149,586 
 1595,11       13            1150,994 
 1595,11       13            1152,449 
 1595,11       13            1153,853 
 1595,11       13            1155,337 
 1595,11       13            1156,831 
 1595,11       13            1158,084 
 1595,11       13            1159,455 
 1595,11       13            1160,863 
 1595,11       13            1162,371 
 1595,11       13            1163,723 
 1595,11       13            1165,028 
 1595,11       13            1166,475 
 1595,11       13            1167,871 
 1595,11       13            1169,113 
 1595,11       13            1170,39 
 1595,11       13            1171,762 
 1595,11       13            1173,398 
 1595,11       13            1174,877 
 1595,11       13            1176,394 
 1595,11       13            1177,764 
 1595,11       13            1179,178 
 1595,11       13            1180,647 
 1595,11       13            1182,049 
 1595,11       13            1183,479 
 1595,11       13            1184,864 
 1595,11       13            1186,342 
 1595,11       13            1187,628 
 1595,11       13            1189,131 
 1595,11       13            1190,522 
 1595,11       13            1191,878 
 1595,11       13            1193,394 
 1595,11       13            1195,042 
 1595,11       13            1196,432 
 1595,11       13            1198,026 
 1595,11       13            1199,516 
 1595,11       13            1201,012 
 1595,11       13            1202,491 
 1595,11       13            1203,765 
 1595,11       13            1205,005 
 1595,11       13            1206,485 
 1595,11       13            1207,726 
 1595,11       13            1209,248 
 1595,11       13            1210,723 
 1595,11       13            1212,15 
 1595,11       13            1213,674 
 1595,11       13            1215,051 
 1595,11       13            1216,465 
 1595,11       13            1217,954 
 1595,11       13            1219,327 
 1595,11       13            1220,83 
 1595,11       13            1222,338 
 1595,11       13            1223,599 
 1595,11       13            1224,83 
 1595,11       13            1226,205 
 1595,11       13            1227,475 
 1595,11       13            1228,877 
 1595,11       13            1230,231 
 1595,11       13            1231,708 
 1595,11       13            1233,185 
 1595,11       13            1234,172 
 1595,11       13            1235,094 
 1595,11       13            1236,096 
 1595,11       13            1237,1 
 1595,11       13            1237,954 
 1595,11       13            1238,994 
 1595,11       13            1239,905 
 1595,11       13            1240,847 
 1595,11       13            1241,773 
 1595,11       13            1242,802 
 1595,11       13            1243,827 
 1595,11       13            1244,798 
 1595,11       13            1245,767 
 1595,11       13            1246,771 
 1595,11       13            1247,687 
 1595,11       13            1248,71 
 1595,11       13            1249,693 
 1595,11       13            1250,602 
 1595,11       13            1251,443 
 1595,11       13            1252,433 
 1595,11       13            1253,28 
 1595,11       13            1254,236 
 1595,11       13            1255,24 
 1595,11       13            1256,155 
 1595,11       13            1256,985 
 1595,11       13            1257,845 
 1595,11       13            1258,147 
 1595,11       13            1258,502 
 1595,11       13            1258,872 
 1595,11       13            1259,256 
 1595,11       13            1259,596 
 1595,11       13            1260,026 
 1595,11       13            1260,401 
 1595,11       13            1260,723 
 1595,11       13            1261,064 
 1595,11       13            1261,43 
 1595,11       13            1261,771 
 1595,11       13            1262,127 
 1595,11       13            1262,518 
 1595,11       13            1262,89 
 1595,11       13            1263,207 
 1595,11       13            1263,555 
 1595,11       13            1263,963 
 1595,11       13            1264,354 
 1595,11       13            1264,755 
 1595,11       13            1265,089 
 1595,11       13            1265,435 
 1595,11       13            1265,78 
 1595,11       13            1266,152 
 1595,11       13            1266,494 
 1595,11       13            1266,852 
 1595,11       13            1267,199 
 1595,11       13            1267,541 
 1595,11       13            1267,868 
 1595,11       13            1268,216 
 1595,11       13            1268,573 
 1595,11       13            1268,933 
 1595,11       13            1269,281 
 1595,11       13            1269,684 
 1595,11       13            1270,348 
 1595,11       13            1271,348 
 1595,11       13            1272,236 
 1595,11       13            1273,192 
 1595,11       13            1274,049 
 1595,11       13            1274,956 
 1595,11       13            1275,9 
 1595,11       13            1276,901 
 1595,11       13            1277,765 
