Costo de la solución:
 3132,11445707709 

1	1	143,26	88	0	32	34	9	62	115		0
1	2	139,154	76	0	7	119	113	48	27	114		0
1	3	121,826	90	0	38	30	16	127	126	85	36		0
1	4	135,958	89	0	56	144	142	94	19	99		0
1	5	154,967	67	0	79	33	15	117		0
1	6	127,529	67	0	57	6	58	68	40	17	88		0
1	7	128,352	118	0	24	97	86	50	118	112	43		0
1	8	138,913	127	0	78	2	129	47	87	116		0
1	9	130,617	68	0	29	75	21	35	3	121		0
1	10	136,17	128	0	89	102	81	49	103	73		0
1	11	144,134	98	0	63	76	18	128	84		0
1	12	119,317	131	0	55	133	132	14	41	111	95	96		0
1	13	126,381	115	0	25	90	143	148	138	67	136		0
1	14	128,315	86	0	92	42	11	66	44	52	93		0
1	15	132,984	83	0	37	69	26	23	82	31		0
1	16	147,694	81	0	108	107	20	59	61		0
1	17	129,214	101	0	51	60	8	70	141	109	28		0
1	18	115,562	76	0	77	1	71	46	120	80	22	140		0
1	19	120,082	129	0	12	149	135	150	134	130	64		0
1	20	148,397	69	0	10	104	83	147	13		0
1	21	139,752	51	0	123	91	105	53	65	39		0
1	22	122,082	61	0	4	146	145	139	110	74		0
1	23	96,23	151	0	45	5	54	137	124	125	122	72	106		0
1	24	105,212	85	0	100	101	131	98		0
1	25	0	0	0		0
1	26	0	0	0		0

Tiempo de ejecución:
 1,90487500000017 
