Costo de la solución:
 839,370371752356 

1	1	118,792	199	0	50	33	81	51	9	71	65	35	34	78	79	3	77	76	0
1	2	122,566	194	0	88	62	19	11	64	49	36	47	48	82	7	52	0
1	3	120,819	191	0	12	80	68	29	24	54	55	25	67	39	4	26	0
1	4	126,069	195	0	87	42	15	43	14	44	38	86	16	61	91	100	37	92	0
1	5	108,546	187	0	28	1	70	30	20	66	32	90	63	10	31	69	27	0
1	6	93,292	184	0	58	2	57	41	22	23	56	75	74	72	73	21	40	53	0
1	7	97,506	125	0	89	18	60	83	8	46	45	17	84	5	99	96	6	0
1	8	51,778	183	0	94	95	59	93	85	98	97	13	0
1	9	0	0	0	0
1	10	0	0	0	0

Tiempo de ejecución:
 2564,97521875 
