Iteraciones:   2493 

Costo         Vehículos     Tiempo [seg]
 912,063       10            0,621 
 912,063       10            1,056 
 902,549       10            1,546 
 883,027       10            2,016 
 872,909       10            2,931 
 872,909       10            3,894 
 872,909       10            4,783 
 872,909       10            5,687 
 867,951       10            6,603 
 867,951       10            7,513 
 867,951       10            8,457 
 867,951       10            9,421 
 867,951       10            10,315 
 867,951       10            11,269 
 867,951       10            12,215 
 867,951       10            13,186 
 867,951       10            14,51 
 867,951       10            15,477 
 867,951       10            16,371 
 867,951       10            17,43 
 867,951       10            18,322 
 867,951       10            19,681 
 867,951       10            21,059 
 867,951       10            22,106 
 867,951       10            23,186 
 867,951       10            24,219 
 867,951       10            25,366 
 867,951       10            26,656 
 867,951       10            27,578 
 867,951       10            28,58 
 867,951       10            29,479 
 867,951       10            30,376 
 867,951       10            31,306 
 867,951       10            32,217 
 867,951       10            33,156 
 867,951       10            34,056 
 867,951       10            34,982 
 860,945       10            35,953 
 860,945       10            36,842 
 860,945       10            37,732 
 860,945       10            38,616 
 860,945       10            39,516 
 860,945       10            40,407 
 860,945       10            41,312 
 860,945       10            42,214 
 860,945       10            43,115 
 860,945       10            44,004 
 860,945       10            44,904 
 860,945       10            45,844 
 860,945       10            46,75 
 860,945       10            47,646 
 860,945       10            48,542 
 860,945       10            49,445 
 860,945       10            50,34 
 860,945       10            51,242 
 860,945       10            52,174 
 860,945       10            53,074 
 860,945       10            53,968 
 860,945       10            54,856 
 860,945       10            55,756 
 860,945       10            56,611 
 860,945       10            57,569 
 860,945       10            58,531 
 860,945       10            59,494 
 860,945       10            60,408 
 860,945       10            61,319 
 860,945       10            62,184 
 860,945       10            63,139 
 860,945       10            64,041 
 860,945       10            64,944 
 860,945       10            65,847 
 860,945       10            66,739 
 860,945       10            67,601 
 860,945       10            68,49 
 860,945       10            69,419 
 860,945       10            70,269 
 860,945       10            71,079 
 860,945       10            71,978 
 860,945       10            72,828 
 860,945       10            73,693 
 860,945       10            74,562 
 860,945       10            75,413 
 860,945       10            76,263 
 860,945       10            77,113 
 860,945       10            77,972 
 860,945       10            78,876 
 860,945       10            79,722 
 860,945       10            80,57 
 860,945       10            81,432 
 860,945       10            82,315 
 860,945       10            83,184 
 860,945       10            84,046 
 860,945       10            84,939 
 860,945       10            85,805 
 857,634       10            86,659 
 857,634       10            87,521 
 857,634       10            88,425 
 857,634       10            89,271 
 857,634       10            90,151 
 857,634       10            91,097 
 857,634       10            91,987 
 857,634       10            92,869 
 857,634       10            93,856 
 857,634       10            94,747 
 857,634       10            95,641 
 857,634       10            96,574 
 857,634       10            97,451 
 857,634       10            98,346 
 857,634       10            99,245 
 857,634       10            100,198 
 857,634       10            101,121 
 857,634       10            102,087 
 857,634       10            103,011 
 857,634       10            104 
 857,634       10            104,917 
 857,634       10            105,837 
 857,634       10            106,758 
 857,634       10            107,718 
 857,634       10            108,685 
 857,634       10            109,704 
 857,634       10            110,976 
 857,634       10            111,908 
 857,634       10            112,837 
 857,634       10            113,75 
 857,634       10            114,634 
 857,634       10            115,475 
 857,634       10            116,351 
 857,634       10            117,265 
 857,634       10            118,146 
 857,634       10            118,994 
 857,634       10            119,853 
 857,634       10            120,713 
 857,634       10            121,572 
 857,634       10            122,438 
 857,634       10            123,349 
 857,634       10            124,163 
 857,634       10            125,01 
 857,634       10            125,911 
 857,634       10            126,735 
 857,634       10            127,623 
 857,634       10            128,493 
 857,634       10            129,356 
 857,634       10            130,225 
 857,634       10            131,151 
 857,634       10            131,995 
 857,634       10            132,844 
 857,634       10            133,665 
 857,634       10            134,51 
 857,634       10            135,358 
 857,634       10            136,22 
 857,634       10            137,082 
 857,634       10            138 
 857,634       10            138,859 
 857,634       10            139,714 
 857,634       10            140,588 
 857,634       10            141,487 
 857,634       10            142,352 
 857,634       10            143,205 
 857,634       10            144,065 
 857,634       10            144,872 
 857,634       10            145,814 
 857,634       10            146,684 
 857,634       10            147,544 
 857,634       10            148,397 
 857,634       10            149,304 
 857,634       10            150,123 
 857,634       10            151,024 
 857,634       10            151,889 
 857,634       10            152,764 
 857,634       10            153,628 
 857,634       10            154,546 
 857,634       10            155,4 
 857,634       10            156,249 
 857,634       10            157,091 
 857,634       10            157,915 
 857,634       10            158,773 
 857,634       10            159,63 
 857,634       10            160,489 
 857,634       10            161,344 
 857,634       10            162,242 
 857,634       10            163,065 
 857,634       10            163,919 
 857,634       10            164,818 
 857,634       10            165,674 
 854,216       10            166,668 
 854,216       10            167,528 
 854,216       10            168,398 
 854,216       10            169,256 
 854,216       10            170,173 
 854,216       10            171,032 
 854,216       10            171,843 
 854,216       10            172,75 
 854,216       10            173,623 
 854,216       10            174,486 
 854,216       10            175,381 
 854,216       10            176,25 
 854,216       10            177,115 
 854,216       10            177,978 
 854,216       10            178,832 
 854,216       10            179,688 
 854,216       10            180,593 
 854,216       10            181,463 
 854,216       10            182,331 
 854,216       10            183,241 
 854,216       10            184,11 
 854,216       10            184,98 
 854,216       10            185,865 
 854,216       10            186,772 
 854,216       10            187,656 
 854,216       10            188,58 
 854,216       10            189,396 
 854,216       10            190,315 
 854,216       10            191,187 
 854,216       10            192,129 
 854,216       10            193,015 
 854,216       10            193,893 
 854,216       10            194,805 
 854,216       10            195,711 
 854,216       10            196,571 
 854,216       10            197,432 
 854,216       10            198,343 
 854,216       10            199,203 
 854,216       10            200,056 
 854,216       10            200,921 
 854,216       10            201,777 
 854,216       10            202,643 
 854,216       10            203,501 
 854,216       10            204,362 
 854,216       10            205,237 
 854,216       10            206,085 
 854,216       10            206,938 
 854,216       10            207,79 
 854,216       10            208,649 
 854,216       10            209,507 
 854,216       10            210,374 
 854,216       10            211,282 
 854,216       10            212,139 
 854,216       10            212,998 
 854,216       10            213,859 
 854,216       10            214,735 
 854,216       10            215,636 
 854,216       10            216,509 
 854,216       10            217,426 
 854,216       10            218,288 
 854,216       10            219,151 
 854,216       10            220,012 
 854,216       10            220,885 
 854,216       10            221,729 
 854,216       10            222,664 
 854,216       10            223,572 
 854,216       10            224,437 
 854,216       10            225,294 
 854,216       10            226,143 
 854,216       10            226,951 
 854,216       10            227,832 
 854,216       10            228,686 
 854,216       10            229,553 
 854,216       10            230,48 
 854,216       10            231,398 
 854,216       10            232,428 
 854,216       10            233,313 
 854,216       10            234,248 
 854,216       10            235,252 
 854,216       10            236,258 
 854,216       10            237,277 
 854,216       10            238,281 
 854,216       10            239,311 
 854,216       10            240,295 
 854,216       10            241,3 
 854,216       10            242,34 
 854,216       10            243,499 
 854,216       10            244,59 
 854,216       10            245,676 
 854,216       10            246,843 
 854,216       10            247,991 
 854,216       10            249,137 
 854,216       10            250,373 
 854,216       10            251,516 
 854,216       10            252,739 
 854,216       10            254,002 
 854,216       10            255,218 
 854,216       10            256,358 
 854,216       10            257,428 
 854,216       10            258,457 
 854,216       10            259,524 
 854,216       10            260,58 
 854,216       10            261,651 
 854,216       10            262,732 
 854,216       10            263,871 
 854,216       10            264,906 
 854,216       10            266,064 
 854,216       10            267,173 
 854,216       10            268,354 
 854,216       10            269,519 
 854,216       10            270,638 
 854,216       10            271,846 
 854,216       10            272,96 
 854,216       10            274,082 
 854,216       10            275,19 
 854,216       10            276,275 
 854,216       10            277,398 
 854,216       10            278,513 
 854,216       10            279,76 
 854,216       10            280,909 
 854,216       10            282,071 
 854,216       10            283,226 
 854,216       10            284,384 
 854,216       10            285,553 
 854,216       10            286,838 
 854,216       10            288,006 
 854,216       10            289,212 
 854,216       10            290,439 
 854,216       10            291,698 
 854,216       10            293,297 
 854,216       10            294,406 
 854,216       10            295,662 
 854,216       10            296,855 
 854,216       10            298,031 
 854,216       10            299,171 
 854,216       10            300,446 
 854,216       10            301,616 
 854,216       10            302,725 
 854,216       10            303,976 
 854,216       10            305,163 
 854,216       10            306,299 
 854,216       10            307,548 
 854,216       10            308,736 
 854,216       10            309,984 
 854,216       10            311,206 
 854,216       10            312,541 
 854,216       10            313,697 
 854,216       10            314,936 
 854,216       10            316,203 
 854,216       10            317,551 
 854,216       10            318,857 
 854,216       10            320,212 
 854,216       10            321,577 
 854,216       10            322,852 
 854,216       10            324,148 
 854,216       10            325,38 
 854,216       10            326,648 
 854,216       10            328,073 
 854,216       10            329,399 
 854,216       10            330,697 
 854,216       10            332,077 
 854,216       10            333,53 
 854,216       10            334,837 
 854,216       10            336,05 
 854,216       10            337,251 
 854,216       10            338,511 
 854,216       10            339,758 
 854,216       10            342,533 
 854,216       10            343,605 
 854,216       10            344,652 
 853,595       10            345,701 
 853,595       10            346,78 
 853,595       10            347,887 
 853,595       10            348,961 
 853,595       10            350,018 
 853,595       10            351,04 
 853,595       10            352,088 
 853,595       10            353,179 
 853,595       10            354,276 
 853,595       10            355,312 
 853,595       10            356,425 
 843,505       10            357,614 
 843,505       10            358,74 
 843,505       10            359,875 
 843,505       10            361,006 
 843,505       10            362,158 
 843,505       10            363,308 
 843,505       10            364,529 
 843,505       10            365,695 
 843,505       10            366,885 
 843,505       10            368,163 
 843,505       10            369,503 
 843,505       10            370,805 
 843,505       10            372,078 
 843,505       10            373,245 
 843,505       10            374,596 
 843,505       10            375,868 
 843,505       10            377,248 
 843,505       10            378,462 
 843,505       10            380,073 
 843,505       10            381,209 
 843,505       10            382,342 
 843,505       10            383,439 
 843,505       10            384,631 
 843,505       10            385,9 
 843,505       10            387,089 
 843,505       10            388,31 
 843,505       10            389,518 
 843,505       10            390,805 
 843,505       10            391,986 
 843,505       10            393,094 
 843,505       10            394,317 
 843,505       10            395,558 
 843,505       10            396,896 
 843,505       10            398,086 
 843,505       10            399,404 
 843,505       10            400,849 
 843,505       10            402,17 
 843,505       10            403,571 
 843,505       10            404,87 
 843,505       10            406,008 
 843,505       10            407,228 
 843,505       10            408,405 
 843,505       10            409,695 
 843,505       10            410,872 
 843,505       10            412,029 
 843,505       10            413,23 
 843,505       10            414,432 
 843,505       10            415,698 
 843,505       10            416,873 
 843,505       10            418,049 
 843,505       10            419,272 
 843,505       10            420,464 
 843,505       10            421,681 
 843,505       10            422,877 
 843,505       10            424,065 
 843,505       10            425,284 
 843,505       10            426,505 
 843,505       10            427,708 
 843,505       10            428,982 
 843,505       10            430,252 
 843,505       10            431,501 
 843,505       10            432,814 
 843,505       10            434,136 
 843,505       10            435,349 
 843,505       10            436,55 
 843,505       10            437,693 
 843,505       10            438,793 
 843,505       10            439,901 
 843,505       10            440,954 
 843,505       10            442,193 
 843,505       10            443,446 
 843,505       10            444,6 
 843,505       10            445,728 
 843,505       10            446,85 
 843,505       10            448,101 
 843,505       10            449,185 
 843,505       10            450,323 
 843,505       10            451,503 
 843,505       10            452,645 
 843,505       10            453,882 
 843,505       10            455,012 
 843,505       10            456,097 
 843,505       10            457,238 
 843,505       10            458,391 
 843,505       10            459,477 
 843,505       10            460,643 
 843,505       10            461,74 
 843,505       10            462,904 
 843,505       10            463,937 
 843,505       10            465,037 
 843,505       10            466,198 
 843,505       10            467,331 
 843,505       10            468,447 
 843,505       10            469,618 
 843,505       10            470,835 
 843,505       10            471,993 
 843,505       10            473,09 
 843,505       10            474,376 
 843,505       10            475,696 
 843,505       10            476,94 
 843,505       10            478,129 
 843,505       10            479,254 
 843,505       10            480,46 
 843,505       10            481,679 
 843,505       10            482,817 
 843,505       10            483,958 
 843,505       10            485,014 
 843,505       10            486,082 
 843,505       10            487,113 
 843,505       10            488,159 
 843,505       10            489,373 
 843,505       10            490,523 
 843,505       10            491,882 
 843,505       10            494,674 
 843,505       10            495,636 
 843,505       10            496,622 
 843,505       10            497,654 
 843,505       10            498,668 
 843,505       10            499,635 
 843,505       10            500,5 
 843,505       10            501,411 
 843,505       10            502,321 
 843,505       10            503,221 
 843,505       10            504,133 
 843,505       10            505,054 
 843,505       10            506,027 
 843,505       10            506,927 
 843,505       10            507,802 
 843,505       10            508,706 
 843,505       10            509,605 
 843,505       10            510,523 
 843,505       10            511,428 
 843,505       10            512,313 
 843,505       10            513,193 
 843,505       10            514,089 
 843,505       10            515,054 
 843,505       10            515,911 
 843,505       10            516,874 
 843,505       10            517,78 
 843,505       10            518,705 
 843,505       10            519,697 
 843,505       10            520,677 
 843,505       10            521,69 
 843,505       10            522,787 
 843,505       10            523,735 
 843,505       10            524,743 
 843,505       10            525,908 
 843,505       10            526,897 
 843,505       10            527,834 
 843,505       10            528,862 
 843,505       10            529,8 
 843,505       10            530,744 
 843,505       10            531,695 
 843,505       10            532,673 
 843,505       10            533,625 
 843,505       10            534,545 
 843,505       10            535,638 
 843,505       10            536,622 
 843,505       10            537,765 
 843,505       10            538,754 
 843,505       10            539,73 
 843,505       10            540,629 
 843,505       10            541,565 
 843,505       10            542,559 
 843,505       10            543,521 
 843,505       10            544,425 
 843,505       10            545,396 
 843,505       10            546,39 
 843,505       10            547,412 
 843,505       10            548,357 
 843,505       10            549,338 
 843,505       10            550,303 
 843,505       10            551,231 
 843,505       10            552,136 
 843,505       10            553,161 
 843,505       10            554,285 
 843,505       10            555,339 
 843,505       10            556,312 
 843,505       10            557,288 
 843,505       10            558,342 
 843,505       10            559,384 
 843,505       10            560,348 
 843,505       10            561,598 
 843,505       10            562,805 
 843,505       10            563,896 
 843,505       10            565,013 
 843,505       10            566,188 
 843,505       10            567,286 
 843,505       10            568,541 
 843,505       10            569,756 
 843,505       10            571,003 
 843,505       10            572,049 
 843,505       10            573,057 
 843,505       10            574,027 
 843,505       10            575,031 
 843,505       10            576,149 
 843,505       10            577,203 
 843,505       10            578,246 
 843,505       10            579,228 
 843,505       10            580,21 
 843,505       10            581,261 
 843,505       10            582,307 
 843,505       10            583,284 
 843,505       10            584,271 
 843,505       10            585,211 
 843,505       10            586,268 
 843,505       10            587,293 
 843,505       10            588,295 
 843,505       10            589,317 
 843,505       10            590,328 
 843,505       10            591,406 
 843,505       10            592,448 
 843,505       10            593,473 
 843,505       10            594,523 
 843,505       10            595,559 
 843,505       10            596,614 
 843,505       10            597,637 
 841,403       10            598,683 
 841,403       10            599,768 
 841,403       10            600,898 
 841,403       10            601,976 
 841,403       10            603,065 
 841,403       10            604,213 
 841,403       10            605,242 
 841,403       10            606,736 
 841,403       10            607,643 
 841,403       10            608,549 
 841,403       10            609,438 
 841,403       10            610,297 
 841,403       10            611,243 
 841,403       10            612,093 
 841,403       10            612,989 
 841,403       10            613,856 
 841,403       10            614,755 
 841,403       10            615,734 
 841,403       10            616,631 
 841,403       10            617,549 
 841,403       10            618,521 
 841,403       10            619,451 
 841,403       10            620,318 
 841,403       10            621,243 
 841,403       10            622,159 
 841,403       10            623,156 
 841,403       10            624,073 
 841,403       10            625,023 
 841,403       10            626,004 
 841,403       10            626,95 
 841,403       10            627,913 
 841,403       10            628,863 
 841,403       10            629,948 
 841,403       10            631,049 
 841,403       10            632,012 
 841,403       10            633,103 
 841,403       10            634,161 
 841,403       10            635,13 
 841,403       10            636,043 
 841,403       10            636,903 
 841,403       10            637,966 
 841,403       10            639,228 
 841,403       10            640,481 
 841,403       10            641,476 
 841,403       10            642,574 
 841,403       10            643,734 
 841,403       10            644,834 
 841,403       10            645,844 
 841,403       10            646,893 
 841,403       10            647,845 
 841,403       10            648,805 
 841,403       10            649,77 
 841,403       10            650,712 
 841,403       10            651,736 
 841,403       10            652,679 
 841,403       10            653,735 
 841,403       10            654,726 
 841,403       10            655,677 
 841,403       10            656,69 
 841,403       10            657,768 
 841,403       10            658,737 
 841,403       10            659,789 
 841,403       10            660,81 
 841,403       10            661,847 
 841,403       10            662,955 
 841,403       10            664,067 
 841,403       10            665,121 
 841,403       10            666,173 
 841,403       10            667,193 
 841,403       10            668,308 
 841,403       10            669,376 
 841,403       10            670,393 
 841,403       10            671,472 
 841,403       10            672,52 
 841,403       10            673,598 
 841,403       10            674,848 
 841,403       10            676,049 
 841,403       10            677,187 
 841,403       10            678,305 
 841,403       10            679,493 
 841,403       10            680,639 
 841,403       10            681,819 
 841,403       10            682,999 
 841,403       10            684,262 
 841,403       10            685,46 
 841,403       10            686,958 
 841,403       10            688,218 
 841,403       10            689,432 
 841,403       10            690,559 
 841,403       10            691,969 
 841,403       10            693,145 
 841,403       10            694,495 
 841,403       10            695,648 
 841,403       10            696,853 
 841,403       10            698,04 
 841,403       10            699,206 
 841,403       10            700,337 
 841,403       10            701,515 
 841,403       10            702,742 
 841,403       10            703,985 
 841,403       10            705,21 
 841,403       10            707,247 
 841,403       10            708,15 
 841,403       10            709,054 
 841,403       10            709,954 
 841,403       10            710,827 
 841,403       10            711,804 
 841,403       10            712,73 
 841,403       10            713,64 
 841,403       10            714,572 
 841,403       10            715,501 
 840,496       10            716,411 
 840,496       10            717,319 
 840,496       10            718,254 
 840,496       10            719,2 
 840,496       10            720,134 
 840,496       10            721,111 
 840,496       10            722,074 
 840,496       10            723,034 
 840,496       10            724,007 
 840,496       10            724,972 
 840,496       10            725,997 
 840,496       10            726,911 
 840,496       10            727,889 
 840,496       10            728,867 
 840,496       10            729,894 
 840,496       10            730,857 
 840,496       10            731,867 
 840,496       10            732,886 
 840,496       10            733,937 
 840,496       10            734,977 
 840,496       10            736,031 
 840,496       10            737,035 
 840,496       10            738,103 
 840,496       10            739,161 
 840,496       10            740,227 
 840,496       10            741,325 
 840,496       10            742,382 
 840,496       10            743,451 
 840,496       10            744,583 
 840,496       10            745,663 
 840,496       10            746,947 
 840,496       10            748,009 
 840,496       10            749,06 
 840,496       10            750,169 
 840,496       10            751,169 
 840,496       10            752,292 
 840,496       10            753,36 
 840,496       10            754,375 
 840,496       10            755,552 
 840,496       10            756,664 
 840,496       10            757,743 
 840,496       10            758,914 
 840,496       10            760,045 
 840,496       10            761,137 
 840,496       10            762,184 
 840,496       10            763,276 
 840,496       10            764,43 
 840,496       10            765,675 
 840,496       10            766,838 
 840,496       10            768 
 840,496       10            769,234 
 840,496       10            770,509 
 840,496       10            771,729 
 840,496       10            772,921 
 840,496       10            774,172 
 840,496       10            775,499 
 840,496       10            776,726 
 840,496       10            777,981 
 840,496       10            779,38 
 840,496       10            780,717 
 840,496       10            782,081 
 840,496       10            783,353 
 840,496       10            784,564 
 840,496       10            785,716 
 840,496       10            786,93 
 840,496       10            788,085 
 840,496       10            789,289 
 840,496       10            790,393 
 840,496       10            791,526 
 840,496       10            792,795 
 840,496       10            793,984 
 840,496       10            795,172 
 840,496       10            796,328 
 840,496       10            797,524 
 840,496       10            798,682 
 840,496       10            799,892 
 840,496       10            801,054 
 840,496       10            803,276 
 840,496       10            804,09 
 840,496       10            804,921 
 840,496       10            805,763 
 840,496       10            806,551 
 840,496       10            807,373 
 840,496       10            808,213 
 840,496       10            809,047 
 840,496       10            809,899 
 840,496       10            810,747 
 840,496       10            811,653 
 840,496       10            812,55 
 840,496       10            813,57 
 840,496       10            814,485 
 840,496       10            815,385 
 840,496       10            816,299 
 840,496       10            817,196 
 840,496       10            818,096 
 840,496       10            819,023 
 840,496       10            819,961 
 840,496       10            820,904 
 840,496       10            821,862 
 840,496       10            822,859 
 840,496       10            823,815 
 840,496       10            824,766 
 840,496       10            825,717 
 840,496       10            826,648 
 840,496       10            827,621 
 840,496       10            828,539 
 840,496       10            829,568 
 840,496       10            830,495 
 840,496       10            831,524 
 840,496       10            832,447 
 840,496       10            833,424 
 840,496       10            834,4 
 840,496       10            835,344 
 840,496       10            836,33 
 840,496       10            837,301 
 840,496       10            838,307 
 840,496       10            839,313 
 840,496       10            840,397 
 840,496       10            841,452 
 840,496       10            842,533 
 840,496       10            843,734 
 840,496       10            844,99 
 840,496       10            846,399 
 840,496       10            847,675 
 840,496       10            848,96 
 840,496       10            850,09 
 840,496       10            851,176 
 840,496       10            852,462 
 840,496       10            853,736 
 840,496       10            854,952 
 840,496       10            856,231 
 840,496       10            857,544 
 840,496       10            858,819 
 840,496       10            860,039 
 840,496       10            861,266 
 840,496       10            862,491 
 840,496       10            863,692 
 840,496       10            865,015 
 840,496       10            866,279 
 840,496       10            867,447 
 840,496       10            868,793 
 840,496       10            870,003 
 840,496       10            871,228 
 840,496       10            872,535 
 840,496       10            873,854 
 840,496       10            875,126 
 840,496       10            876,305 
 840,496       10            877,551 
 840,496       10            878,841 
 840,496       10            880,181 
 840,496       10            881,314 
 840,496       10            882,711 
 840,496       10            884,063 
 840,496       10            885,498 
 840,496       10            886,723 
 840,496       10            887,926 
 840,496       10            889,099 
 840,496       10            890,358 
 840,496       10            891,54 
 840,496       10            892,731 
 840,496       10            893,86 
 840,496       10            895,013 
 840,496       10            896,076 
 840,496       10            897,229 
 840,496       10            898,381 
 840,496       10            899,503 
 840,496       10            900,607 
 840,496       10            901,683 
 840,496       10            902,834 
 840,496       10            903,987 
 840,496       10            905,187 
 840,496       10            906,349 
 840,496       10            907,783 
 840,496       10            909,201 
 840,496       10            910,592 
 840,496       10            911,474 
 840,496       10            912,393 
 840,496       10            913,331 
 840,496       10            914,218 
 840,496       10            915,122 
 840,496       10            916,026 
 840,496       10            916,907 
 840,496       10            917,796 
 840,496       10            918,684 
 840,496       10            919,585 
 840,496       10            920,481 
 840,496       10            921,341 
 840,496       10            922,241 
 840,496       10            923,209 
 840,496       10            924,134 
 840,496       10            925,117 
 840,496       10            925,993 
 840,496       10            926,956 
 840,496       10            927,837 
 840,496       10            928,766 
 840,496       10            929,679 
 840,496       10            930,629 
 840,496       10            931,57 
 840,496       10            932,591 
 840,496       10            933,579 
 840,496       10            934,533 
 840,496       10            935,437 
 840,496       10            936,446 
 840,496       10            937,372 
 840,496       10            938,422 
 840,496       10            939,613 
 840,496       10            941,005 
 840,496       10            942,011 
 840,496       10            942,979 
 840,496       10            944,171 
 840,496       10            945,113 
 840,496       10            946,037 
 840,496       10            946,977 
 840,496       10            947,87 
 840,496       10            948,8 
 840,496       10            949,739 
 840,496       10            950,644 
 840,496       10            951,593 
 840,496       10            952,497 
 840,496       10            953,388 
 840,496       10            954,275 
 840,496       10            955,181 
 840,496       10            956,085 
 840,496       10            956,972 
 840,496       10            957,858 
 840,496       10            958,78 
 840,496       10            959,672 
 840,496       10            960,573 
 840,496       10            961,532 
 840,496       10            962,422 
 840,496       10            963,3 
 840,496       10            964,274 
 840,496       10            965,16 
 840,496       10            966,048 
 840,496       10            966,959 
 840,496       10            967,803 
 840,496       10            968,74 
 840,496       10            969,626 
 840,496       10            970,559 
 840,496       10            971,441 
 840,496       10            972,353 
 840,496       10            973,271 
 840,496       10            974,159 
 840,496       10            975,007 
 840,496       10            975,889 
 840,496       10            976,798 
 840,496       10            977,686 
 840,496       10            978,569 
 840,496       10            979,478 
 840,496       10            980,418 
 840,496       10            981,313 
 840,496       10            982,225 
 840,496       10            983,118 
 840,496       10            984,011 
 840,496       10            984,917 
 840,496       10            985,899 
 840,496       10            986,752 
 840,496       10            987,648 
 840,496       10            988,543 
 840,496       10            989,448 
 840,496       10            990,329 
 840,496       10            991,237 
 840,496       10            992,075 
 840,496       10            992,982 
 840,496       10            993,926 
 840,496       10            994,841 
 840,496       10            995,736 
 840,496       10            996,627 
 840,496       10            997,532 
 840,496       10            998,432 
 840,496       10            999,337 
 840,496       10            1000,22 
 840,496       10            1001,096 
 840,496       10            1002,041 
 840,496       10            1002,984 
 840,496       10            1003,848 
 840,496       10            1004,804 
 840,496       10            1005,711 
 840,496       10            1006,661 
 840,496       10            1007,549 
 840,496       10            1008,462 
 840,496       10            1009,372 
 840,496       10            1010,272 
 840,496       10            1011,184 
 840,496       10            1012,133 
 840,496       10            1013,02 
 840,496       10            1013,901 
 840,496       10            1014,816 
 840,496       10            1015,715 
 840,496       10            1016,607 
 840,496       10            1017,526 
 840,496       10            1018,464 
 840,496       10            1019,359 
 840,496       10            1020,229 
 840,496       10            1021,111 
 840,496       10            1022,021 
 840,496       10            1022,889 
 840,496       10            1023,796 
 840,496       10            1024,741 
 840,496       10            1025,628 
 840,496       10            1026,489 
 840,496       10            1027,373 
 840,496       10            1028,251 
 840,496       10            1029,145 
 840,496       10            1030,059 
 840,496       10            1031,015 
 840,496       10            1031,907 
 840,496       10            1032,858 
 840,496       10            1033,778 
 840,496       10            1034,681 
 840,496       10            1035,639 
 840,496       10            1036,529 
 840,496       10            1037,429 
 840,496       10            1038,337 
 840,496       10            1039,235 
 840,496       10            1040,08 
 840,496       10            1040,982 
 840,496       10            1041,866 
 840,496       10            1042,763 
 840,496       10            1043,657 
 840,496       10            1044,56 
 840,496       10            1045,486 
 840,496       10            1046,386 
 840,496       10            1047,32 
 840,496       10            1048,26 
 840,496       10            1049,106 
 840,496       10            1050,064 
 840,496       10            1050,969 
 840,496       10            1051,857 
 840,496       10            1052,825 
 840,496       10            1053,722 
 840,496       10            1054,621 
 840,496       10            1055,536 
 840,496       10            1056,431 
 840,496       10            1057,323 
 840,496       10            1058,29 
 840,496       10            1059,139 
 840,496       10            1060,079 
 840,496       10            1060,999 
 840,496       10            1061,906 
 840,496       10            1062,877 
 840,496       10            1063,75 
 840,496       10            1064,687 
 840,496       10            1065,581 
 840,496       10            1066,475 
 840,496       10            1067,378 
 840,496       10            1068,277 
 840,496       10            1069,156 
 840,496       10            1070,078 
 840,496       10            1070,974 
 840,496       10            1071,864 
 840,496       10            1072,818 
 840,496       10            1073,717 
 840,496       10            1074,623 
 840,496       10            1075,529 
 840,496       10            1076,424 
 840,496       10            1077,307 
 840,496       10            1078,197 
 840,496       10            1079,101 
 840,496       10            1079,983 
 840,496       10            1080,829 
 840,496       10            1081,728 
 840,496       10            1082,616 
 840,496       10            1083,513 
 840,496       10            1084,396 
 840,496       10            1085,241 
 840,496       10            1086,147 
 840,496       10            1087,038 
 840,496       10            1087,975 
 840,496       10            1088,903 
 840,496       10            1089,791 
 840,496       10            1090,754 
 840,496       10            1091,68 
 840,496       10            1092,623 
 840,496       10            1093,614 
 840,496       10            1094,541 
 840,496       10            1095,494 
 840,496       10            1096,457 
 840,496       10            1097,384 
 840,496       10            1098,33 
 840,496       10            1099,21 
 840,496       10            1100,144 
 840,496       10            1101,101 
 840,496       10            1102,032 
 840,496       10            1102,999 
 840,496       10            1104 
 840,496       10            1104,979 
 840,496       10            1105,956 
 840,496       10            1106,968 
 840,496       10            1107,883 
 840,496       10            1108,86 
 840,496       10            1109,826 
 840,496       10            1110,866 
 840,496       10            1111,838 
 840,496       10            1112,84 
 840,496       10            1113,8 
 840,496       10            1114,75 
 840,496       10            1115,79 
 840,496       10            1116,74 
 840,496       10            1117,747 
 840,496       10            1118,84 
 840,496       10            1119,859 
 840,496       10            1120,89 
 840,496       10            1121,966 
 840,496       10            1123,055 
 840,496       10            1124,094 
 840,496       10            1125,119 
 840,496       10            1126,164 
 840,496       10            1127,141 
 840,496       10            1128,19 
 840,496       10            1129,26 
 840,496       10            1130,327 
 840,496       10            1131,382 
 840,496       10            1132,452 
 840,496       10            1133,402 
 840,496       10            1134,363 
 840,496       10            1135,318 
 840,496       10            1136,303 
 840,496       10            1137,271 
 840,496       10            1138,259 
 840,496       10            1139,236 
 840,496       10            1140,297 
 840,496       10            1141,225 
 840,496       10            1142,184 
 840,496       10            1143,195 
 840,496       10            1144,188 
 840,496       10            1145,21 
 840,496       10            1146,214 
 840,496       10            1147,214 
 840,496       10            1148,184 
 840,496       10            1149,157 
 840,496       10            1150,17 
 840,496       10            1151,272 
 840,496       10            1152,293 
 840,496       10            1153,343 
 840,496       10            1154,311 
 840,496       10            1155,427 
 840,496       10            1156,464 
 840,496       10            1157,565 
 840,496       10            1158,564 
 840,496       10            1159,671 
 840,496       10            1160,639 
 840,496       10            1161,472 
 840,496       10            1162,303 
 840,496       10            1163,374 
 840,496       10            1164,41 
 840,496       10            1165,67 
 840,496       10            1167,015 
 840,496       10            1168,243 
 840,496       10            1169,518 
 840,496       10            1170,669 
 840,496       10            1171,978 
 840,496       10            1173,289 
 840,496       10            1174,482 
 840,496       10            1175,719 
 840,496       10            1176,835 
 840,496       10            1177,937 
 840,496       10            1179,032 
 840,496       10            1180,111 
 840,496       10            1181,202 
 840,496       10            1182,346 
 840,496       10            1183,519 
 840,496       10            1184,682 
 840,496       10            1185,788 
 840,496       10            1186,899 
 840,496       10            1187,972 
 840,496       10            1189,089 
 840,496       10            1190,223 
 840,496       10            1191,332 
 840,496       10            1192,435 
 840,496       10            1193,563 
 840,496       10            1194,675 
 840,496       10            1195,814 
 840,496       10            1196,911 
 840,496       10            1197,992 
 840,496       10            1199,149 
 840,496       10            1200,222 
 840,496       10            1201,346 
 840,496       10            1202,472 
 840,496       10            1203,563 
 840,496       10            1204,64 
 840,496       10            1205,781 
 840,496       10            1206,914 
 840,496       10            1207,998 
 840,496       10            1209,102 
 840,496       10            1210,274 
 840,496       10            1211,434 
 840,496       10            1212,638 
 840,496       10            1213,815 
 840,496       10            1214,945 
 840,496       10            1216,119 
 840,496       10            1217,206 
 840,496       10            1218,238 
 840,496       10            1219,42 
 840,496       10            1220,535 
 840,496       10            1221,607 
 840,496       10            1222,712 
 840,496       10            1223,832 
 840,496       10            1224,931 
 840,496       10            1226,061 
 840,496       10            1227,164 
 840,496       10            1228,266 
 840,496       10            1229,334 
 840,496       10            1230,438 
 840,496       10            1231,584 
 840,496       10            1232,706 
 840,496       10            1233,816 
 840,496       10            1234,953 
 840,496       10            1236,09 
 840,496       10            1238,51 
 840,496       10            1239,567 
 840,496       10            1240,612 
 840,496       10            1241,735 
 840,496       10            1242,843 
 840,496       10            1243,943 
 840,496       10            1244,952 
 840,496       10            1245,918 
 840,496       10            1246,937 
 840,496       10            1247,968 
 840,496       10            1248,945 
 840,496       10            1250,004 
 840,496       10            1251,136 
 840,496       10            1252,331 
 840,496       10            1253,406 
 840,496       10            1254,541 
 840,496       10            1255,745 
 840,496       10            1256,761 
 840,496       10            1257,833 
 840,496       10            1258,98 
 840,496       10            1260,082 
 840,496       10            1261,175 
 840,496       10            1262,278 
 840,496       10            1263,393 
 840,496       10            1264,538 
 840,496       10            1265,653 
 840,496       10            1266,697 
 840,496       10            1267,988 
 840,496       10            1269,273 
 840,496       10            1270,524 
 840,496       10            1271,829 
 840,496       10            1273,15 
 840,496       10            1274,438 
 840,496       10            1275,627 
 840,496       10            1276,735 
 840,496       10            1277,922 
 840,496       10            1279,075 
 840,496       10            1280,29 
 840,496       10            1281,476 
 840,496       10            1282,719 
 840,496       10            1283,824 
 840,496       10            1285,012 
 840,496       10            1286,201 
 840,496       10            1287,441 
 840,496       10            1288,629 
 840,496       10            1289,806 
 840,496       10            1291 
 840,496       10            1292,09 
 840,496       10            1293,319 
 840,496       10            1294,385 
 840,496       10            1295,599 
 840,496       10            1296,723 
 840,496       10            1297,913 
 840,496       10            1299,011 
 840,496       10            1300,197 
 840,496       10            1301,363 
 840,496       10            1302,52 
 840,496       10            1303,733 
 840,496       10            1304,876 
 840,496       10            1306,053 
 840,496       10            1307,236 
 840,496       10            1308,312 
 840,496       10            1309,594 
 840,496       10            1310,745 
 840,496       10            1311,755 
 840,496       10            1312,953 
 840,496       10            1314,139 
 840,496       10            1315,218 
 840,496       10            1316,359 
 840,496       10            1317,486 
 840,496       10            1318,632 
 840,496       10            1319,719 
 840,496       10            1320,851 
 840,496       10            1321,919 
 840,496       10            1323,064 
 840,496       10            1324,123 
 840,496       10            1325,242 
 840,496       10            1326,343 
 840,496       10            1327,505 
 840,496       10            1328,636 
 840,496       10            1329,748 
 840,496       10            1330,852 
 840,496       10            1331,984 
 840,496       10            1333,17 
 840,496       10            1334,369 
 840,496       10            1335,506 
 840,496       10            1336,688 
 840,496       10            1337,874 
 840,496       10            1339,071 
 840,496       10            1340,172 
 840,496       10            1341,39 
 840,496       10            1342,627 
 840,496       10            1343,904 
 840,496       10            1344,979 
 840,496       10            1346,223 
 840,496       10            1347,54 
 840,496       10            1348,709 
 840,496       10            1349,85 
 840,496       10            1350,999 
 840,496       10            1352,172 
 840,496       10            1353,423 
 840,496       10            1354,588 
 840,496       10            1355,86 
 840,496       10            1356,98 
 840,496       10            1358,247 
 840,496       10            1359,401 
 840,496       10            1360,692 
 840,496       10            1361,862 
 840,496       10            1363,133 
 840,496       10            1364,395 
 840,496       10            1365,543 
 840,496       10            1366,683 
 840,496       10            1367,788 
 840,496       10            1369,007 
 840,496       10            1370,224 
 840,496       10            1371,392 
 840,496       10            1372,584 
 840,496       10            1373,75 
 840,496       10            1374,939 
 840,496       10            1376,089 
 840,496       10            1377,384 
 840,496       10            1378,495 
 840,496       10            1379,639 
 840,496       10            1380,764 
 840,496       10            1381,883 
 840,496       10            1383,021 
 840,496       10            1384,183 
 840,496       10            1385,31 
 840,496       10            1386,438 
 840,496       10            1387,543 
 840,496       10            1388,654 
 840,496       10            1389,696 
 840,496       10            1390,818 
 840,496       10            1391,966 
 840,496       10            1393,109 
 840,496       10            1394,313 
 840,496       10            1395,426 
 840,496       10            1396,582 
 840,496       10            1397,742 
 840,496       10            1398,864 
 840,496       10            1399,991 
 840,496       10            1401,116 
 840,496       10            1402,233 
 840,496       10            1403,369 
 840,496       10            1404,487 
 840,496       10            1405,665 
 840,496       10            1406,789 
 840,496       10            1407,926 
 840,496       10            1409,183 
 840,496       10            1410,485 
 840,496       10            1411,703 
 840,496       10            1412,874 
 840,496       10            1414,115 
 840,496       10            1415,29 
 840,496       10            1416,446 
 840,496       10            1417,666 
 840,496       10            1418,854 
 840,496       10            1420,127 
 840,496       10            1421,26 
 840,496       10            1422,396 
 840,496       10            1423,547 
 840,496       10            1424,715 
 840,496       10            1425,807 
 840,496       10            1426,821 
 840,496       10            1427,881 
 840,496       10            1428,923 
 840,496       10            1430,013 
 840,496       10            1431,112 
 840,496       10            1432,131 
 840,496       10            1433,197 
 840,496       10            1434,276 
 840,496       10            1435,441 
 840,496       10            1436,502 
 840,496       10            1437,571 
 840,496       10            1438,634 
 840,496       10            1439,659 
 840,496       10            1440,727 
 840,496       10            1441,741 
 840,496       10            1442,792 
 840,496       10            1443,868 
 840,496       10            1444,941 
 840,496       10            1446,033 
 840,496       10            1447,095 
 840,496       10            1448,181 
 840,496       10            1449,235 
 840,496       10            1450,314 
 840,496       10            1451,362 
 840,496       10            1452,424 
 840,496       10            1453,533 
 840,496       10            1454,604 
 840,496       10            1455,654 
 840,496       10            1456,647 
 840,496       10            1457,701 
 840,496       10            1458,76 
 840,496       10            1459,814 
 840,496       10            1460,898 
 840,496       10            1461,94 
 840,496       10            1463,01 
 840,496       10            1464,123 
 840,496       10            1465,15 
 840,496       10            1466,221 
 840,496       10            1467,263 
 840,496       10            1468,266 
 840,496       10            1469,322 
 840,496       10            1470,385 
 840,496       10            1471,512 
 840,496       10            1472,528 
 840,496       10            1473,574 
 840,496       10            1474,628 
 840,496       10            1475,632 
 840,496       10            1476,689 
 840,496       10            1477,763 
 840,496       10            1478,897 
 840,496       10            1479,982 
 840,496       10            1480,995 
 840,496       10            1482,121 
 840,496       10            1483,215 
 840,496       10            1484,31 
 840,496       10            1485,349 
 840,496       10            1486,373 
 840,496       10            1487,41 
 840,496       10            1488,541 
 840,496       10            1489,72 
 840,496       10            1490,791 
 840,496       10            1491,851 
 840,496       10            1492,914 
 840,496       10            1493,987 
 840,496       10            1495,077 
 840,496       10            1496,139 
 840,496       10            1497,189 
 840,496       10            1498,243 
 840,496       10            1499,251 
 840,496       10            1500,297 
 840,496       10            1501,363 
 840,496       10            1502,404 
 840,496       10            1503,46 
 840,496       10            1504,535 
 840,496       10            1505,534 
 840,496       10            1506,673 
 840,496       10            1507,688 
 840,496       10            1508,751 
 840,496       10            1509,819 
 840,496       10            1510,99 
 840,496       10            1512,059 
 840,496       10            1513,21 
 840,496       10            1514,256 
 840,496       10            1515,289 
 840,496       10            1516,349 
 840,496       10            1517,376 
 840,496       10            1518,465 
 840,496       10            1519,511 
 840,496       10            1520,544 
 840,496       10            1521,599 
 840,496       10            1522,662 
 840,496       10            1523,733 
 840,496       10            1524,817 
 840,496       10            1525,902 
 840,496       10            1526,988 
 840,496       10            1528,031 
 840,496       10            1529,195 
 840,496       10            1530,344 
 840,496       10            1531,417 
 840,496       10            1532,569 
 840,496       10            1533,581 
 840,496       10            1534,631 
 840,496       10            1535,682 
 840,496       10            1536,669 
 840,496       10            1537,727 
 840,496       10            1538,788 
 840,496       10            1539,787 
 840,496       10            1540,849 
 840,496       10            1541,906 
 840,496       10            1542,981 
 840,496       10            1544,083 
 840,496       10            1545,167 
 840,496       10            1546,24 
 840,496       10            1547,263 
 840,496       10            1548,349 
 840,496       10            1549,426 
 840,496       10            1550,447 
 840,496       10            1551,508 
 840,496       10            1552,581 
 840,496       10            1553,662 
 840,496       10            1554,773 
 840,496       10            1555,848 
 840,496       10            1556,902 
 840,496       10            1557,987 
 840,496       10            1559,054 
 840,496       10            1560,064 
 840,496       10            1561,151 
 839,37        10            1562,221 
 839,37        10            1563,278 
 839,37        10            1564,355 
 839,37        10            1565,405 
 839,37        10            1566,497 
 839,37        10            1567,55 
 839,37        10            1568,555 
 839,37        10            1569,636 
 839,37        10            1570,698 
 839,37        10            1571,765 
 839,37        10            1572,851 
 839,37        10            1573,991 
 839,37        10            1575,086 
 839,37        10            1576,151 
 839,37        10            1577,226 
 839,37        10            1578,25 
 839,37        10            1579,419 
 839,37        10            1580,496 
 839,37        10            1581,628 
 839,37        10            1582,723 
 839,37        10            1583,799 
 839,37        10            1584,872 
 839,37        10            1586,005 
 839,37        10            1587,073 
 839,37        10            1588,126 
 839,37        10            1589,221 
 839,37        10            1590,291 
 839,37        10            1591,401 
 839,37        10            1592,558 
 839,37        10            1593,615 
 839,37        10            1594,703 
 839,37        10            1595,769 
 839,37        10            1596,852 
 839,37        10            1597,973 
 839,37        10            1599,037 
 839,37        10            1600,095 
 839,37        10            1601,199 
 839,37        10            1602,265 
 839,37        10            1603,39 
 839,37        10            1604,5 
 839,37        10            1605,604 
 839,37        10            1606,647 
 839,37        10            1607,633 
 839,37        10            1608,705 
 839,37        10            1609,757 
 839,37        10            1610,813 
 839,37        10            1611,858 
 839,37        10            1612,945 
 839,37        10            1614,028 
 839,37        10            1615,081 
 839,37        10            1616,159 
 839,37        10            1617,223 
 839,37        10            1618,286 
 839,37        10            1619,325 
 839,37        10            1620,348 
 839,37        10            1621,428 
 839,37        10            1622,495 
 839,37        10            1623,504 
 839,37        10            1624,634 
 839,37        10            1625,697 
 839,37        10            1626,785 
 839,37        10            1627,934 
 839,37        10            1629,006 
 839,37        10            1630,077 
 839,37        10            1631,14 
 839,37        10            1632,245 
 839,37        10            1633,341 
 839,37        10            1634,478 
 839,37        10            1635,638 
 839,37        10            1636,676 
 839,37        10            1637,784 
 839,37        10            1638,866 
 839,37        10            1639,883 
 839,37        10            1640,966 
 839,37        10            1642,046 
 839,37        10            1643,146 
 839,37        10            1644,259 
 839,37        10            1645,334 
 839,37        10            1646,41 
 839,37        10            1647,472 
 839,37        10            1648,509 
 839,37        10            1649,637 
 839,37        10            1650,691 
 839,37        10            1651,745 
 839,37        10            1652,818 
 839,37        10            1653,899 
 839,37        10            1654,996 
 839,37        10            1656,06 
 839,37        10            1657,143 
 839,37        10            1658,263 
 839,37        10            1659,32 
 839,37        10            1660,358 
 839,37        10            1661,445 
 839,37        10            1662,571 
 839,37        10            1663,679 
 839,37        10            1664,791 
 839,37        10            1665,872 
 839,37        10            1666,922 
 839,37        10            1667,978 
 839,37        10            1669,034 
 839,37        10            1670,098 
 839,37        10            1671,177 
 839,37        10            1672,211 
 839,37        10            1673,206 
 839,37        10            1674,262 
 839,37        10            1675,323 
 839,37        10            1676,391 
 839,37        10            1677,441 
 839,37        10            1678,522 
 839,37        10            1679,545 
 839,37        10            1680,627 
 839,37        10            1681,689 
 839,37        10            1682,738 
 839,37        10            1683,759 
 839,37        10            1684,821 
 839,37        10            1685,919 
 839,37        10            1686,967 
 839,37        10            1688,007 
 839,37        10            1689,134 
 839,37        10            1690,159 
 839,37        10            1691,24 
 839,37        10            1692,275 
 839,37        10            1693,335 
 839,37        10            1694,462 
 839,37        10            1695,542 
 839,37        10            1696,58 
 839,37        10            1697,673 
 839,37        10            1698,727 
 839,37        10            1699,774 
 839,37        10            1700,829 
 839,37        10            1701,834 
 839,37        10            1702,886 
 839,37        10            1703,967 
 839,37        10            1705,025 
 839,37        10            1706,119 
 839,37        10            1707,14 
 839,37        10            1708,214 
 839,37        10            1709,348 
 839,37        10            1710,385 
 839,37        10            1711,368 
 839,37        10            1712,442 
 839,37        10            1713,573 
 839,37        10            1714,578 
 839,37        10            1715,631 
 839,37        10            1716,684 
 839,37        10            1717,694 
 839,37        10            1718,748 
 839,37        10            1719,785 
 839,37        10            1720,77 
 839,37        10            1721,823 
 839,37        10            1722,905 
 839,37        10            1723,988 
 839,37        10            1725,016 
 839,37        10            1726,085 
 839,37        10            1727,157 
 839,37        10            1728,225 
 839,37        10            1729,289 
 839,37        10            1730,423 
 839,37        10            1731,422 
 839,37        10            1732,493 
 839,37        10            1733,548 
 839,37        10            1734,55 
 839,37        10            1735,604 
 839,37        10            1736,666 
 839,37        10            1737,731 
 839,37        10            1738,805 
 839,37        10            1739,938 
 839,37        10            1740,955 
 839,37        10            1742,001 
 839,37        10            1743,016 
 839,37        10            1744,08 
 839,37        10            1745,159 
 839,37        10            1746,225 
 839,37        10            1747,283 
 839,37        10            1748,353 
 839,37        10            1749,423 
 839,37        10            1750,438 
 839,37        10            1751,57 
 839,37        10            1752,638 
 839,37        10            1753,735 
 839,37        10            1754,824 
 839,37        10            1755,911 
 839,37        10            1756,981 
 839,37        10            1758,057 
 839,37        10            1759,124 
 839,37        10            1760,173 
 839,37        10            1761,187 
 839,37        10            1762,254 
 839,37        10            1763,293 
 839,37        10            1764,32 
 839,37        10            1765,423 
 839,37        10            1766,525 
 839,37        10            1767,586 
 839,37        10            1768,666 
 839,37        10            1769,727 
 839,37        10            1770,754 
 839,37        10            1771,83 
 839,37        10            1772,874 
 839,37        10            1773,867 
 839,37        10            1774,933 
 839,37        10            1776,018 
 839,37        10            1777,067 
 839,37        10            1778,129 
 839,37        10            1779,215 
 839,37        10            1780,291 
 839,37        10            1781,362 
 839,37        10            1782,444 
 839,37        10            1783,594 
 839,37        10            1784,694 
 839,37        10            1785,77 
 839,37        10            1786,831 
 839,37        10            1787,874 
 839,37        10            1788,942 
 839,37        10            1789,992 
 839,37        10            1791,047 
 839,37        10            1792,09 
 839,37        10            1793,147 
 839,37        10            1794,348 
 839,37        10            1795,458 
 839,37        10            1796,642 
 839,37        10            1797,877 
 839,37        10            1799,002 
 839,37        10            1800,177 
 839,37        10            1801,349 
 839,37        10            1802,53 
 839,37        10            1803,631 
 839,37        10            1804,704 
 839,37        10            1805,861 
 839,37        10            1806,732 
 839,37        10            1807,911 
 839,37        10            1809,079 
 839,37        10            1810,212 
 839,37        10            1811,348 
 839,37        10            1812,533 
 839,37        10            1813,733 
 839,37        10            1814,911 
 839,37        10            1816,094 
 839,37        10            1817,159 
 839,37        10            1818,374 
 839,37        10            1819,629 
 839,37        10            1820,782 
 839,37        10            1821,932 
 839,37        10            1823,088 
 839,37        10            1824,242 
 839,37        10            1825,344 
 839,37        10            1826,465 
 839,37        10            1827,626 
 839,37        10            1828,764 
 839,37        10            1829,889 
 839,37        10            1831,051 
 839,37        10            1832,26 
 839,37        10            1833,522 
 839,37        10            1834,705 
 839,37        10            1835,832 
 839,37        10            1836,999 
 839,37        10            1838,13 
 839,37        10            1839,245 
 839,37        10            1840,419 
 839,37        10            1841,513 
 839,37        10            1842,655 
 839,37        10            1843,852 
 839,37        10            1844,924 
 839,37        10            1846,074 
 839,37        10            1847,155 
 839,37        10            1848,288 
 839,37        10            1849,403 
 839,37        10            1850,51 
 839,37        10            1851,626 
 839,37        10            1852,707 
 839,37        10            1853,783 
 839,37        10            1855,048 
 839,37        10            1856,23 
 839,37        10            1857,371 
 839,37        10            1858,471 
 839,37        10            1859,683 
 839,37        10            1860,837 
 839,37        10            1861,947 
 839,37        10            1863,138 
 839,37        10            1864,249 
 839,37        10            1865,305 
 839,37        10            1866,464 
 839,37        10            1867,567 
 839,37        10            1868,686 
 839,37        10            1869,886 
 839,37        10            1871,034 
 839,37        10            1872,117 
 839,37        10            1873,208 
 839,37        10            1874,287 
 839,37        10            1875,369 
 839,37        10            1876,453 
 839,37        10            1877,574 
 839,37        10            1878,637 
 839,37        10            1879,716 
 839,37        10            1880,808 
 839,37        10            1881,881 
 839,37        10            1883,003 
 839,37        10            1884,105 
 839,37        10            1885,19 
 839,37        10            1886,329 
 839,37        10            1887,379 
 839,37        10            1888,476 
 839,37        10            1889,544 
 839,37        10            1890,752 
 839,37        10            1891,91 
 839,37        10            1893,107 
 839,37        10            1894,247 
 839,37        10            1895,483 
 839,37        10            1896,67 
 839,37        10            1897,821 
 839,37        10            1898,913 
 839,37        10            1900,077 
 839,37        10            1901,287 
 839,37        10            1902,456 
 839,37        10            1903,554 
 839,37        10            1904,643 
 839,37        10            1905,701 
 839,37        10            1906,798 
 839,37        10            1907,897 
 839,37        10            1909,112 
 839,37        10            1910,241 
 839,37        10            1911,455 
 839,37        10            1912,56 
 839,37        10            1913,668 
 839,37        10            1914,828 
 839,37        10            1915,965 
 839,37        10            1917,118 
 839,37        10            1918,359 
 839,37        10            1919,619 
 839,37        10            1920,716 
 839,37        10            1921,843 
 839,37        10            1922,958 
 839,37        10            1924,118 
 839,37        10            1925,33 
 839,37        10            1926,461 
 839,37        10            1927,57 
 839,37        10            1928,744 
 839,37        10            1929,969 
 839,37        10            1931,087 
 839,37        10            1932,13 
 839,37        10            1933,284 
 839,37        10            1934,485 
 839,37        10            1935,621 
 839,37        10            1936,812 
 839,37        10            1938,005 
 839,37        10            1939,177 
 839,37        10            1940,315 
 839,37        10            1941,515 
 839,37        10            1942,739 
 839,37        10            1943,891 
 839,37        10            1945,059 
 839,37        10            1946,271 
 839,37        10            1947,457 
 839,37        10            1948,97 
 839,37        10            1950,075 
 839,37        10            1951,169 
 839,37        10            1952,232 
 839,37        10            1953,402 
 839,37        10            1954,596 
 839,37        10            1955,844 
 839,37        10            1957,044 
 839,37        10            1958,179 
 839,37        10            1959,263 
 839,37        10            1960,339 
 839,37        10            1961,462 
 839,37        10            1962,589 
 839,37        10            1963,716 
 839,37        10            1964,791 
 839,37        10            1965,98 
 839,37        10            1967,077 
 839,37        10            1968,117 
 839,37        10            1969,265 
 839,37        10            1970,387 
 839,37        10            1971,482 
 839,37        10            1972,589 
 839,37        10            1973,69 
 839,37        10            1974,832 
 839,37        10            1976,019 
 839,37        10            1977,113 
 839,37        10            1978,252 
 839,37        10            1979,397 
 839,37        10            1980,46 
 839,37        10            1981,623 
 839,37        10            1982,702 
 839,37        10            1983,895 
 839,37        10            1985,011 
 839,37        10            1986,127 
 839,37        10            1987,226 
 839,37        10            1988,305 
 839,37        10            1989,408 
 839,37        10            1990,51 
 839,37        10            1991,62 
 839,37        10            1992,753 
 839,37        10            1993,87 
 839,37        10            1995,063 
 839,37        10            1996,251 
 839,37        10            1997,432 
 839,37        10            1998,561 
 839,37        10            1999,821 
 839,37        10            2001,03 
 839,37        10            2002,155 
 839,37        10            2003,285 
 839,37        10            2004,38 
 839,37        10            2005,474 
 839,37        10            2006,597 
 839,37        10            2007,989 
 839,37        10            2009,172 
 839,37        10            2010,367 
 839,37        10            2011,541 
 839,37        10            2012,714 
 839,37        10            2013,816 
 839,37        10            2014,922 
 839,37        10            2016,002 
 839,37        10            2017,067 
 839,37        10            2018,174 
 839,37        10            2019,28 
 839,37        10            2020,382 
 839,37        10            2021,442 
 839,37        10            2022,509 
 839,37        10            2023,635 
 839,37        10            2024,72 
 839,37        10            2025,846 
 839,37        10            2027,001 
 839,37        10            2028,126 
 839,37        10            2029,288 
 839,37        10            2030,448 
 839,37        10            2031,5 
 839,37        10            2032,634 
 839,37        10            2033,755 
 839,37        10            2034,869 
 839,37        10            2035,931 
 839,37        10            2037,054 
 839,37        10            2038,195 
 839,37        10            2039,287 
 839,37        10            2040,404 
 839,37        10            2041,579 
 839,37        10            2042,747 
 839,37        10            2043,858 
 839,37        10            2044,985 
 839,37        10            2046,126 
 839,37        10            2047,303 
 839,37        10            2048,544 
 839,37        10            2049,56 
 839,37        10            2050,014 
 839,37        10            2050,494 
 839,37        10            2050,924 
 839,37        10            2051,442 
 839,37        10            2052,129 
 839,37        10            2052,678 
 839,37        10            2053,283 
 839,37        10            2053,865 
 839,37        10            2054,457 
 839,37        10            2054,928 
 839,37        10            2055,376 
 839,37        10            2055,95 
 839,37        10            2056,515 
 839,37        10            2057,086 
 839,37        10            2057,615 
 839,37        10            2058,032 
 839,37        10            2058,499 
 839,37        10            2058,983 
 839,37        10            2059,404 
 839,37        10            2059,836 
 839,37        10            2060,25 
 839,37        10            2060,843 
 839,37        10            2061,296 
 839,37        10            2061,713 
 839,37        10            2062,119 
 839,37        10            2062,628 
 839,37        10            2063,198 
 839,37        10            2063,798 
 839,37        10            2064,33 
 839,37        10            2064,772 
 839,37        10            2065,278 
 839,37        10            2065,817 
 839,37        10            2066,328 
 839,37        10            2066,858 
 839,37        10            2067,43 
 839,37        10            2068,01 
 839,37        10            2068,558 
 839,37        10            2068,999 
 839,37        10            2069,543 
 839,37        10            2069,971 
 839,37        10            2070,417 
 839,37        10            2070,845 
 839,37        10            2071,398 
 839,37        10            2071,972 
 839,37        10            2072,549 
 839,37        10            2072,985 
 839,37        10            2073,564 
 839,37        10            2074,05 
 839,37        10            2074,515 
 839,37        10            2075,077 
 839,37        10            2075,503 
 839,37        10            2075,948 
 839,37        10            2076,387 
 839,37        10            2076,806 
 839,37        10            2077,215 
 839,37        10            2077,652 
 839,37        10            2078,192 
 839,37        10            2078,593 
 839,37        10            2079,171 
 839,37        10            2079,743 
 839,37        10            2080,297 
 839,37        10            2080,827 
 839,37        10            2081,271 
 839,37        10            2081,773 
 839,37        10            2082,244 
 839,37        10            2082,76 
 839,37        10            2083,217 
 839,37        10            2083,653 
 839,37        10            2084,139 
 839,37        10            2084,592 
 839,37        10            2085,02 
 839,37        10            2085,437 
 839,37        10            2085,943 
 839,37        10            2086,488 
 839,37        10            2086,962 
 839,37        10            2087,38 
 839,37        10            2087,784 
 839,37        10            2088,193 
 839,37        10            2088,602 
 839,37        10            2089,01 
 839,37        10            2089,422 
 839,37        10            2089,852 
 839,37        10            2090,306 
 839,37        10            2090,726 
 839,37        10            2091,252 
 839,37        10            2091,808 
 839,37        10            2092,363 
 839,37        10            2092,924 
 839,37        10            2093,532 
 839,37        10            2094,019 
 839,37        10            2094,462 
 839,37        10            2094,899 
 839,37        10            2095,343 
 839,37        10            2095,856 
 839,37        10            2096,404 
 839,37        10            2096,848 
 839,37        10            2097,259 
 839,37        10            2097,671 
 839,37        10            2098,148 
 839,37        10            2098,724 
 839,37        10            2099,312 
 839,37        10            2099,883 
 839,37        10            2100,48 
 839,37        10            2101,071 
 839,37        10            2101,585 
 839,37        10            2102,052 
 839,37        10            2102,477 
 839,37        10            2102,893 
 839,37        10            2103,312 
 839,37        10            2103,735 
 839,37        10            2104,158 
 839,37        10            2104,573 
 839,37        10            2104,989 
 839,37        10            2105,416 
 839,37        10            2105,867 
 839,37        10            2106,288 
 839,37        10            2106,703 
 839,37        10            2107,132 
 839,37        10            2107,574 
 839,37        10            2108,018 
 839,37        10            2108,435 
 839,37        10            2108,865 
 839,37        10            2109,292 
 839,37        10            2109,723 
 839,37        10            2110,146 
 839,37        10            2110,719 
 839,37        10            2111,298 
 839,37        10            2111,879 
 839,37        10            2112,321 
 839,37        10            2112,735 
 839,37        10            2113,165 
 839,37        10            2113,586 
 839,37        10            2113,999 
 839,37        10            2114,41 
 839,37        10            2114,816 
 839,37        10            2115,233 
 839,37        10            2115,662 
 839,37        10            2116,077 
 839,37        10            2116,494 
 839,37        10            2116,892 
 839,37        10            2117,321 
 839,37        10            2117,745 
 839,37        10            2118,199 
 839,37        10            2118,619 
 839,37        10            2119,045 
 839,37        10            2119,455 
 839,37        10            2119,884 
 839,37        10            2120,305 
 839,37        10            2120,713 
 839,37        10            2121,124 
 839,37        10            2121,546 
 839,37        10            2121,963 
 839,37        10            2122,373 
 839,37        10            2122,797 
 839,37        10            2123,214 
 839,37        10            2123,639 
 839,37        10            2124,058 
 839,37        10            2124,487 
 839,37        10            2124,903 
 839,37        10            2125,314 
 839,37        10            2125,733 
 839,37        10            2126,179 
 839,37        10            2126,614 
 839,37        10            2127,044 
 839,37        10            2127,473 
 839,37        10            2127,883 
 839,37        10            2128,3 
 839,37        10            2128,713 
 839,37        10            2129,137 
 839,37        10            2129,557 
 839,37        10            2129,986 
 839,37        10            2130,403 
 839,37        10            2130,92 
 839,37        10            2131,45 
 839,37        10            2132,004 
 839,37        10            2132,593 
 839,37        10            2133,149 
 839,37        10            2133,687 
 839,37        10            2134,214 
 839,37        10            2134,771 
 839,37        10            2135,35 
 839,37        10            2135,893 
 839,37        10            2136,436 
 839,37        10            2136,985 
 839,37        10            2137,519 
 839,37        10            2138,105 
 839,37        10            2138,646 
 839,37        10            2139,25 
 839,37        10            2139,887 
 839,37        10            2140,484 
 839,37        10            2141,038 
 839,37        10            2141,594 
 839,37        10            2142,137 
 839,37        10            2142,727 
 839,37        10            2143,26 
 839,37        10            2143,857 
 839,37        10            2144,433 
 839,37        10            2145,003 
 839,37        10            2145,613 
 839,37        10            2146,191 
 839,37        10            2146,779 
 839,37        10            2147,353 
 839,37        10            2147,936 
 839,37        10            2148,51 
 839,37        10            2149,122 
 839,37        10            2149,744 
 839,37        10            2150,326 
 839,37        10            2150,899 
 839,37        10            2151,474 
 839,37        10            2152,031 
 839,37        10            2152,656 
 839,37        10            2153,228 
 839,37        10            2153,793 
 839,37        10            2154,362 
 839,37        10            2154,895 
 839,37        10            2155,424 
 839,37        10            2156,005 
 839,37        10            2156,543 
 839,37        10            2157,071 
 839,37        10            2157,619 
 839,37        10            2158,147 
 839,37        10            2158,711 
 839,37        10            2159,319 
 839,37        10            2159,902 
 839,37        10            2160,454 
 839,37        10            2161,13 
 839,37        10            2161,681 
 839,37        10            2162,118 
 839,37        10            2162,561 
 839,37        10            2162,998 
 839,37        10            2163,408 
 839,37        10            2163,838 
 839,37        10            2164,251 
 839,37        10            2164,673 
 839,37        10            2165,109 
 839,37        10            2165,515 
 839,37        10            2165,937 
 839,37        10            2166,389 
 839,37        10            2166,817 
 839,37        10            2167,249 
 839,37        10            2167,675 
 839,37        10            2168,121 
 839,37        10            2168,546 
 839,37        10            2168,968 
 839,37        10            2169,409 
 839,37        10            2169,826 
 839,37        10            2170,249 
 839,37        10            2170,68 
 839,37        10            2171,109 
 839,37        10            2171,516 
 839,37        10            2171,936 
 839,37        10            2172,346 
 839,37        10            2172,761 
 839,37        10            2173,184 
 839,37        10            2173,6 
 839,37        10            2174,022 
 839,37        10            2174,439 
 839,37        10            2174,86 
 839,37        10            2175,278 
 839,37        10            2175,679 
 839,37        10            2176,089 
 839,37        10            2176,502 
 839,37        10            2176,948 
 839,37        10            2177,375 
 839,37        10            2177,78 
 839,37        10            2178,286 
 839,37        10            2179,453 
 839,37        10            2180,565 
 839,37        10            2181,764 
 839,37        10            2182,891 
 839,37        10            2184,049 
 839,37        10            2185,301 
 839,37        10            2186,464 
 839,37        10            2187,606 
 839,37        10            2188,76 
 839,37        10            2189,936 
 839,37        10            2191,009 
 839,37        10            2192,132 
 839,37        10            2193,349 
 839,37        10            2194,579 
 839,37        10            2195,767 
 839,37        10            2196,915 
 839,37        10            2198,043 
 839,37        10            2199,156 
 839,37        10            2200,31 
 839,37        10            2201,445 
 839,37        10            2202,572 
 839,37        10            2203,723 
 839,37        10            2204,85 
 839,37        10            2205,984 
 839,37        10            2207,224 
 839,37        10            2208,303 
 839,37        10            2209,362 
 839,37        10            2210,595 
 839,37        10            2211,74 
 839,37        10            2212,898 
 839,37        10            2213,985 
 839,37        10            2215,003 
 839,37        10            2216,061 
 839,37        10            2217,162 
 839,37        10            2218,324 
 839,37        10            2219,429 
 839,37        10            2220,506 
 839,37        10            2221,694 
 839,37        10            2222,98 
 839,37        10            2224,04 
 839,37        10            2225,235 
 839,37        10            2226,305 
 839,37        10            2227,473 
 839,37        10            2228,558 
 839,37        10            2229,638 
 839,37        10            2230,711 
 839,37        10            2231,896 
 839,37        10            2233,014 
 839,37        10            2234,082 
 839,37        10            2235,185 
 839,37        10            2236,264 
 839,37        10            2237,336 
 839,37        10            2238,386 
 839,37        10            2239,44 
 839,37        10            2240,511 
 839,37        10            2241,563 
 839,37        10            2242,654 
 839,37        10            2243,828 
 839,37        10            2244,914 
 839,37        10            2246,084 
 839,37        10            2247,291 
 839,37        10            2248,314 
 839,37        10            2249,444 
 839,37        10            2250,69 
 839,37        10            2251,833 
 839,37        10            2252,988 
 839,37        10            2254,065 
 839,37        10            2255,136 
 839,37        10            2256,324 
 839,37        10            2257,47 
 839,37        10            2258,559 
 839,37        10            2259,665 
 839,37        10            2260,828 
 839,37        10            2261,971 
 839,37        10            2263,296 
 839,37        10            2264,387 
 839,37        10            2265,499 
 839,37        10            2266,705 
 839,37        10            2267,853 
 839,37        10            2269,071 
 839,37        10            2270,188 
 839,37        10            2271,312 
 839,37        10            2272,391 
 839,37        10            2273,501 
 839,37        10            2274,62 
 839,37        10            2275,744 
 839,37        10            2276,85 
 839,37        10            2277,937 
 839,37        10            2279,069 
 839,37        10            2280,194 
 839,37        10            2281,434 
 839,37        10            2282,64 
 839,37        10            2283,73 
 839,37        10            2284,861 
 839,37        10            2286,025 
 839,37        10            2287,164 
 839,37        10            2288,419 
 839,37        10            2289,572 
 839,37        10            2290,845 
 839,37        10            2292,029 
 839,37        10            2293,116 
 839,37        10            2294,322 
 839,37        10            2295,442 
 839,37        10            2296,612 
 839,37        10            2297,764 
 839,37        10            2298,88 
 839,37        10            2300,094 
 839,37        10            2301,158 
 839,37        10            2302,22 
 839,37        10            2303,335 
 839,37        10            2304,415 
 839,37        10            2305,526 
 839,37        10            2306,64 
 839,37        10            2307,769 
 839,37        10            2308,929 
 839,37        10            2310,091 
 839,37        10            2311,197 
 839,37        10            2312,309 
 839,37        10            2313,475 
 839,37        10            2314,632 
 839,37        10            2315,772 
 839,37        10            2316,955 
 839,37        10            2318,156 
 839,37        10            2319,34 
 839,37        10            2320,473 
 839,37        10            2321,694 
 839,37        10            2322,825 
 839,37        10            2324,007 
 839,37        10            2325,117 
 839,37        10            2326,291 
 839,37        10            2327,372 
 839,37        10            2328,455 
 839,37        10            2329,626 
 839,37        10            2330,769 
 839,37        10            2331,886 
 839,37        10            2333,024 
 839,37        10            2334,228 
 839,37        10            2335,37 
 839,37        10            2336,49 
 839,37        10            2337,592 
 839,37        10            2338,736 
 839,37        10            2339,911 
 839,37        10            2341,035 
 839,37        10            2342,231 
 839,37        10            2343,399 
 839,37        10            2344,6 
 839,37        10            2345,801 
 839,37        10            2346,97 
 839,37        10            2348,112 
 839,37        10            2349,202 
 839,37        10            2350,309 
 839,37        10            2351,392 
 839,37        10            2352,415 
 839,37        10            2353,572 
 839,37        10            2354,672 
 839,37        10            2355,69 
 839,37        10            2356,807 
 839,37        10            2357,924 
 839,37        10            2359,149 
 839,37        10            2360,512 
 839,37        10            2361,751 
 839,37        10            2362,96 
 839,37        10            2364,093 
 839,37        10            2365,37 
 839,37        10            2366,639 
 839,37        10            2367,819 
 839,37        10            2369,023 
 839,37        10            2370,303 
 839,37        10            2371,511 
 839,37        10            2372,818 
 839,37        10            2374,079 
 839,37        10            2375,287 
 839,37        10            2376,491 
 839,37        10            2377,65 
 839,37        10            2378,777 
 839,37        10            2379,883 
 839,37        10            2381,29 
 839,37        10            2382,743 
 839,37        10            2384,081 
 839,37        10            2385,29 
 839,37        10            2386,499 
 839,37        10            2387,686 
 839,37        10            2388,806 
 839,37        10            2389,982 
 839,37        10            2391,072 
 839,37        10            2392,203 
 839,37        10            2393,346 
 839,37        10            2394,53 
 839,37        10            2395,59 
 839,37        10            2396,758 
 839,37        10            2397,953 
 839,37        10            2399,135 
 839,37        10            2400,257 
 839,37        10            2401,328 
 839,37        10            2402,402 
 839,37        10            2403,78 
 839,37        10            2405,452 
 839,37        10            2407,279 
 839,37        10            2409,207 
 839,37        10            2410,837 
 839,37        10            2412,557 
 839,37        10            2414,266 
 839,37        10            2415,931 
 839,37        10            2417,495 
 839,37        10            2419,199 
 839,37        10            2421,038 
 839,37        10            2422,859 
 839,37        10            2424,441 
 839,37        10            2426,263 
 839,37        10            2427,928 
 839,37        10            2429,539 
 839,37        10            2431,143 
 839,37        10            2432,831 
 839,37        10            2434,453 
 839,37        10            2436,045 
 839,37        10            2437,665 
 839,37        10            2439,304 
 839,37        10            2440,882 
 839,37        10            2442,404 
 839,37        10            2444,002 
 839,37        10            2445,559 
 839,37        10            2447,136 
 839,37        10            2448,703 
 839,37        10            2450,192 
 839,37        10            2451,766 
 839,37        10            2453,251 
 839,37        10            2454,92 
 839,37        10            2456,553 
 839,37        10            2458,137 
 839,37        10            2459,746 
 839,37        10            2461,245 
 839,37        10            2462,854 
 839,37        10            2464,582 
 839,37        10            2466,21 
 839,37        10            2467,722 
 839,37        10            2469,255 
 839,37        10            2470,89 
 839,37        10            2472,51 
 839,37        10            2474,103 
 839,37        10            2475,617 
 839,37        10            2477,319 
 839,37        10            2478,955 
 839,37        10            2480,675 
 839,37        10            2482,32 
 839,37        10            2483,935 
 839,37        10            2485,595 
 839,37        10            2487,22 
 839,37        10            2488,858 
 839,37        10            2490,48 
 839,37        10            2492,107 
 839,37        10            2493,746 
 839,37        10            2495,355 
 839,37        10            2496,975 
 839,37        10            2498,607 
 839,37        10            2500,362 
 839,37        10            2501,914 
 839,37        10            2503,66 
 839,37        10            2505,158 
 839,37        10            2506,877 
 839,37        10            2508,476 
 839,37        10            2510,114 
 839,37        10            2511,837 
 839,37        10            2513,474 
 839,37        10            2515,146 
 839,37        10            2516,789 
 839,37        10            2518,525 
 839,37        10            2520,257 
 839,37        10            2522,021 
 839,37        10            2523,717 
 839,37        10            2525,434 
 839,37        10            2527,231 
 839,37        10            2528,357 
 839,37        10            2529,466 
 839,37        10            2530,579 
 839,37        10            2531,711 
 839,37        10            2532,755 
 839,37        10            2533,796 
 839,37        10            2534,862 
 839,37        10            2536,037 
 839,37        10            2537,089 
 839,37        10            2538,184 
 839,37        10            2539,279 
 839,37        10            2540,382 
 839,37        10            2541,489 
 839,37        10            2542,617 
 839,37        10            2543,796 
 839,37        10            2544,871 
 839,37        10            2546,077 
 839,37        10            2547,1 
 839,37        10            2548,262 
 839,37        10            2549,374 
 839,37        10            2550,411 
 839,37        10            2551,495 
