Costo de la solución:
 1597,39126505821 

1	1	204,955	135	0	59	65	61	62	64	66	63	60	58	53	0
1	2	195,453	118	0	52	54	57	55	56	80	79	78	77	68	0
1	3	-0,001	0	0	0
1	4	186,502	123	0	109	37	41	44	46	49	50	51	39	95	0
1	5	58,864	143	0	102	101	99	100	110	115	97	114	118	18	90	91	87	0
1	6	179,953	71	0	21	26	32	35	34	33	30	28	23	20	0
1	7	187,877	113	0	29	36	31	27	24	22	25	19	16	17	0
1	8	178,888	122	0	116	98	40	43	45	48	47	42	38	94	0
1	9	117,837	148	0	108	8	12	13	14	15	11	10	9	7	111	88	0
1	10	124,935	144	0	103	73	76	74	72	75	71	70	69	67	107	0
1	11	59,248	126	0	119	81	112	85	89	92	93	96	104	106	105	120	0
1	12	102,874	132	0	86	84	6	5	4	3	1	2	83	113	117	82	0
1	13	0	0	0	0

Tiempo de ejecución:
 1024,5443125 
