Costo de la solución:
 841,088296417336 

1	1	129,574	195	0	69	1	70	30	51	20	66	65	71	35	9	81	33	50	0
1	2	156,307	198	0	31	10	32	90	63	64	49	36	46	8	45	17	84	5	83	60	0
1	3	107,076	153	0	26	4	56	23	67	39	25	55	54	0
1	4	122,475	196	0	92	37	100	91	61	16	86	38	44	14	43	15	57	2	58	0
1	5	94,183	185	0	27	76	77	3	79	78	34	29	24	68	80	12	28	0
1	6	94,318	177	0	52	88	62	11	19	47	48	82	7	18	89	0
1	7	53,089	183	0	6	96	99	59	93	85	98	97	95	94	0
1	8	84,062	171	0	13	87	42	41	22	75	74	72	73	21	40	53	0
1	9	0	0	0	0
1	10	0	0	0	0

Tiempo de ejecución:
 1218,8258125 
