Costo de la solución:
 1225,49754241934 

1	1	223,812	196	0	120	68	79	80	56	60	63	66	64	62	61	65	54	52	98	116	102	0
1	2	201,093	190	0	101	99	100	110	53	55	58	57	59	115	97	94	96	93	82	119	0
1	3	55,109	190	0	87	92	89	91	90	114	18	118	108	83	113	117	84	112	85	86	111	88	0
1	4	199,625	200	0	95	37	38	39	42	41	44	46	47	49	50	51	48	45	43	40	0
1	5	198,228	200	0	9	10	11	15	14	12	19	25	27	30	33	34	35	32	26	23	20	21	109	0
1	6	217,714	199	0	29	36	31	28	24	22	16	17	8	13	7	6	5	4	3	1	2	81	0
1	7	129,912	200	0	107	69	70	67	71	74	72	75	78	77	76	73	103	104	106	105	0
1	8	0	0	0	0

Tiempo de ejecución:
 980,056812499999 
