Costo de la solución:
 1596,95576438127 

1	1	206,171	130	0	59	65	61	62	64	66	63	60	56	98	0
1	2	191,248	107	0	68	79	80	53	55	58	57	54	52	110	0
1	3	186,165	127	0	39	42	48	51	50	49	46	37	109	92	0
1	4	180,871	104	0	17	31	34	33	30	27	24	22	19	16	0
1	5	38,453	86	0	105	106	107	104	103	116	100	99	101	102	0
1	6	189,938	80	0	29	36	35	32	28	25	23	26	20	21	0
1	7	27,469	49	0	88	82	119	120	0
1	8	177,401	131	0	40	43	45	47	44	41	38	115	97	94	0
1	9	119,245	162	0	81	5	11	15	14	13	12	8	108	90	91	89	0
1	10	45,737	113	0	95	96	93	114	118	18	84	85	86	111	87	0
1	11	129,031	162	0	73	76	77	78	75	72	74	71	70	69	67	0
1	12	105,22	124	0	2	1	3	4	10	9	7	6	83	113	117	112	0
1	13	0	0	0	0

Tiempo de ejecución:
 2868,29846875 
