Costo de la solución:
 1170,31931191702 

1	1	216,444	200	0	102	103	68	53	55	58	56	60	63	66	64	62	61	65	110	97	0
1	2	198,62	194	0	105	106	99	100	116	98	52	54	57	59	40	115	94	96	95	86	111	82	0
1	3	199,982	196	0	101	43	45	48	51	50	49	47	46	44	41	42	39	38	37	109	0
1	4	208,791	199	0	93	21	20	23	26	28	32	35	29	36	34	31	30	33	27	24	22	25	19	16	17	85	0
1	5	62,295	187	0	87	92	89	91	90	114	18	118	108	83	113	117	84	112	81	119	0
1	6	146,597	200	0	104	73	76	77	79	80	78	75	72	74	71	70	69	67	107	120	0
1	7	137,587	199	0	6	7	9	13	8	12	14	15	11	10	5	4	3	1	2	88	0
1	8	0	0	0	0

Tiempo de ejecución:
 4724,32921875 
