Iteraciones:   2130 

Costo         Vehículos     Tiempo [seg]
 2025,947      13            1,64 
 1843,339      13            3,124 
 1843,339      13            5,03 
 1843,339      13            6,905 
 1795,648      13            8,843 
 1737,609      13            10,53 
 1737,609      13            12,046 
 1737,609      13            13,937 
 1737,609      13            15,608 
 1737,609      13            17,499 
 1737,609      13            19,218 
 1737,609      13            21,124 
 1736,172      13            23,062 
 1736,172      13            24,733 
 1736,172      13            26,374 
 1736,172      13            27,983 
 1736,172      13            29,437 
 1736,172      13            31,046 
 1736,172      13            32,562 
 1677,299      13            34,265 
 1677,299      13            35,733 
 1677,299      13            37,39 
 1677,299      13            39,03 
 1677,299      13            40,687 
 1677,299      13            42,233 
 1677,299      13            43,812 
 1677,299      13            45,249 
 1677,299      13            46,843 
 1677,299      13            48,562 
 1677,299      13            50,124 
 1671,935      13            51,858 
 1671,935      13            53,39 
 1671,935      13            54,89 
 1650,228      13            56,624 
 1650,228      13            58,218 
 1650,228      13            59,843 
 1650,228      13            61,374 
 1650,228      13            63,124 
 1650,228      13            64,749 
 1650,228      13            66,312 
 1650,228      13            67,874 
 1650,228      13            69,405 
 1650,228      13            71,03 
 1650,228      13            72,858 
 1650,228      13            74,702 
 1650,228      13            76,608 
 1650,228      13            78,296 
 1650,228      13            79,952 
 1650,228      13            81,593 
 1650,228      13            83,265 
 1650,228      13            85,155 
 1650,228      13            87,015 
 1650,228      13            88,905 
 1650,228      13            90,64 
 1650,228      13            92,39 
 1650,228      13            94,218 
 1650,228      13            96,093 
 1650,228      13            97,796 
 1650,228      13            99,687 
 1650,228      13            101,483 
 1650,228      13            103,14 
 1650,228      13            105,077 
 1650,228      13            106,843 
 1650,228      13            108,452 
 1650,228      13            110,296 
 1650,228      13            112,202 
 1650,228      13            113,999 
 1650,228      13            115,733 
 1650,228      13            117,296 
 1650,228      13            118,858 
 1650,228      13            120,499 
 1650,228      13            122,093 
 1650,228      13            123,921 
 1650,228      13            125,437 
 1650,228      13            127,093 
 1650,228      13            128,687 
 1650,228      13            130,343 
 1650,228      13            132,046 
 1650,228      13            133,921 
 1650,228      13            135,468 
 1650,228      13            137,202 
 1650,228      13            138,687 
 1650,228      13            140,218 
 1650,228      13            141,827 
 1650,228      13            143,562 
 1650,228      13            145,202 
 1650,228      13            146,749 
 1650,228      13            148,265 
 1650,228      13            150,077 
 1650,228      13            151,608 
 1650,228      13            153,171 
 1650,228      13            154,749 
 1650,228      13            156,327 
 1650,228      13            158,015 
 1650,228      13            159,655 
 1650,228      13            161,28 
 1650,228      13            162,937 
 1650,228      13            164,405 
 1650,228      13            166,015 
 1650,228      13            167,765 
 1650,228      13            169,608 
 1650,228      13            171,296 
 1650,228      13            173,14 
 1650,228      13            174,78 
 1650,228      13            176,858 
 1650,228      13            178,702 
 1650,228      13            180,64 
 1650,228      13            182,483 
 1650,228      13            184,171 
 1650,228      13            185,999 
 1650,228      13            187,765 
 1650,228      13            189,468 
 1650,228      13            191,093 
 1650,228      13            192,843 
 1650,228      13            194,499 
 1650,228      13            196,296 
 1650,228      13            197,968 
 1650,228      13            199,89 
 1650,228      13            201,843 
 1650,228      13            203,546 
 1650,228      13            205,405 
 1650,228      13            207,015 
 1650,228      13            208,593 
 1650,228      13            210,187 
 1650,228      13            211,796 
 1650,228      13            213,265 
 1650,228      13            214,905 
 1650,228      13            216,562 
 1650,228      13            218,187 
 1650,228      13            219,827 
 1650,228      13            221,452 
 1650,228      13            223,062 
 1650,228      13            224,718 
 1650,228      13            226,358 
 1650,228      13            227,983 
 1650,228      13            229,562 
 1650,228      13            231,171 
 1650,228      13            232,827 
 1650,228      13            234,577 
 1650,228      13            236,28 
 1650,228      13            237,89 
 1650,228      13            239,405 
 1650,228      13            240,952 
 1650,228      13            242,577 
 1650,228      13            244,155 
 1650,228      13            245,733 
 1650,228      13            247,53 
 1650,228      13            249,28 
 1650,228      13            250,827 
 1650,228      13            252,593 
 1650,228      13            254,405 
 1650,228      13            256,233 
 1650,228      13            257,968 
 1650,228      13            259,562 
 1650,228      13            261,171 
 1650,228      13            263,015 
 1650,228      13            265,233 
 1650,228      13            267,171 
 1650,228      13            268,983 
 1650,228      13            270,702 
 1650,228      13            272,562 
 1650,228      13            274,39 
 1650,228      13            276,343 
 1650,228      13            278,03 
 1650,228      13            279,858 
 1650,228      13            281,655 
 1650,228      13            283,437 
 1650,228      13            285,124 
 1650,228      13            286,765 
 1650,228      13            288,327 
 1650,228      13            290,233 
 1650,228      13            291,905 
 1650,228      13            293,608 
 1650,228      13            295,405 
 1650,228      13            296,968 
 1650,228      13            298,546 
 1650,228      13            299,999 
 1650,228      13            301,64 
 1650,228      13            303,265 
 1650,228      13            304,796 
 1650,228      13            306,312 
 1650,228      13            307,874 
 1650,228      13            309,483 
 1650,228      13            311,077 
 1650,228      13            312,702 
 1650,228      13            314,452 
 1650,228      13            316,03 
 1650,228      13            317,671 
 1650,228      13            319,562 
 1650,228      13            321,312 
 1650,228      13            322,89 
 1650,228      13            324,515 
 1650,228      13            326,015 
 1650,228      13            327,655 
 1650,228      13            329,187 
 1650,228      13            330,733 
 1650,228      13            332,374 
 1650,228      13            334,14 
 1650,228      13            335,671 
 1650,228      13            337,296 
 1650,228      13            338,937 
 1650,228      13            340,64 
 1650,228      13            342,468 
 1650,228      13            344,233 
 1650,228      13            345,874 
 1650,228      13            347,671 
 1650,228      13            349,608 
 1650,228      13            351,28 
 1650,228      13            352,874 
 1650,228      13            354,718 
 1650,228      13            356,733 
 1650,228      13            358,671 
 1650,228      13            360,39 
 1650,228      13            362,296 
 1650,228      13            364,077 
 1650,228      13            365,999 
 1650,228      13            367,843 
 1650,228      13            369,702 
 1650,228      13            371,655 
 1650,228      13            373,327 
 1650,228      13            375,14 
 1650,228      13            377,108 
 1650,228      13            378,968 
 1650,228      13            380,64 
 1650,228      13            382,593 
 1650,228      13            384,28 
 1650,228      13            385,921 
 1650,228      13            387,39 
 1650,228      13            388,937 
 1650,228      13            390,624 
 1650,228      13            392,187 
 1650,228      13            393,827 
 1650,228      13            395,468 
 1650,228      13            397,14 
 1650,228      13            398,733 
 1650,228      13            400,358 
 1650,228      13            402,03 
 1650,228      13            403,64 
 1650,228      13            405,405 
 1650,228      13            406,983 
 1650,228      13            408,468 
 1650,228      13            410,218 
 1650,228      13            411,78 
 1650,228      13            413,437 
 1650,228      13            414,937 
 1650,228      13            416,546 
 1650,228      13            418,062 
 1650,228      13            419,671 
 1650,228      13            421,28 
 1650,228      13            422,968 
 1650,228      13            424,515 
 1650,228      13            426,046 
 1650,228      13            427,796 
 1650,228      13            429,452 
 1650,228      13            431,233 
 1650,228      13            433,046 
 1650,228      13            434,671 
 1650,228      13            436,593 
 1650,228      13            438,405 
 1650,228      13            440,155 
 1650,228      13            441,858 
 1650,228      13            443,64 
 1650,228      13            445,499 
 1650,228      13            447,296 
 1650,228      13            449,03 
 1650,228      13            450,655 
 1650,228      13            452,546 
 1650,228      13            454,358 
 1650,228      13            455,968 
 1650,228      13            457,718 
 1650,228      13            459,468 
 1650,228      13            461,421 
 1650,228      13            463,249 
 1650,228      13            465,249 
 1650,228      13            466,952 
 1650,228      13            468,796 
 1650,228      13            470,733 
 1650,228      13            472,53 
 1650,228      13            474,249 
 1650,228      13            475,89 
 1650,228      13            477,593 
 1650,228      13            479,421 
 1650,228      13            480,999 
 1650,228      13            483,218 
 1650,228      13            484,843 
 1650,228      13            486,483 
 1650,228      13            488,265 
 1650,228      13            490,171 
 1650,228      13            491,983 
 1650,228      13            493,858 
 1650,228      13            495,577 
 1650,228      13            497,452 
 1650,228      13            499,343 
 1650,228      13            501,108 
 1650,228      13            502,843 
 1650,228      13            504,858 
 1650,228      13            506,483 
 1650,228      13            508,155 
 1650,228      13            509,968 
 1650,228      13            511,655 
 1650,228      13            513,515 
 1650,228      13            515,265 
 1650,228      13            517,046 
 1650,228      13            518,843 
 1650,228      13            520,53 
 1650,228      13            522,562 
 1650,228      13            524,077 
 1650,228      13            525,78 
 1650,228      13            527,452 
 1650,228      13            528,952 
 1650,228      13            530,89 
 1650,228      13            532,452 
 1650,228      13            534,124 
 1650,228      13            535,624 
 1650,228      13            537,452 
 1650,228      13            539,046 
 1650,228      13            540,718 
 1650,228      13            542,655 
 1650,228      13            544,374 
 1650,228      13            546,03 
 1650,228      13            547,624 
 1650,228      13            549,202 
 1650,228      13            550,89 
 1650,228      13            552,437 
 1650,228      13            554,03 
 1650,228      13            555,702 
 1650,228      13            557,28 
 1650,228      13            558,905 
 1650,228      13            560,483 
 1650,228      13            562,108 
 1650,228      13            563,827 
 1650,228      13            565,421 
 1650,228      13            567,124 
 1650,228      13            568,812 
 1650,228      13            570,577 
 1650,228      13            572,374 
 1650,228      13            574,155 
 1650,228      13            575,89 
 1650,228      13            577,546 
 1650,228      13            579,39 
 1650,228      13            581,312 
 1650,228      13            583,265 
 1650,228      13            584,827 
 1650,228      13            586,577 
 1650,228      13            588,249 
 1650,228      13            590,03 
 1650,228      13            591,64 
 1650,228      13            593,546 
 1650,228      13            595,296 
 1650,228      13            597,03 
 1650,228      13            598,718 
 1638,557      13            600,405 
 1638,557      13            602,405 
 1638,557      13            604,468 
 1638,557      13            606,202 
 1638,557      13            607,999 
 1638,557      13            609,999 
 1638,557      13            611,812 
 1638,557      13            613,327 
 1638,557      13            614,827 
 1638,557      13            616,327 
 1638,557      13            617,952 
 1638,557      13            619,608 
 1638,557      13            621,468 
 1638,557      13            622,968 
 1638,557      13            624,546 
 1638,557      13            626,218 
 1638,557      13            628,093 
 1638,557      13            629,874 
 1638,557      13            631,39 
 1638,557      13            632,937 
 1638,557      13            634,499 
 1638,557      13            636,124 
 1638,557      13            637,655 
 1638,557      13            639,358 
 1638,557      13            640,999 
 1638,557      13            642,749 
 1638,557      13            644,468 
 1638,557      13            646,202 
 1638,557      13            648,28 
 1638,557      13            650,358 
 1638,557      13            652,14 
 1638,557      13            653,905 
 1638,557      13            655,983 
 1638,557      13            657,733 
 1638,557      13            659,515 
 1638,557      13            661,265 
 1638,557      13            663,687 
 1638,557      13            666,093 
 1638,557      13            667,874 
 1638,557      13            669,53 
 1638,557      13            671,218 
 1638,557      13            672,89 
 1638,557      13            674,843 
 1638,557      13            676,796 
 1638,557      13            678,671 
 1638,557      13            680,733 
 1638,557      13            682,53 
 1638,557      13            684,405 
 1638,557      13            686,202 
 1638,557      13            687,874 
 1638,557      13            689,78 
 1638,557      13            691,437 
 1638,557      13            693,265 
 1638,557      13            695,03 
 1638,557      13            696,64 
 1638,557      13            698,483 
 1638,557      13            701,249 
 1638,557      13            703,843 
 1638,557      13            705,733 
 1638,557      13            707,577 
 1638,557      13            709,296 
 1638,557      13            710,874 
 1638,557      13            712,562 
 1638,557      13            714,312 
 1638,557      13            715,952 
 1638,557      13            718,015 
 1638,557      13            720,108 
 1638,557      13            722,108 
 1638,557      13            723,968 
 1638,557      13            726,046 
 1638,557      13            727,999 
 1638,557      13            729,905 
 1638,557      13            731,968 
 1638,557      13            733,78 
 1638,557      13            735,499 
 1638,557      13            737,155 
 1638,557      13            738,827 
 1638,557      13            741,077 
 1638,557      13            742,624 
 1638,557      13            744,218 
 1638,557      13            745,968 
 1638,557      13            747,702 
 1638,557      13            749,202 
 1638,557      13            750,937 
 1638,557      13            752,718 
 1638,557      13            754,515 
 1638,557      13            756,202 
 1638,557      13            757,702 
 1638,557      13            759,312 
 1638,557      13            761,062 
 1638,557      13            762,624 
 1638,557      13            764,124 
 1638,557      13            765,687 
 1638,557      13            767,187 
 1638,557      13            768,89 
 1630,556      13            770,655 
 1630,556      13            772,515 
 1630,556      13            774,312 
 1630,556      13            776,062 
 1630,556      13            777,624 
 1630,556      13            779,312 
 1630,556      13            780,733 
 1630,556      13            782,468 
 1630,556      13            784,187 
 1630,556      13            785,765 
 1630,556      13            787,296 
 1630,556      13            789,077 
 1630,556      13            790,671 
 1630,556      13            792,28 
 1630,556      13            793,843 
 1630,556      13            795,452 
 1630,556      13            796,983 
 1630,556      13            798,718 
 1630,556      13            800,452 
 1630,556      13            802,233 
 1630,556      13            803,937 
 1630,556      13            805,671 
 1630,556      13            807,515 
 1630,556      13            809,421 
 1630,556      13            811,327 
 1630,556      13            813,03 
 1630,556      13            814,843 
 1630,556      13            816,437 
 1630,556      13            818,265 
 1630,556      13            819,921 
 1630,556      13            821,749 
 1630,556      13            823,687 
 1630,556      13            825,374 
 1630,556      13            827,077 
 1630,556      13            828,562 
 1630,556      13            830,265 
 1630,556      13            831,968 
 1630,556      13            833,921 
 1630,556      13            835,812 
 1630,556      13            837,702 
 1630,556      13            839,468 
 1630,556      13            841,296 
 1630,556      13            842,937 
 1630,556      13            844,78 
 1630,556      13            846,546 
 1630,556      13            848,202 
 1630,556      13            849,827 
 1630,556      13            851,437 
 1630,556      13            852,937 
 1630,556      13            854,53 
 1630,556      13            856,062 
 1630,556      13            857,577 
 1630,556      13            859,499 
 1630,556      13            861,062 
 1630,556      13            862,577 
 1630,556      13            864,374 
 1630,556      13            865,952 
 1630,556      13            867,53 
 1630,556      13            869,14 
 1630,556      13            870,702 
 1630,556      13            872,358 
 1630,556      13            873,843 
 1630,556      13            875,452 
 1630,556      13            877,093 
 1630,556      13            878,843 
 1630,556      13            880,515 
 1630,556      13            882,202 
 1630,556      13            883,733 
 1630,556      13            885,233 
 1630,556      13            886,937 
 1630,556      13            888,796 
 1630,556      13            890,483 
 1630,556      13            892,249 
 1630,556      13            893,999 
 1630,556      13            895,593 
 1630,556      13            897,437 
 1630,556      13            899,124 
 1630,556      13            901,124 
 1630,556      13            902,937 
 1630,556      13            904,765 
 1630,556      13            906,421 
 1630,556      13            908,077 
 1630,556      13            909,952 
 1630,556      13            911,608 
 1630,556      13            913,624 
 1630,556      13            915,296 
 1630,556      13            916,921 
 1630,556      13            918,624 
 1630,556      13            920,483 
 1630,556      13            922,155 
 1630,556      13            923,968 
 1630,556      13            925,812 
 1630,556      13            927,28 
 1630,556      13            929,124 
 1630,556      13            930,89 
 1630,556      13            932,671 
 1630,556      13            934,155 
 1630,556      13            935,858 
 1630,556      13            937,343 
 1630,556      13            939,03 
 1630,556      13            940,608 
 1630,556      13            942,077 
 1630,556      13            943,733 
 1630,556      13            945,327 
 1630,556      13            946,89 
 1630,556      13            948,702 
 1630,556      13            950,343 
 1630,556      13            952,015 
 1630,556      13            953,733 
 1630,556      13            955,249 
 1630,556      13            956,733 
 1630,556      13            958,28 
 1613,153      13            959,937 
 1613,153      13            961,499 
 1613,153      13            963,093 
 1613,153      13            964,655 
 1613,153      13            966,421 
 1613,153      13            968,046 
 1613,153      13            969,608 
 1613,153      13            971,14 
 1613,153      13            972,937 
 1613,153      13            974,702 
 1613,153      13            976,296 
 1613,153      13            977,983 
 1613,153      13            979,78 
 1613,153      13            981,39 
 1613,153      13            983,171 
 1613,153      13            984,702 
 1613,153      13            986,562 
 1613,153      13            988,155 
 1613,153      13            989,89 
 1613,153      13            991,577 
 1613,153      13            993,39 
 1613,153      13            995,187 
 1613,153      13            996,905 
 1613,153      13            998,124 
 1613,153      13            999,405 
 1613,153      13            1000,577 
 1613,153      13            1001,749 
 1613,153      13            1003,14 
 1613,153      13            1004,405 
 1613,153      13            1005,624 
 1613,153      13            1006,937 
 1613,153      13            1008,265 
 1613,153      13            1009,64 
 1613,153      13            1010,858 
 1613,153      13            1012,155 
 1613,153      13            1013,39 
 1613,153      13            1014,624 
 1613,153      13            1015,905 
 1613,153      13            1017,077 
 1613,153      13            1018,233 
 1613,153      13            1019,702 
 1613,153      13            1021,171 
 1613,153      13            1022,53 
 1613,153      13            1023,733 
 1613,153      13            1025,093 
 1613,153      13            1026,515 
 1613,153      13            1027,78 
 1613,153      13            1029,093 
 1613,153      13            1030,312 
 1613,153      13            1031,89 
 1613,153      13            1033,312 
 1613,153      13            1034,624 
 1613,153      13            1036,046 
 1613,153      13            1037,358 
 1613,153      13            1038,687 
 1613,153      13            1039,843 
 1613,153      13            1040,983 
 1613,153      13            1042,171 
 1613,153      13            1043,546 
 1613,153      13            1044,827 
 1613,153      13            1046,093 
 1613,153      13            1047,437 
 1613,153      13            1048,608 
 1613,153      13            1049,921 
 1613,153      13            1051,187 
 1613,153      13            1052,53 
 1613,153      13            1053,702 
 1613,153      13            1054,983 
 1613,153      13            1056,296 
 1613,153      13            1057,343 
 1613,153      13            1058,64 
 1613,153      13            1059,858 
 1613,153      13            1061,015 
 1613,153      13            1062,374 
 1613,153      13            1063,687 
 1613,153      13            1064,749 
 1613,153      13            1066,077 
 1613,153      13            1067,358 
 1613,153      13            1068,593 
 1613,153      13            1069,796 
 1613,153      13            1071,108 
 1613,153      13            1072,343 
 1613,153      13            1073,624 
 1613,153      13            1074,937 
 1613,153      13            1076,218 
 1613,153      13            1077,358 
 1613,153      13            1078,593 
 1613,153      13            1079,827 
 1613,153      13            1081,015 
 1613,153      13            1082,296 
 1613,153      13            1083,437 
 1613,153      13            1084,702 
 1613,153      13            1085,983 
 1613,153      13            1087,124 
 1613,153      13            1088,327 
 1613,153      13            1089,671 
 1613,153      13            1090,796 
 1613,153      13            1092,124 
 1613,153      13            1093,39 
 1613,153      13            1094,702 
 1613,153      13            1095,968 
 1613,153      13            1097,312 
 1613,153      13            1098,546 
 1613,153      13            1099,733 
 1613,153      13            1100,921 
 1613,153      13            1101,999 
 1613,153      13            1103,358 
 1613,153      13            1104,718 
 1613,153      13            1105,718 
 1613,153      13            1106,937 
 1613,153      13            1108,093 
 1613,153      13            1109,39 
 1613,153      13            1110,64 
 1613,153      13            1112,171 
 1613,153      13            1113,452 
 1613,153      13            1114,671 
 1613,153      13            1115,921 
 1613,153      13            1117,155 
 1613,153      13            1118,327 
 1613,153      13            1119,562 
 1613,153      13            1120,765 
 1613,153      13            1122,015 
 1613,153      13            1123,374 
 1613,153      13            1124,483 
 1613,153      13            1125,702 
 1613,153      13            1127,03 
 1613,153      13            1128,202 
 1613,153      13            1129,53 
 1613,153      13            1130,812 
 1613,153      13            1132,093 
 1613,153      13            1133,39 
 1613,153      13            1134,624 
 1613,153      13            1135,921 
 1613,153      13            1137,077 
 1613,153      13            1138,374 
 1613,153      13            1139,562 
 1613,153      13            1140,858 
 1613,153      13            1142,218 
 1613,153      13            1143,546 
 1613,153      13            1144,843 
 1613,153      13            1145,999 
 1613,153      13            1147,171 
 1613,153      13            1148,265 
 1613,153      13            1149,608 
 1613,153      13            1151,062 
 1613,153      13            1152,218 
 1613,153      13            1153,437 
 1613,153      13            1154,78 
 1613,153      13            1155,499 
 1613,153      13            1156,249 
 1613,153      13            1156,874 
 1613,153      13            1157,53 
 1613,153      13            1158,171 
 1613,153      13            1158,843 
 1613,153      13            1159,53 
 1613,153      13            1160,202 
 1613,153      13            1160,858 
 1613,153      13            1161,577 
 1613,153      13            1162,233 
 1613,153      13            1162,921 
 1613,153      13            1163,593 
 1613,153      13            1164,265 
 1613,153      13            1164,952 
 1613,153      13            1165,624 
 1613,153      13            1166,312 
 1612,443      13            1166,983 
 1612,443      13            1167,64 
 1612,443      13            1168,343 
 1612,443      13            1169,077 
 1612,443      13            1169,765 
 1612,443      13            1170,452 
 1612,443      13            1171,171 
 1612,443      13            1171,843 
 1612,443      13            1172,53 
 1612,443      13            1173,218 
 1612,443      13            1173,89 
 1612,443      13            1174,577 
 1612,443      13            1175,28 
 1612,443      13            1175,983 
 1612,443      13            1176,655 
 1612,443      13            1177,327 
 1612,443      13            1178,046 
 1612,443      13            1178,749 
 1612,443      13            1179,452 
 1612,443      13            1180,108 
 1612,443      13            1180,749 
 1612,443      13            1181,468 
 1612,443      13            1182,14 
 1612,443      13            1182,812 
 1612,443      13            1183,468 
 1612,443      13            1184,108 
 1612,443      13            1184,78 
 1612,443      13            1185,421 
 1612,443      13            1186,093 
 1612,443      13            1186,78 
 1612,443      13            1187,468 
 1612,443      13            1188,155 
 1612,443      13            1188,796 
 1612,443      13            1189,546 
 1612,443      13            1190,218 
 1612,443      13            1190,937 
 1612,443      13            1191,593 
 1612,443      13            1192,249 
 1612,443      13            1192,921 
 1612,443      13            1193,577 
 1612,443      13            1194,249 
 1612,443      13            1194,905 
 1612,443      13            1195,562 
 1612,443      13            1196,233 
 1612,443      13            1196,905 
 1612,443      13            1197,655 
 1612,443      13            1198,327 
 1612,443      13            1198,999 
 1612,443      13            1199,702 
 1612,443      13            1200,343 
 1612,443      13            1200,999 
 1612,443      13            1201,702 
 1612,443      13            1202,327 
 1612,443      13            1202,983 
 1612,443      13            1203,64 
 1612,443      13            1204,312 
 1612,443      13            1204,983 
 1612,443      13            1205,624 
 1612,443      13            1206,265 
 1612,443      13            1206,952 
 1612,443      13            1207,64 
 1612,443      13            1208,343 
 1612,443      13            1209,015 
 1612,443      13            1209,718 
 1612,443      13            1210,374 
 1612,443      13            1211,03 
 1612,443      13            1211,655 
 1612,443      13            1212,374 
 1612,443      13            1213,093 
 1612,443      13            1213,733 
 1612,443      13            1214,437 
 1612,443      13            1215,124 
 1612,443      13            1215,796 
 1612,443      13            1216,483 
 1612,443      13            1217,171 
 1612,443      13            1217,921 
 1612,443      13            1218,577 
 1612,443      13            1219,312 
 1612,443      13            1219,968 
 1612,443      13            1220,624 
 1612,443      13            1221,39 
 1612,443      13            1222,077 
 1612,443      13            1222,733 
 1612,443      13            1223,421 
 1612,443      13            1224,077 
 1612,443      13            1224,78 
 1612,443      13            1225,437 
 1612,443      13            1226,093 
 1612,443      13            1226,749 
 1612,443      13            1227,437 
 1612,443      13            1228,108 
 1612,443      13            1228,796 
 1612,443      13            1229,468 
 1612,443      13            1230,155 
 1612,443      13            1230,827 
 1612,443      13            1231,483 
 1612,443      13            1232,202 
 1612,443      13            1232,858 
 1612,443      13            1233,577 
 1612,443      13            1234,28 
 1612,443      13            1234,937 
 1612,443      13            1235,671 
 1612,443      13            1236,343 
 1612,443      13            1236,999 
 1612,443      13            1237,655 
 1612,443      13            1238,343 
 1612,443      13            1239,03 
 1612,443      13            1239,702 
 1612,443      13            1240,358 
 1612,443      13            1241,015 
 1612,443      13            1241,687 
 1612,443      13            1242,343 
 1612,443      13            1243,062 
 1612,443      13            1243,733 
 1612,443      13            1244,421 
 1612,443      13            1245,108 
 1612,443      13            1245,905 
 1609,279      13            1246,562 
 1609,279      13            1247,218 
 1609,279      13            1247,905 
 1609,279      13            1248,546 
 1609,279      13            1249,233 
 1609,279      13            1249,937 
 1609,279      13            1250,64 
 1609,279      13            1251,343 
 1609,279      13            1252,015 
 1609,279      13            1252,749 
 1609,279      13            1253,421 
 1609,279      13            1254,093 
 1609,279      13            1254,749 
 1609,279      13            1255,421 
 1609,279      13            1256,108 
 1609,279      13            1256,812 
 1609,279      13            1257,515 
 1609,279      13            1258,171 
 1609,279      13            1258,812 
 1609,279      13            1259,546 
 1609,279      13            1260,171 
 1609,279      13            1260,843 
 1609,279      13            1261,577 
 1609,279      13            1262,218 
 1609,279      13            1262,937 
 1609,279      13            1263,577 
 1609,279      13            1264,249 
 1609,279      13            1264,921 
 1609,279      13            1265,593 
 1609,279      13            1266,312 
 1609,279      13            1266,952 
 1609,279      13            1267,624 
 1609,279      13            1268,249 
 1609,279      13            1268,89 
 1609,279      13            1269,53 
 1609,279      13            1270,202 
 1609,279      13            1270,89 
 1609,279      13            1271,577 
 1609,279      13            1272,233 
 1609,279      13            1272,89 
 1609,279      13            1273,593 
 1609,279      13            1274,265 
 1609,279      13            1274,921 
 1609,279      13            1275,624 
 1609,279      13            1276,28 
 1609,279      13            1276,999 
 1609,279      13            1277,687 
 1609,279      13            1278,374 
 1609,279      13            1279,03 
 1609,279      13            1279,765 
 1609,279      13            1280,483 
 1609,279      13            1281,218 
 1609,279      13            1281,874 
 1609,279      13            1282,562 
 1609,279      13            1283,187 
 1609,279      13            1283,858 
 1609,279      13            1284,562 
 1609,279      13            1285,233 
 1609,279      13            1285,937 
 1609,279      13            1286,655 
 1609,279      13            1287,327 
 1609,279      13            1288,03 
 1609,279      13            1288,718 
 1609,279      13            1289,405 
 1609,279      13            1290,062 
 1609,279      13            1290,718 
 1609,279      13            1291,515 
 1609,279      13            1292,187 
 1609,279      13            1292,874 
 1609,279      13            1293,546 
 1609,279      13            1294,187 
 1609,279      13            1294,921 
 1609,279      13            1295,562 
 1609,279      13            1296,265 
 1609,279      13            1296,952 
 1609,279      13            1297,64 
 1609,279      13            1298,28 
 1609,279      13            1298,968 
 1609,279      13            1299,624 
 1609,279      13            1300,296 
 1609,279      13            1300,999 
 1609,279      13            1301,687 
 1609,279      13            1302,343 
 1609,279      13            1303,03 
 1609,279      13            1303,702 
 1609,279      13            1304,483 
 1609,279      13            1305,171 
 1609,279      13            1305,827 
 1609,279      13            1306,546 
 1609,279      13            1307,218 
 1609,279      13            1307,937 
 1609,279      13            1308,608 
 1609,279      13            1309,312 
 1609,279      13            1309,983 
 1609,279      13            1310,671 
 1609,279      13            1311,343 
 1609,279      13            1312,015 
 1609,279      13            1312,671 
 1609,279      13            1313,358 
 1609,279      13            1314,062 
 1609,279      13            1314,733 
 1609,279      13            1315,405 
 1609,279      13            1316,14 
 1609,279      13            1316,796 
 1609,279      13            1317,452 
 1609,279      13            1318,093 
 1609,279      13            1318,749 
 1609,279      13            1319,421 
 1609,279      13            1320,108 
 1609,279      13            1320,78 
 1609,279      13            1321,452 
 1609,279      13            1322,124 
 1609,279      13            1322,796 
 1609,279      13            1323,437 
 1609,279      13            1324,155 
 1609,279      13            1324,843 
 1609,279      13            1325,499 
 1609,279      13            1326,155 
 1609,279      13            1326,827 
 1609,279      13            1327,499 
 1609,279      13            1328,28 
 1609,279      13            1328,952 
 1609,279      13            1329,624 
 1609,279      13            1330,265 
 1609,279      13            1330,952 
 1609,279      13            1331,64 
 1609,279      13            1332,358 
 1609,279      13            1333,077 
 1609,279      13            1333,749 
 1609,279      13            1334,405 
 1609,279      13            1335,062 
 1609,279      13            1335,733 
 1609,279      13            1336,374 
 1609,279      13            1337,062 
 1609,279      13            1337,796 
 1609,279      13            1338,53 
 1609,279      13            1339,312 
 1609,279      13            1340,015 
 1609,279      13            1340,687 
 1609,279      13            1341,374 
 1609,279      13            1342,046 
 1609,279      13            1342,718 
 1609,279      13            1343,39 
 1609,279      13            1344,062 
 1609,279      13            1344,827 
 1609,279      13            1345,499 
 1609,279      13            1346,171 
 1609,279      13            1346,827 
 1609,279      13            1347,562 
 1609,279      13            1348,202 
 1609,279      13            1348,858 
 1609,279      13            1349,53 
 1609,279      13            1350,218 
 1609,279      13            1350,905 
 1609,279      13            1351,671 
 1609,279      13            1352,327 
 1609,279      13            1353,062 
 1609,279      13            1353,749 
 1609,279      13            1354,437 
 1609,279      13            1355,14 
 1609,279      13            1355,843 
 1609,279      13            1356,546 
 1609,279      13            1357,28 
 1609,279      13            1357,921 
 1609,279      13            1358,624 
 1609,279      13            1359,312 
 1609,279      13            1360,03 
 1609,279      13            1360,718 
 1609,279      13            1361,421 
 1609,279      13            1362,124 
 1609,279      13            1362,796 
 1609,279      13            1363,624 
 1609,279      13            1364,374 
 1609,279      13            1365,124 
 1609,279      13            1365,874 
 1609,279      13            1366,546 
 1609,279      13            1367,249 
 1609,279      13            1367,905 
 1609,279      13            1368,702 
 1609,279      13            1369,421 
 1609,279      13            1370,108 
 1609,279      13            1370,765 
 1609,279      13            1371,468 
 1609,279      13            1372,108 
 1609,279      13            1372,78 
 1609,279      13            1373,405 
 1609,279      13            1374,124 
 1609,279      13            1374,827 
 1609,279      13            1375,53 
 1609,279      13            1376,202 
 1609,279      13            1376,89 
 1609,279      13            1377,593 
 1609,279      13            1378,28 
 1609,279      13            1378,983 
 1609,279      13            1379,702 
 1609,279      13            1380,39 
 1609,279      13            1381,062 
 1609,279      13            1381,733 
 1609,279      13            1382,468 
 1609,279      13            1383,155 
 1609,279      13            1383,827 
 1609,279      13            1384,53 
 1609,279      13            1385,171 
 1609,279      13            1385,858 
 1609,279      13            1386,515 
 1609,279      13            1387,249 
 1609,279      13            1387,937 
 1609,279      13            1388,624 
 1609,279      13            1389,343 
 1609,279      13            1390,03 
 1609,279      13            1390,702 
 1609,279      13            1391,374 
 1609,279      13            1392,062 
 1609,279      13            1392,765 
 1609,279      13            1393,437 
 1609,279      13            1394,077 
 1609,279      13            1394,733 
 1609,279      13            1395,39 
 1609,279      13            1396,124 
 1609,279      13            1396,874 
 1609,279      13            1397,515 
 1609,279      13            1398,218 
 1609,279      13            1398,874 
 1609,279      13            1399,546 
 1609,279      13            1400,218 
 1609,279      13            1400,905 
 1609,279      13            1401,593 
 1609,279      13            1402,265 
 1609,279      13            1402,952 
 1609,279      13            1403,733 
 1609,279      13            1404,452 
 1609,279      13            1405,218 
 1609,279      13            1405,905 
 1609,279      13            1406,64 
 1609,279      13            1407,327 
 1609,279      13            1407,999 
 1609,279      13            1408,718 
 1609,279      13            1409,405 
 1609,279      13            1410,233 
 1609,279      13            1410,905 
 1609,279      13            1411,577 
 1609,279      13            1412,249 
 1609,279      13            1412,952 
 1609,279      13            1413,64 
 1609,279      13            1414,343 
 1609,279      13            1415,015 
 1609,279      13            1415,687 
 1609,279      13            1416,468 
 1609,279      13            1417,218 
 1609,279      13            1417,89 
 1609,279      13            1418,546 
 1609,279      13            1419,202 
 1609,279      13            1419,874 
 1609,279      13            1420,608 
 1609,279      13            1421,327 
 1609,279      13            1422,015 
 1609,279      13            1422,718 
 1609,279      13            1423,421 
 1609,279      13            1424,187 
 1609,279      13            1424,89 
 1609,279      13            1425,593 
 1609,279      13            1426,358 
 1609,279      13            1426,999 
 1609,279      13            1427,64 
 1609,279      13            1428,312 
 1609,279      13            1428,999 
 1609,279      13            1429,64 
 1609,279      13            1430,28 
 1609,279      13            1430,937 
 1609,279      13            1431,624 
 1609,279      13            1432,374 
 1609,279      13            1433,046 
 1609,279      13            1433,765 
 1609,279      13            1434,483 
 1609,279      13            1435,155 
 1609,279      13            1435,812 
 1609,279      13            1436,468 
 1609,279      13            1437,171 
 1609,279      13            1437,843 
 1609,279      13            1438,53 
 1609,279      13            1439,171 
 1609,279      13            1439,874 
 1609,279      13            1440,608 
 1609,279      13            1441,312 
 1609,279      13            1442,015 
 1609,279      13            1442,687 
 1609,279      13            1443,358 
 1609,279      13            1444,03 
 1609,279      13            1444,702 
 1596,955      13            1445,39 
 1596,955      13            1446,062 
 1596,955      13            1446,749 
 1596,955      13            1447,405 
 1596,955      13            1448,108 
 1596,955      13            1448,78 
 1596,955      13            1449,468 
 1596,955      13            1450,14 
 1596,955      13            1450,812 
 1596,955      13            1451,515 
 1596,955      13            1452,187 
 1596,955      13            1452,89 
 1596,955      13            1453,562 
 1596,955      13            1454,202 
 1596,955      13            1454,905 
 1596,955      13            1455,624 
 1596,955      13            1456,312 
 1596,955      13            1456,999 
 1596,955      13            1457,671 
 1596,955      13            1458,374 
 1596,955      13            1459,077 
 1596,955      13            1459,796 
 1596,955      13            1460,452 
 1596,955      13            1461,155 
 1596,955      13            1461,89 
 1596,955      13            1462,546 
 1596,955      13            1463,218 
 1596,955      13            1463,89 
 1596,955      13            1464,546 
 1596,955      13            1465,233 
 1596,955      13            1465,937 
 1596,955      13            1466,593 
 1596,955      13            1467,343 
 1596,955      13            1468,03 
 1596,955      13            1468,749 
 1596,955      13            1469,437 
 1596,955      13            1470,124 
 1596,955      13            1470,812 
 1596,955      13            1471,53 
 1596,955      13            1472,202 
 1596,955      13            1472,905 
 1596,955      13            1473,562 
 1596,955      13            1474,249 
 1596,955      13            1474,905 
 1596,955      13            1475,577 
 1596,955      13            1476,249 
 1596,955      13            1476,952 
 1596,955      13            1477,687 
 1596,955      13            1478,358 
 1596,955      13            1479,015 
 1596,955      13            1479,702 
 1596,955      13            1480,358 
 1596,955      13            1481,015 
 1596,955      13            1481,702 
 1596,955      13            1482,421 
 1596,955      13            1483,077 
 1596,955      13            1483,733 
 1596,955      13            1484,405 
 1596,955      13            1485,03 
 1596,955      13            1485,733 
 1596,955      13            1486,405 
 1596,955      13            1487,108 
 1596,955      13            1487,812 
 1596,955      13            1488,499 
 1596,955      13            1489,14 
 1596,955      13            1489,827 
 1596,955      13            1490,468 
 1596,955      13            1491,171 
 1596,955      13            1491,921 
 1596,955      13            1492,593 
 1596,955      13            1493,249 
 1596,955      13            1494,015 
 1596,955      13            1494,874 
 1596,955      13            1495,687 
 1596,955      13            1496,468 
 1596,955      13            1497,171 
 1596,955      13            1497,952 
 1596,955      13            1498,749 
 1596,955      13            1499,624 
 1596,955      13            1500,358 
 1596,955      13            1501,14 
 1596,955      13            1501,952 
 1596,955      13            1502,78 
 1596,955      13            1503,64 
 1596,955      13            1504,374 
 1596,955      13            1505,077 
 1596,955      13            1505,765 
 1596,955      13            1506,468 
 1596,955      13            1507,155 
 1596,955      13            1507,858 
 1596,955      13            1508,577 
 1596,955      13            1509,296 
 1596,955      13            1510,015 
 1596,955      13            1510,749 
 1596,955      13            1511,499 
 1596,955      13            1512,28 
 1596,955      13            1513,015 
 1596,955      13            1513,702 
 1596,955      13            1514,421 
 1596,955      13            1515,124 
 1596,955      13            1515,921 
 1596,955      13            1516,655 
 1596,955      13            1517,421 
 1596,955      13            1518,171 
 1596,955      13            1518,921 
 1596,955      13            1519,671 
 1596,955      13            1520,53 
 1596,955      13            1521,218 
 1596,955      13            1521,999 
 1596,955      13            1522,718 
 1596,955      13            1523,421 
 1596,955      13            1524,14 
 1596,955      13            1524,874 
 1596,955      13            1525,546 
 1596,955      13            1526,327 
 1596,955      13            1527,202 
 1596,955      13            1527,905 
 1596,955      13            1528,718 
 1596,955      13            1529,64 
 1596,955      13            1530,437 
 1596,955      13            1531,296 
 1596,955      13            1532,046 
 1596,955      13            1532,874 
 1596,955      13            1533,702 
 1596,955      13            1534,421 
 1596,955      13            1535,327 
 1596,955      13            1536,093 
 1596,955      13            1536,937 
 1596,955      13            1537,749 
 1596,955      13            1538,577 
 1596,955      13            1539,452 
 1596,955      13            1540,202 
 1596,955      13            1541,03 
 1596,955      13            1541,874 
 1596,955      13            1542,577 
 1596,955      13            1543,39 
 1596,955      13            1544,171 
 1596,955      13            1544,952 
 1596,955      13            1545,89 
 1596,955      13            1546,702 
 1596,955      13            1547,655 
 1596,955      13            1548,39 
 1596,955      13            1549,233 
 1596,955      13            1550,093 
 1596,955      13            1550,812 
 1596,955      13            1551,593 
 1596,955      13            1552,312 
 1596,955      13            1553,046 
 1596,955      13            1553,952 
 1596,955      13            1554,702 
 1596,955      13            1555,562 
 1596,955      13            1556,374 
 1596,955      13            1557,062 
 1596,955      13            1557,983 
 1596,955      13            1558,765 
 1596,955      13            1559,515 
 1596,955      13            1560,249 
 1596,955      13            1561,077 
 1596,955      13            1561,937 
 1596,955      13            1562,733 
 1596,955      13            1563,483 
 1596,955      13            1564,437 
 1596,955      13            1565,218 
 1596,955      13            1565,999 
 1596,955      13            1566,812 
 1596,955      13            1567,562 
 1596,955      13            1568,452 
 1596,955      13            1569,312 
 1596,955      13            1570,108 
 1596,955      13            1570,89 
 1596,955      13            1571,749 
 1596,955      13            1572,499 
 1596,955      13            1573,218 
 1596,955      13            1573,983 
 1596,955      13            1574,921 
 1596,955      13            1575,78 
 1596,955      13            1576,593 
 1596,955      13            1577,374 
 1596,955      13            1578,187 
 1596,955      13            1579,046 
 1596,955      13            1579,921 
 1596,955      13            1580,749 
 1596,955      13            1581,53 
 1596,955      13            1582,452 
 1596,955      13            1583,265 
 1596,955      13            1584,155 
 1596,955      13            1584,937 
 1596,955      13            1585,765 
 1596,955      13            1586,765 
 1596,955      13            1587,546 
 1596,955      13            1588,421 
 1596,955      13            1589,327 
 1596,955      13            1590,108 
 1596,955      13            1590,843 
 1596,955      13            1591,593 
 1596,955      13            1592,452 
 1596,955      13            1593,233 
 1596,955      13            1594,015 
 1596,955      13            1594,702 
 1596,955      13            1595,53 
 1596,955      13            1596,374 
 1596,955      13            1597,046 
 1596,955      13            1597,749 
 1596,955      13            1598,421 
 1596,955      13            1599,093 
 1596,955      13            1600,921 
 1596,955      13            1602,249 
 1596,955      13            1603,874 
 1596,955      13            1605,249 
 1596,955      13            1606,515 
 1596,955      13            1607,937 
 1596,955      13            1609,265 
 1596,955      13            1610,64 
 1596,955      13            1612,093 
 1596,955      13            1613,483 
 1596,955      13            1614,937 
 1596,955      13            1616,327 
 1596,955      13            1617,64 
 1596,955      13            1619,03 
 1596,955      13            1620,64 
 1596,955      13            1622,03 
 1596,955      13            1623,483 
 1596,955      13            1624,796 
 1596,955      13            1626,171 
 1596,955      13            1627,499 
 1596,955      13            1628,921 
 1596,955      13            1630,28 
 1596,955      13            1631,78 
 1596,955      13            1633,233 
 1596,955      13            1634,577 
 1596,955      13            1636,046 
 1596,955      13            1637,515 
 1596,955      13            1639,187 
 1596,955      13            1640,624 
 1596,955      13            1642,124 
 1596,955      13            1643,437 
 1596,955      13            1644,733 
 1596,955      13            1646,233 
 1596,955      13            1647,593 
 1596,955      13            1648,952 
 1596,955      13            1650,343 
 1596,955      13            1651,608 
 1596,955      13            1652,983 
 1596,955      13            1654,421 
 1596,955      13            1655,843 
 1596,955      13            1657,187 
 1596,955      13            1658,749 
 1596,955      13            1660,233 
 1596,955      13            1661,687 
 1596,955      13            1662,983 
 1596,955      13            1664,437 
 1596,955      13            1665,765 
 1596,955      13            1667,265 
 1596,955      13            1668,687 
 1596,955      13            1670,062 
 1596,955      13            1671,374 
 1596,955      13            1672,702 
 1596,955      13            1674,077 
 1596,955      13            1675,577 
 1596,955      13            1676,796 
 1596,955      13            1678,155 
 1596,955      13            1679,483 
 1596,955      13            1680,858 
 1596,955      13            1682,28 
 1596,955      13            1683,655 
 1596,955      13            1685,046 
 1596,955      13            1686,405 
 1596,955      13            1687,843 
 1596,955      13            1689,218 
 1596,955      13            1690,608 
 1596,955      13            1691,843 
 1596,955      13            1693,218 
 1596,955      13            1694,593 
 1596,955      13            1695,905 
 1596,955      13            1697,171 
 1596,955      13            1698,53 
 1596,955      13            1699,858 
 1596,955      13            1701,296 
 1596,955      13            1702,733 
 1596,955      13            1704,062 
 1596,955      13            1705,546 
 1596,955      13            1706,874 
 1596,955      13            1708,187 
 1596,955      13            1709,546 
 1596,955      13            1710,983 
 1596,955      13            1712,562 
 1596,955      13            1713,937 
 1596,955      13            1715,249 
 1596,955      13            1716,562 
 1596,955      13            1717,921 
 1596,955      13            1719,296 
 1596,955      13            1720,671 
 1596,955      13            1721,999 
 1596,955      13            1723,608 
 1596,955      13            1724,983 
 1596,955      13            1726,483 
 1596,955      13            1727,921 
 1596,955      13            1729,296 
 1596,955      13            1730,624 
 1596,955      13            1732,046 
 1596,955      13            1733,421 
 1596,955      13            1734,749 
 1596,955      13            1736,108 
 1596,955      13            1737,624 
 1596,955      13            1738,983 
 1596,955      13            1740,312 
 1596,955      13            1741,749 
 1596,955      13            1743,108 
 1596,955      13            1744,437 
 1596,955      13            1745,749 
 1596,955      13            1746,999 
 1596,955      13            1748,562 
 1596,955      13            1749,937 
 1596,955      13            1751,265 
 1596,955      13            1752,64 
 1596,955      13            1754,015 
 1596,955      13            1755,39 
 1596,955      13            1756,749 
 1596,955      13            1758,124 
 1596,955      13            1759,624 
 1596,955      13            1761,187 
 1596,955      13            1762,64 
 1596,955      13            1764,015 
 1596,955      13            1765,374 
 1596,955      13            1766,749 
 1596,955      13            1768,077 
 1596,955      13            1769,312 
 1596,955      13            1770,687 
 1596,955      13            1772,062 
 1596,955      13            1773,499 
 1596,955      13            1774,89 
 1596,955      13            1776,249 
 1596,955      13            1777,64 
 1596,955      13            1779,015 
 1596,955      13            1780,312 
 1596,955      13            1781,687 
 1596,955      13            1783,124 
 1596,955      13            1784,437 
 1596,955      13            1785,749 
 1596,955      13            1787,062 
 1596,955      13            1788,39 
 1596,955      13            1789,765 
 1596,955      13            1791,187 
 1596,955      13            1792,53 
 1596,955      13            1793,952 
 1596,955      13            1795,343 
 1596,955      13            1796,655 
 1596,955      13            1798,03 
 1596,955      13            1799,343 
 1596,955      13            1800,765 
 1596,955      13            1802,015 
 1596,955      13            1803,452 
 1596,955      13            1804,765 
 1596,955      13            1806,093 
 1596,955      13            1807,515 
 1596,955      13            1808,89 
 1596,955      13            1810,202 
 1596,955      13            1811,468 
 1596,955      13            1812,905 
 1596,955      13            1814,265 
 1596,955      13            1815,655 
 1596,955      13            1817,03 
 1596,955      13            1818,39 
 1596,955      13            1819,827 
 1596,955      13            1821,202 
 1596,955      13            1822,468 
 1596,955      13            1823,843 
 1596,955      13            1825,202 
 1596,955      13            1826,702 
 1596,955      13            1828,015 
 1596,955      13            1829,327 
 1596,955      13            1830,827 
 1596,955      13            1832,202 
 1596,955      13            1833,53 
 1596,955      13            1834,89 
 1596,955      13            1836,28 
 1596,955      13            1837,608 
 1596,955      13            1838,921 
 1596,955      13            1840,358 
 1596,955      13            1841,78 
 1596,955      13            1843,046 
 1596,955      13            1844,405 
 1596,955      13            1845,78 
 1596,955      13            1847,296 
 1596,955      13            1848,671 
 1596,955      13            1850,108 
 1596,955      13            1851,718 
 1596,955      13            1852,983 
 1596,955      13            1854,358 
 1596,955      13            1855,796 
 1596,955      13            1857,155 
 1596,955      13            1858,53 
 1596,955      13            1859,968 
 1596,955      13            1861,296 
 1596,955      13            1862,843 
 1596,955      13            1864,296 
 1596,955      13            1865,718 
 1596,955      13            1867,093 
 1596,955      13            1868,483 
 1596,955      13            1869,843 
 1596,955      13            1871,28 
 1596,955      13            1872,655 
 1596,955      13            1874,171 
 1596,955      13            1875,608 
 1596,955      13            1877,03 
 1596,955      13            1878,468 
 1596,955      13            1879,843 
 1596,955      13            1881,233 
 1596,955      13            1882,655 
 1596,955      13            1884,03 
 1596,955      13            1885,421 
 1596,955      13            1886,733 
 1596,955      13            1888,046 
 1596,955      13            1889,421 
 1596,955      13            1890,874 
 1596,955      13            1892,374 
 1596,955      13            1893,687 
 1596,955      13            1895,062 
 1596,955      13            1896,483 
 1596,955      13            1897,921 
 1596,955      13            1899,249 
 1596,955      13            1900,608 
 1596,955      13            1901,937 
 1596,955      13            1903,437 
 1596,955      13            1904,858 
 1596,955      13            1906,124 
 1596,955      13            1907,562 
 1596,955      13            1908,937 
 1596,955      13            1910,296 
 1596,955      13            1911,733 
 1596,955      13            1913,108 
 1596,955      13            1914,624 
 1596,955      13            1915,999 
 1596,955      13            1917,374 
 1596,955      13            1918,687 
 1596,955      13            1920,062 
 1596,955      13            1921,374 
 1596,955      13            1922,812 
 1596,955      13            1924,124 
 1596,955      13            1925,874 
 1596,955      13            1927,124 
 1596,955      13            1928,483 
 1596,955      13            1929,796 
 1596,955      13            1931,171 
 1596,955      13            1932,437 
 1596,955      13            1933,874 
 1596,955      13            1935,265 
 1596,955      13            1936,562 
 1596,955      13            1937,937 
 1596,955      13            1939,312 
 1596,955      13            1940,64 
 1596,955      13            1941,999 
 1596,955      13            1943,327 
 1596,955      13            1944,749 
 1596,955      13            1946,062 
 1596,955      13            1947,39 
 1596,955      13            1948,765 
 1596,955      13            1950,077 
 1596,955      13            1951,452 
 1596,955      13            1952,765 
 1596,955      13            1954,062 
 1596,955      13            1955,452 
 1596,955      13            1956,89 
 1596,955      13            1958,327 
 1596,955      13            1959,812 
 1596,955      13            1961,249 
 1596,955      13            1962,624 
 1596,955      13            1963,937 
 1596,955      13            1965,312 
 1596,955      13            1966,64 
 1596,955      13            1968,015 
 1596,955      13            1969,327 
 1596,955      13            1970,702 
 1596,955      13            1972,077 
 1596,955      13            1973,452 
 1596,955      13            1974,874 
 1596,955      13            1976,249 
 1596,955      13            1977,749 
 1596,955      13            1979,077 
 1596,955      13            1980,515 
 1596,955      13            1981,827 
 1596,955      13            1983,28 
 1596,955      13            1984,64 
 1596,955      13            1986,077 
 1596,955      13            1987,452 
 1596,955      13            1988,765 
 1596,955      13            1990,077 
 1596,955      13            1991,452 
 1596,955      13            1992,718 
 1596,955      13            1994,093 
 1596,955      13            1995,53 
 1596,955      13            1996,952 
 1596,955      13            1998,218 
 1596,955      13            1999,577 
 1596,955      13            2000,905 
 1596,955      13            2002,327 
 1596,955      13            2003,593 
 1596,955      13            2004,89 
 1596,955      13            2006,39 
 1596,955      13            2007,78 
 1596,955      13            2009,14 
 1596,955      13            2010,515 
 1596,955      13            2011,968 
 1596,955      13            2013,343 
 1596,955      13            2014,765 
 1596,955      13            2016,265 
 1596,955      13            2017,593 
 1596,955      13            2018,952 
 1596,955      13            2020,28 
 1596,955      13            2021,64 
 1596,955      13            2023,015 
 1596,955      13            2024,483 
 1596,955      13            2025,968 
 1596,955      13            2027,358 
 1596,955      13            2028,921 
 1596,955      13            2030,296 
 1596,955      13            2031,78 
 1596,955      13            2033,093 
 1596,955      13            2034,468 
 1596,955      13            2035,796 
 1596,955      13            2037,155 
 1596,955      13            2038,421 
 1596,955      13            2039,718 
 1596,955      13            2041,093 
 1596,955      13            2042,546 
 1596,955      13            2043,921 
 1596,955      13            2045,28 
 1596,955      13            2046,608 
 1596,955      13            2047,968 
 1596,955      13            2049,358 
 1596,955      13            2050,78 
 1596,955      13            2052,108 
 1596,955      13            2053,468 
 1596,955      13            2054,968 
 1596,955      13            2056,343 
 1596,955      13            2057,843 
 1596,955      13            2059,343 
 1596,955      13            2060,733 
 1596,955      13            2062,155 
 1596,955      13            2063,546 
 1596,955      13            2064,921 
 1596,955      13            2066,28 
 1596,955      13            2067,593 
 1596,955      13            2068,937 
 1596,955      13            2070,296 
 1596,955      13            2071,624 
 1596,955      13            2073,124 
 1596,955      13            2074,483 
 1596,955      13            2075,921 
 1596,955      13            2077,233 
 1596,955      13            2078,499 
 1596,955      13            2079,874 
 1596,955      13            2081,296 
 1596,955      13            2082,671 
 1596,955      13            2084,108 
 1596,955      13            2085,421 
 1596,955      13            2086,874 
 1596,955      13            2088,187 
 1596,955      13            2089,499 
 1596,955      13            2090,858 
 1596,955      13            2092,233 
 1596,955      13            2093,608 
 1596,955      13            2094,874 
 1596,955      13            2096,187 
 1596,955      13            2097,608 
 1596,955      13            2098,999 
 1596,955      13            2100,499 
 1596,955      13            2102,062 
 1596,955      13            2103,437 
 1596,955      13            2104,812 
 1596,955      13            2106,187 
 1596,955      13            2107,671 
 1596,955      13            2108,999 
 1596,955      13            2110,358 
 1596,955      13            2111,921 
 1596,955      13            2113,374 
 1596,955      13            2114,765 
 1596,955      13            2116,14 
 1596,955      13            2117,577 
 1596,955      13            2119,015 
 1596,955      13            2120,327 
 1596,955      13            2121,64 
 1596,955      13            2123,077 
 1596,955      13            2124,437 
 1596,955      13            2125,749 
 1596,955      13            2127,124 
 1596,955      13            2128,39 
 1596,955      13            2129,702 
 1596,955      13            2131,14 
 1596,955      13            2132,749 
 1596,955      13            2134,062 
 1596,955      13            2135,452 
 1596,955      13            2136,827 
 1596,955      13            2138,187 
 1596,955      13            2139,624 
 1596,955      13            2141,015 
 1596,955      13            2142,499 
 1596,955      13            2143,812 
 1596,955      13            2145,187 
 1596,955      13            2146,452 
 1596,955      13            2147,874 
 1596,955      13            2149,249 
 1596,955      13            2150,64 
 1596,955      13            2151,952 
 1596,955      13            2153,265 
 1596,955      13            2154,687 
 1596,955      13            2156,015 
 1596,955      13            2157,374 
 1596,955      13            2158,765 
 1596,955      13            2160,155 
 1596,955      13            2161,577 
 1596,955      13            2163,015 
 1596,955      13            2164,28 
 1596,955      13            2165,702 
 1596,955      13            2167,015 
 1596,955      13            2168,405 
 1596,955      13            2169,827 
 1596,955      13            2171,327 
 1596,955      13            2172,655 
 1596,955      13            2173,968 
 1596,955      13            2175,343 
 1596,955      13            2176,64 
 1596,955      13            2177,843 
 1596,955      13            2179,14 
 1596,955      13            2180,593 
 1596,955      13            2182,015 
 1596,955      13            2183,452 
 1596,955      13            2184,952 
 1596,955      13            2186,327 
 1596,955      13            2187,64 
 1596,955      13            2188,952 
 1596,955      13            2190,327 
 1596,955      13            2191,78 
 1596,955      13            2193,077 
 1596,955      13            2194,405 
 1596,955      13            2195,827 
 1596,955      13            2197,155 
 1596,955      13            2198,468 
 1596,955      13            2199,827 
 1596,955      13            2201,202 
 1596,955      13            2202,577 
 1596,955      13            2203,968 
 1596,955      13            2205,28 
 1596,955      13            2206,546 
 1596,955      13            2208,046 
 1596,955      13            2209,405 
 1596,955      13            2210,796 
 1596,955      13            2212,155 
 1596,955      13            2213,593 
 1596,955      13            2215,046 
 1596,955      13            2216,405 
 1596,955      13            2217,718 
 1596,955      13            2219,155 
 1596,955      13            2220,655 
 1596,955      13            2222,046 
 1596,955      13            2223,343 
 1596,955      13            2224,733 
 1596,955      13            2226,046 
 1596,955      13            2227,405 
 1596,955      13            2228,78 
 1596,955      13            2230,03 
 1596,955      13            2231,358 
 1596,955      13            2232,78 
 1596,955      13            2234,155 
 1596,955      13            2235,546 
 1596,955      13            2236,921 
 1596,955      13            2238,358 
 1596,955      13            2239,733 
 1596,955      13            2241,108 
 1596,955      13            2242,53 
 1596,955      13            2243,905 
 1596,955      13            2245,28 
 1596,955      13            2246,546 
 1596,955      13            2247,858 
 1596,955      13            2249,249 
 1596,955      13            2250,546 
 1596,955      13            2251,921 
 1596,955      13            2253,233 
 1596,955      13            2254,624 
 1596,955      13            2255,983 
 1596,955      13            2257,233 
 1596,955      13            2258,624 
 1596,955      13            2259,983 
 1596,955      13            2261,483 
 1596,955      13            2262,874 
 1596,955      13            2264,296 
 1596,955      13            2265,671 
 1596,955      13            2267,046 
 1596,955      13            2268,437 
 1596,955      13            2269,796 
 1596,955      13            2271,124 
 1596,955      13            2272,562 
 1596,955      13            2273,999 
 1596,955      13            2275,437 
 1596,955      13            2276,858 
 1596,955      13            2278,187 
 1596,955      13            2279,562 
 1596,955      13            2280,999 
 1596,955      13            2282,312 
 1596,955      13            2283,687 
 1596,955      13            2285,046 
 1596,955      13            2286,421 
 1596,955      13            2287,733 
 1596,955      13            2288,999 
 1596,955      13            2290,358 
 1596,955      13            2291,749 
 1596,955      13            2293,124 
 1596,955      13            2294,437 
 1596,955      13            2295,765 
 1596,955      13            2297,14 
 1596,955      13            2298,515 
 1596,955      13            2299,999 
 1596,955      13            2301,327 
 1596,955      13            2302,702 
 1596,955      13            2304,124 
 1596,955      13            2305,515 
 1596,955      13            2306,827 
 1596,955      13            2308,202 
 1596,955      13            2309,64 
 1596,955      13            2311,015 
 1596,955      13            2312,374 
 1596,955      13            2313,765 
 1596,955      13            2315,077 
 1596,955      13            2316,39 
 1596,955      13            2317,765 
 1596,955      13            2319,077 
 1596,955      13            2320,452 
 1596,955      13            2321,827 
 1596,955      13            2323,14 
 1596,955      13            2324,562 
 1596,955      13            2325,89 
 1596,955      13            2327,265 
 1596,955      13            2328,687 
 1596,955      13            2329,89 
 1596,955      13            2331,249 
 1596,955      13            2332,702 
 1596,955      13            2334,015 
 1596,955      13            2335,327 
 1596,955      13            2336,765 
 1596,955      13            2338,14 
 1596,955      13            2339,53 
 1596,955      13            2341,015 
 1596,955      13            2342,468 
 1596,955      13            2343,89 
 1596,955      13            2345,218 
 1596,955      13            2346,593 
 1596,955      13            2348,03 
 1596,955      13            2349,405 
 1596,955      13            2350,78 
 1596,955      13            2352,093 
 1596,955      13            2353,468 
 1596,955      13            2354,89 
 1596,955      13            2356,218 
 1596,955      13            2357,64 
 1596,955      13            2358,952 
 1596,955      13            2360,28 
 1596,955      13            2361,655 
 1596,955      13            2363,077 
 1596,955      13            2364,39 
 1596,955      13            2365,702 
 1596,955      13            2367,015 
 1596,955      13            2368,28 
 1596,955      13            2369,765 
 1596,955      13            2371,03 
 1596,955      13            2372,468 
 1596,955      13            2373,718 
 1596,955      13            2375,015 
 1596,955      13            2376,405 
 1596,955      13            2377,765 
 1596,955      13            2379,03 
 1596,955      13            2380,343 
 1596,955      13            2381,765 
 1596,955      13            2383,155 
 1596,955      13            2384,405 
 1596,955      13            2385,905 
 1596,955      13            2387,233 
 1596,955      13            2388,546 
 1596,955      13            2390,03 
 1596,955      13            2391,483 
 1596,955      13            2392,843 
 1596,955      13            2394,218 
 1596,955      13            2395,593 
 1596,955      13            2397,093 
 1596,955      13            2398,358 
 1596,955      13            2399,733 
 1596,955      13            2401,108 
 1596,955      13            2402,468 
 1596,955      13            2403,858 
 1596,955      13            2405,218 
 1596,955      13            2406,53 
 1596,955      13            2407,858 
 1596,955      13            2409,28 
 1596,955      13            2410,608 
 1596,955      13            2412,171 
 1596,955      13            2413,483 
 1596,955      13            2414,843 
 1596,955      13            2416,218 
 1596,955      13            2417,546 
 1596,955      13            2418,968 
 1596,955      13            2420,233 
 1596,955      13            2421,671 
 1596,955      13            2423,108 
 1596,955      13            2424,483 
 1596,955      13            2425,843 
 1596,955      13            2427,155 
 1596,955      13            2428,483 
 1596,955      13            2429,749 
 1596,955      13            2431,296 
 1596,955      13            2432,687 
 1596,955      13            2434,062 
 1596,955      13            2435,64 
 1596,955      13            2436,999 
 1596,955      13            2438,437 
 1596,955      13            2439,827 
 1596,955      13            2441,202 
 1596,955      13            2442,577 
 1596,955      13            2443,89 
 1596,955      13            2445,249 
 1596,955      13            2446,624 
 1596,955      13            2448,062 
 1596,955      13            2449,452 
 1596,955      13            2450,812 
 1596,955      13            2452,077 
 1596,955      13            2453,499 
 1596,955      13            2454,765 
 1596,955      13            2456,077 
 1596,955      13            2457,499 
 1596,955      13            2458,874 
 1596,955      13            2460,265 
 1596,955      13            2461,64 
 1596,955      13            2462,999 
 1596,955      13            2464,374 
 1596,955      13            2465,749 
 1596,955      13            2467,077 
 1596,955      13            2468,827 
 1596,955      13            2470,202 
 1596,955      13            2471,624 
 1596,955      13            2472,937 
 1596,955      13            2474,265 
 1596,955      13            2475,593 
 1596,955      13            2477,077 
 1596,955      13            2478,39 
 1596,955      13            2479,718 
 1596,955      13            2481,093 
 1596,955      13            2482,468 
 1596,955      13            2483,89 
 1596,955      13            2485,202 
 1596,955      13            2486,577 
 1596,955      13            2487,843 
 1596,955      13            2489,28 
 1596,955      13            2490,64 
 1596,955      13            2492,015 
 1596,955      13            2493,39 
 1596,955      13            2494,843 
 1596,955      13            2496,202 
 1596,955      13            2497,53 
 1596,955      13            2498,89 
 1596,955      13            2500,265 
 1596,955      13            2501,655 
 1596,955      13            2503,093 
 1596,955      13            2504,53 
 1596,955      13            2505,952 
 1596,955      13            2507,28 
 1596,955      13            2508,702 
 1596,955      13            2510,218 
 1596,955      13            2511,53 
 1596,955      13            2512,952 
 1596,955      13            2514,28 
 1596,955      13            2515,64 
 1596,955      13            2517,015 
 1596,955      13            2518,421 
 1596,955      13            2519,733 
 1596,955      13            2520,983 
 1596,955      13            2522,296 
 1596,955      13            2523,671 
 1596,955      13            2525,108 
 1596,955      13            2526,421 
 1596,955      13            2527,796 
 1596,955      13            2529,155 
 1596,955      13            2530,593 
 1596,955      13            2531,968 
 1596,955      13            2533,28 
 1596,955      13            2534,671 
 1596,955      13            2536,093 
 1596,955      13            2537,483 
 1596,955      13            2538,858 
 1596,955      13            2540,171 
 1596,955      13            2541,421 
 1596,955      13            2542,78 
 1596,955      13            2544,296 
 1596,955      13            2545,78 
 1596,955      13            2547,218 
 1596,955      13            2548,608 
 1596,955      13            2550,03 
 1596,955      13            2551,421 
 1596,955      13            2552,843 
 1596,955      13            2554,233 
 1596,955      13            2555,608 
 1596,955      13            2557,03 
 1596,955      13            2558,358 
 1596,955      13            2559,718 
 1596,955      13            2561,093 
 1596,955      13            2562,421 
 1596,955      13            2563,874 
 1596,955      13            2565,233 
 1596,955      13            2566,905 
 1596,955      13            2568,218 
 1596,955      13            2569,53 
 1596,955      13            2570,858 
 1596,955      13            2572,28 
 1596,955      13            2573,718 
 1596,955      13            2575,093 
 1596,955      13            2576,421 
 1596,955      13            2577,78 
 1596,955      13            2579,108 
 1596,955      13            2580,483 
 1596,955      13            2581,858 
 1596,955      13            2583,218 
 1596,955      13            2584,468 
 1596,955      13            2585,983 
 1596,955      13            2587,296 
 1596,955      13            2588,608 
 1596,955      13            2589,968 
 1596,955      13            2591,343 
 1596,955      13            2592,608 
 1596,955      13            2593,983 
 1596,955      13            2594,718 
 1596,955      13            2595,39 
 1596,955      13            2596,093 
 1596,955      13            2596,749 
 1596,955      13            2597,405 
 1596,955      13            2598,077 
 1596,955      13            2598,78 
 1596,955      13            2599,671 
 1596,955      13            2600,437 
 1596,955      13            2601,249 
 1596,955      13            2602,093 
 1596,955      13            2602,843 
 1596,955      13            2603,718 
 1596,955      13            2604,515 
 1596,955      13            2605,452 
 1596,955      13            2606,233 
 1596,955      13            2607,015 
 1596,955      13            2607,89 
 1596,955      13            2608,733 
 1596,955      13            2609,499 
 1596,955      13            2610,233 
 1596,955      13            2610,968 
 1596,955      13            2611,796 
 1596,955      13            2612,593 
 1596,955      13            2613,483 
 1596,955      13            2614,452 
 1596,955      13            2615,249 
 1596,955      13            2616,14 
 1596,955      13            2617,03 
 1596,955      13            2617,812 
 1596,955      13            2618,624 
 1596,955      13            2619,421 
 1596,955      13            2620,187 
 1596,955      13            2621,046 
 1596,955      13            2621,858 
 1596,955      13            2622,577 
 1596,955      13            2623,577 
 1596,955      13            2624,499 
 1596,955      13            2625,437 
 1596,955      13            2626,233 
 1596,955      13            2626,983 
 1596,955      13            2627,733 
 1596,955      13            2628,593 
 1596,955      13            2629,343 
 1596,955      13            2630,124 
 1596,955      13            2630,937 
 1596,955      13            2631,827 
 1596,955      13            2632,765 
 1596,955      13            2633,546 
 1596,955      13            2634,296 
 1596,955      13            2635,108 
 1596,955      13            2635,874 
 1596,955      13            2636,687 
 1596,955      13            2637,405 
 1596,955      13            2638,249 
 1596,955      13            2639,202 
 1596,955      13            2639,905 
 1596,955      13            2640,687 
 1596,955      13            2641,343 
 1596,955      13            2642,218 
 1596,955      13            2643,14 
 1596,955      13            2643,983 
 1596,955      13            2644,702 
 1596,955      13            2645,483 
 1596,955      13            2646,296 
 1596,955      13            2647,062 
 1596,955      13            2647,89 
 1596,955      13            2648,671 
 1596,955      13            2649,405 
 1596,955      13            2650,265 
 1596,955      13            2651,108 
 1596,955      13            2651,827 
 1596,955      13            2652,655 
 1596,955      13            2653,483 
 1596,955      13            2654,374 
