Costo de la solución:
 877,128340224169 

1	1	117,928	163	0	50	33	81	9	35	71	65	66	20	51	1	0
1	2	118,63	178	0	88	62	19	11	64	49	36	47	48	7	52	0
1	3	0	0	0	0
1	4	115,112	171	0	75	56	23	67	39	25	55	4	54	26	0
1	5	118,605	190	0	13	87	42	15	43	14	44	38	86	16	61	0
1	6	90,255	169	0	28	76	77	3	79	78	34	29	24	68	80	12	0
1	7	105,045	145	0	94	60	83	5	84	17	45	46	8	82	18	89	0
1	8	60,753	184	0	6	96	99	93	85	91	100	37	98	59	92	97	95	0
1	9	80,533	127	0	31	10	63	90	32	30	70	69	27	0
1	10	70,265	131	0	58	2	57	41	22	74	72	73	21	40	53	0

Tiempo de ejecución:
 2546,784875 
