Costo de la solución:
 1593,56894245097 

1	1	202,973	118	0	56	60	63	66	64	62	58	55	53	98	0
1	2	200,698	124	0	103	68	79	80	52	54	57	61	65	59	0
1	3	186,221	123	0	39	42	48	50	51	45	43	40	110	116	0
1	4	193,034	70	0	29	32	35	36	34	33	30	31	28	26	0
1	5	33,416	75	0	95	96	93	94	100	99	101	102	0
1	6	174,433	126	0	97	115	38	41	47	49	46	44	37	109	0
1	7	117,261	157	0	89	118	108	8	12	13	14	15	11	5	83	117	0
1	8	32,434	39	0	120	107	104	106	105	0
1	9	171,98	114	0	21	20	23	25	27	24	22	19	16	17	0
1	10	42,299	142	0	87	92	91	90	114	18	84	112	85	86	111	82	88	0
1	11	129,031	162	0	73	76	77	78	72	75	74	71	70	69	67	0
1	12	109,782	125	0	113	6	7	9	10	4	3	1	2	81	119	0
1	13	0	0	0	0

Tiempo de ejecución:
 3188,2948125 
