Costo de la solución:
 1583,53052130919 

1	1	204,955	135	0	59	65	61	62	64	66	63	60	58	53	0
1	2	187,453	128	0	40	45	51	50	49	46	44	41	37	109	0
1	3	191,607	72	0	29	36	34	33	30	31	35	32	26	21	0
1	4	191,977	102	0	98	68	79	80	56	55	57	54	52	110	0
1	5	172,874	112	0	17	16	19	25	22	24	27	28	23	20	0
1	6	177,399	135	0	115	43	48	47	42	39	38	97	94	87	0
1	7	129,031	162	0	73	76	77	78	75	72	74	71	70	69	67	0
1	8	119,679	153	0	85	84	108	8	12	13	14	15	5	83	117	82	0
1	9	0	0	0	0
1	10	42,787	129	0	88	111	86	92	89	91	90	18	118	114	93	96	95	0
1	11	107,642	128	0	112	113	6	7	9	11	10	4	3	1	2	81	0
1	12	58,121	119	0	102	101	99	100	116	103	104	107	106	105	120	119	0
1	13	0	0	0	0

Tiempo de ejecución:
 2147,81371875 
