Costo de la solución:
 1158,05338326007 

1	1	213,629	199	0	52	54	57	59	65	61	62	64	66	63	60	56	58	55	53	100	0
1	2	192,372	199	0	95	110	38	42	48	51	50	49	47	46	44	41	37	109	114	90	91	0
1	3	209,472	200	0	18	118	17	16	19	22	24	25	28	31	27	30	33	34	36	29	35	32	26	23	20	21	0
1	4	68,979	190	0	120	105	106	104	103	116	115	97	94	96	93	92	89	85	86	111	87	0
1	5	194,195	195	0	82	119	81	112	84	117	113	83	108	39	45	43	40	98	99	101	102	0
1	6	144,439	193	0	107	67	69	70	71	74	75	72	78	80	79	77	76	73	68	0
1	7	134,963	199	0	8	12	13	14	15	11	10	9	7	6	5	4	3	1	2	88	0
1	8	0	0	0	0

Tiempo de ejecución:
 4699,84546875 
