Iteraciones:   2330 

Costo         Vehículos     Tiempo [seg]
 1813,185      13            1,703 
 1813,185      13            3,656 
 1813,185      13            5,484 
 1737,764      13            7,468 
 1737,764      13            9,062 
 1737,764      13            10,562 
 1731,74       13            12,047 
 1731,74       13            13,375 
 1731,74       13            14,687 
 1731,74       13            16,047 
 1631,535      13            17,359 
 1631,535      13            18,625 
 1631,535      13            19,984 
 1631,535      13            21,234 
 1631,535      13            22,547 
 1631,535      13            23,875 
 1631,535      13            25,187 
 1631,535      13            26,422 
 1631,535      13            27,734 
 1631,535      13            29,047 
 1631,535      13            30,359 
 1631,535      13            31,609 
 1631,535      13            32,859 
 1631,535      13            34,187 
 1631,535      13            35,437 
 1631,535      13            36,75 
 1631,535      13            38 
 1631,535      13            39,312 
 1631,535      13            40,562 
 1631,535      13            41,859 
 1631,535      13            43,187 
 1631,535      13            44,484 
 1631,535      13            45,797 
 1631,535      13            47,047 
 1631,535      13            48,312 
 1631,535      13            49,672 
 1631,535      13            50,922 
 1631,535      13            52,234 
 1631,535      13            53,547 
 1631,535      13            54,843 
 1631,535      13            56,187 
 1631,535      13            57,547 
 1631,535      13            58,937 
 1631,535      13            60,187 
 1631,535      13            61,578 
 1631,535      13            62,937 
 1631,535      13            64,218 
 1631,535      13            65,515 
 1631,535      13            66,765 
 1631,535      13            68,093 
 1617,85       13            69,453 
 1617,85       13            70,765 
 1617,85       13            72,187 
 1617,85       13            73,578 
 1617,85       13            74,984 
 1617,85       13            76,25 
 1617,85       13            77,547 
 1617,85       13            78,75 
 1617,85       13            80,047 
 1617,85       13            81,328 
 1617,85       13            82,578 
 1617,85       13            83,953 
 1617,85       13            85,265 
 1617,85       13            86,484 
 1617,85       13            87,718 
 1617,85       13            88,968 
 1617,85       13            90,234 
 1617,85       13            91,484 
 1617,85       13            92,75 
 1617,85       13            94,062 
 1617,85       13            95,297 
 1617,85       13            96,609 
 1617,85       13            97,859 
 1617,85       13            99,125 
 1607,931      13            100,422 
 1607,931      13            101,625 
 1607,931      13            102,828 
 1607,931      13            104,187 
 1607,931      13            105,437 
 1607,931      13            106,765 
 1607,931      13            108,062 
 1607,931      13            109,328 
 1607,931      13            110,578 
 1607,931      13            111,875 
 1607,931      13            113,187 
 1607,931      13            114,453 
 1607,931      13            115,875 
 1607,931      13            117,14 
 1607,931      13            118,5 
 1607,931      13            119,718 
 1607,931      13            120,953 
 1607,931      13            122,203 
 1607,931      13            123,453 
 1607,931      13            124,718 
 1607,931      13            125,968 
 1607,931      13            127,265 
 1607,931      13            128,578 
 1607,931      13            129,843 
 1607,931      13            131,203 
 1607,931      13            132,515 
 1607,931      13            133,718 
 1607,931      13            134,968 
 1607,931      13            136,343 
 1607,931      13            137,703 
 1607,931      13            138,968 
 1607,931      13            140,281 
 1607,931      13            141,531 
 1607,931      13            142,828 
 1607,931      13            144,093 
 1607,931      13            145,468 
 1607,931      13            146,718 
 1607,931      13            147,968 
 1607,931      13            149,281 
 1607,931      13            150,578 
 1607,931      13            151,843 
 1607,931      13            153,203 
 1607,931      13            154,453 
 1607,931      13            155,843 
 1607,931      13            157,093 
 1607,931      13            158,343 
 1607,931      13            159,656 
 1607,931      13            160,922 
 1607,931      13            162,109 
 1607,931      13            163,406 
 1607,931      13            164,672 
 1607,931      13            165,968 
 1607,931      13            167,281 
 1607,931      13            168,609 
 1607,931      13            169,906 
 1607,931      13            171,218 
 1607,931      13            172,484 
 1607,931      13            173,797 
 1607,931      13            175,109 
 1607,931      13            176,468 
 1607,931      13            177,781 
 1607,931      13            179,047 
 1607,931      13            180,297 
 1607,931      13            181,547 
 1607,931      13            182,781 
 1607,931      13            184,047 
 1607,931      13            185,343 
 1607,931      13            186,531 
 1607,931      13            187,797 
 1607,931      13            189,047 
 1607,931      13            190,343 
 1607,931      13            191,593 
 1607,931      13            192,843 
 1607,931      13            194,172 
 1607,931      13            195,484 
 1607,931      13            196,781 
 1607,931      13            198,031 
 1607,931      13            199,343 
 1607,931      13            200,656 
 1607,931      13            201,906 
 1607,931      13            203,218 
 1607,931      13            204,547 
 1607,931      13            205,875 
 1607,931      13            207,172 
 1607,931      13            208,437 
 1607,931      13            209,75 
 1607,931      13            211,062 
 1607,931      13            212,375 
 1607,931      13            213,625 
 1607,931      13            214,922 
 1607,931      13            216,187 
 1607,931      13            217,562 
 1607,931      13            218,812 
 1607,931      13            220,187 
 1607,931      13            221,484 
 1607,931      13            222,75 
 1607,931      13            224,109 
 1607,931      13            225,375 
 1607,931      13            226,672 
 1607,931      13            227,875 
 1607,931      13            229,125 
 1607,931      13            230,484 
 1607,931      13            231,812 
 1607,931      13            233,047 
 1607,931      13            234,312 
 1607,931      13            235,562 
 1607,931      13            236,843 
 1607,931      13            238,156 
 1607,931      13            239,359 
 1607,931      13            240,609 
 1607,931      13            241,797 
 1607,931      13            243,031 
 1607,931      13            244,343 
 1607,931      13            245,547 
 1607,931      13            246,906 
 1607,931      13            248,187 
 1607,931      13            249,5 
 1607,931      13            250,797 
 1607,931      13            252,062 
 1607,931      13            253,375 
 1607,931      13            254,672 
 1607,931      13            255,875 
 1607,931      13            257,125 
 1607,931      13            258,437 
 1607,931      13            259,734 
 1607,931      13            260,984 
 1607,931      13            262,375 
 1607,931      13            263,672 
 1607,931      13            264,937 
 1607,931      13            266,25 
 1607,931      13            267,547 
 1607,931      13            268,812 
 1607,931      13            270,234 
 1607,931      13            271,437 
 1607,931      13            272,75 
 1607,931      13            274,062 
 1607,931      13            275,484 
 1607,931      13            276,859 
 1607,931      13            278,125 
 1607,931      13            279,484 
 1607,931      13            280,75 
 1607,931      13            282,062 
 1607,931      13            283,422 
 1607,931      13            284,672 
 1607,931      13            285,937 
 1607,931      13            287,25 
 1607,931      13            288,547 
 1607,931      13            289,812 
 1607,931      13            291,187 
 1607,931      13            292,5 
 1607,931      13            293,812 
 1607,931      13            295,062 
 1607,931      13            296,437 
 1607,931      13            297,797 
 1607,931      13            299,062 
 1607,931      13            300,437 
 1607,931      13            301,812 
 1607,931      13            303,062 
 1607,931      13            304,375 
 1607,931      13            305,625 
 1607,931      13            306,953 
 1607,931      13            308,265 
 1607,931      13            309,5 
 1607,931      13            310,765 
 1607,931      13            312,015 
 1607,931      13            313,281 
 1607,931      13            314,703 
 1607,931      13            315,953 
 1607,931      13            317,265 
 1607,931      13            318,578 
 1607,931      13            319,89 
 1607,931      13            321,203 
 1607,931      13            322,593 
 1607,931      13            323,937 
 1607,931      13            325,14 
 1607,931      13            326,437 
 1607,931      13            327,703 
 1607,931      13            328,953 
 1607,931      13            330,25 
 1607,931      13            331,5 
 1607,931      13            332,765 
 1607,931      13            334 
 1607,931      13            335,265 
 1607,931      13            336,562 
 1607,931      13            337,765 
 1607,931      13            339,187 
 1607,931      13            340,5 
 1607,931      13            341,812 
 1607,931      13            343,125 
 1607,931      13            344,406 
 1607,931      13            345,718 
 1607,931      13            347,031 
 1607,931      13            348,265 
 1607,931      13            349,578 
 1607,931      13            350,828 
 1607,931      13            352,078 
 1607,931      13            353,265 
 1607,931      13            354,515 
 1607,931      13            355,797 
 1607,931      13            357,156 
 1607,931      13            358,484 
 1607,931      13            359,781 
 1607,931      13            361,047 
 1607,931      13            362,297 
 1607,931      13            363,547 
 1607,931      13            364,843 
 1607,931      13            366,187 
 1607,931      13            367,484 
 1607,931      13            368,75 
 1607,931      13            370,047 
 1607,931      13            371,375 
 1607,931      13            372,687 
 1607,931      13            373,984 
 1607,931      13            375,234 
 1607,931      13            376,562 
 1607,931      13            377,859 
 1607,931      13            379,172 
 1607,931      13            380,422 
 1607,931      13            381,734 
 1607,931      13            382,984 
 1607,931      13            384,312 
 1607,931      13            385,672 
 1607,931      13            387,015 
 1607,931      13            388,328 
 1607,931      13            389,625 
 1607,931      13            390,953 
 1607,931      13            392,25 
 1607,931      13            393,531 
 1607,931      13            394,781 
 1607,931      13            396,031 
 1607,931      13            397,39 
 1607,931      13            398,781 
 1607,931      13            400,093 
 1607,931      13            401,359 
 1607,931      13            402,656 
 1607,931      13            403,968 
 1607,931      13            405,265 
 1607,931      13            406,453 
 1607,931      13            407,828 
 1607,931      13            409,14 
 1607,931      13            410,453 
 1607,931      13            411,718 
 1607,931      13            413,078 
 1607,931      13            414,531 
 1607,931      13            415,765 
 1607,931      13            417,078 
 1607,931      13            418,343 
 1607,931      13            419,593 
 1607,931      13            420,89 
 1607,931      13            422,156 
 1607,931      13            423,468 
 1607,931      13            424,718 
 1607,931      13            426,015 
 1607,931      13            427,343 
 1607,931      13            428,703 
 1607,931      13            429,953 
 1607,931      13            431,203 
 1607,931      13            432,453 
 1607,931      13            433,64 
 1607,931      13            434,953 
 1607,931      13            436,218 
 1607,931      13            437,578 
 1607,931      13            438,828 
 1607,931      13            440,078 
 1607,931      13            441,39 
 1607,931      13            442,703 
 1607,931      13            443,968 
 1607,931      13            445,265 
 1607,931      13            446,531 
 1607,931      13            447,843 
 1607,931      13            449,078 
 1607,931      13            450,343 
 1607,931      13            451,64 
 1607,931      13            453,031 
 1607,931      13            454,343 
 1607,931      13            455,656 
 1607,931      13            456,953 
 1607,931      13            458,156 
 1607,931      13            459,406 
 1607,931      13            460,765 
 1607,931      13            462,078 
 1607,931      13            463,359 
 1607,931      13            464,562 
 1607,931      13            465,875 
 1607,931      13            467,172 
 1607,931      13            468,484 
 1607,931      13            469,812 
 1607,931      13            471,109 
 1607,931      13            472,375 
 1607,931      13            473,75 
 1607,931      13            475,109 
 1607,931      13            476,359 
 1607,931      13            477,625 
 1607,931      13            478,922 
 1607,931      13            480,25 
 1607,931      13            481,562 
 1607,931      13            482,875 
 1607,931      13            484,234 
 1607,931      13            485,547 
 1607,931      13            486,797 
 1607,931      13            488,109 
 1607,931      13            489,484 
 1607,931      13            490,687 
 1607,931      13            492,047 
 1607,931      13            493,422 
 1607,931      13            494,75 
 1607,931      13            495,984 
 1607,931      13            497,312 
 1607,931      13            498,625 
 1607,931      13            499,937 
 1607,931      13            501,172 
 1607,931      13            502,422 
 1607,931      13            503,75 
 1607,931      13            505,062 
 1607,931      13            506,359 
 1607,931      13            507,672 
 1607,931      13            508,922 
 1607,931      13            510,172 
 1607,931      13            511,437 
 1607,931      13            512,734 
 1607,931      13            514,062 
 1607,931      13            515,422 
 1607,931      13            516,734 
 1607,931      13            518,047 
 1607,931      13            519,359 
 1607,931      13            520,672 
 1607,931      13            522 
 1607,931      13            523,25 
 1607,931      13            524,609 
 1607,931      13            525,812 
 1607,931      13            527,14 
 1607,931      13            528,437 
 1607,931      13            529,75 
 1607,931      13            531,015 
 1607,931      13            532,312 
 1607,931      13            533,515 
 1607,931      13            534,812 
 1607,931      13            536,015 
 1607,931      13            537,328 
 1607,931      13            538,687 
 1607,931      13            539,937 
 1607,931      13            541,234 
 1607,931      13            542,547 
 1607,931      13            543,859 
 1607,931      13            545,062 
 1607,931      13            546,422 
 1607,931      13            547,734 
 1607,931      13            548,984 
 1607,931      13            550,187 
 1607,931      13            551,5 
 1607,931      13            552,797 
 1607,931      13            554 
 1607,931      13            555,437 
 1607,931      13            556,687 
 1607,931      13            558,047 
 1607,931      13            559,297 
 1607,931      13            560,562 
 1607,931      13            561,875 
 1607,931      13            563,125 
 1607,931      13            564,515 
 1607,931      13            565,812 
 1607,931      13            567,125 
 1607,931      13            568,437 
 1607,931      13            569,765 
 1607,931      13            571,078 
 1607,931      13            572,453 
 1607,931      13            573,828 
 1607,931      13            575,078 
 1607,931      13            576,39 
 1607,931      13            577,687 
 1607,931      13            579 
 1607,931      13            580,265 
 1607,931      13            581,515 
 1607,931      13            582,812 
 1607,931      13            584 
 1607,931      13            585,265 
 1607,931      13            586,515 
 1607,931      13            587,89 
 1607,931      13            589,203 
 1607,931      13            590,5 
 1607,931      13            591,812 
 1607,931      13            593,125 
 1607,931      13            594,328 
 1607,931      13            595,578 
 1607,931      13            597 
 1607,931      13            598,312 
 1607,931      13            599,562 
 1607,931      13            600,89 
 1607,931      13            602,125 
 1607,931      13            603,39 
 1607,931      13            604,703 
 1607,931      13            606,015 
 1607,931      13            607,281 
 1607,931      13            608,593 
 1607,931      13            609,906 
 1607,931      13            611,218 
 1607,931      13            612,531 
 1607,931      13            613,828 
 1607,931      13            615,078 
 1607,931      13            616,281 
 1607,931      13            617,593 
 1607,931      13            618,89 
 1607,931      13            620,218 
 1607,931      13            621,531 
 1607,931      13            622,765 
 1607,931      13            624,031 
 1607,931      13            625,265 
 1607,931      13            626,593 
 1607,931      13            627,828 
 1607,931      13            629,093 
 1607,931      13            630,359 
 1607,931      13            631,593 
 1607,931      13            632,906 
 1607,931      13            634,218 
 1607,931      13            635,531 
 1607,931      13            636,781 
 1607,931      13            638,047 
 1607,931      13            639,297 
 1607,931      13            640,609 
 1607,931      13            641,906 
 1607,931      13            643,109 
 1607,931      13            644,422 
 1607,931      13            645,781 
 1607,931      13            647,047 
 1607,931      13            648,422 
 1607,931      13            649,734 
 1607,931      13            651,047 
 1607,931      13            652,359 
 1607,931      13            653,672 
 1607,931      13            654,968 
 1607,931      13            656,281 
 1607,931      13            657,593 
 1607,931      13            658,859 
 1607,931      13            660,093 
 1607,931      13            661,422 
 1607,931      13            662,718 
 1607,931      13            663,922 
 1607,931      13            665,281 
 1607,931      13            666,593 
 1607,931      13            667,875 
 1607,931      13            669,109 
 1607,931      13            670,359 
 1607,931      13            671,625 
 1607,931      13            672,937 
 1607,931      13            674,172 
 1607,931      13            675,484 
 1607,931      13            676,875 
 1607,931      13            678,203 
 1607,931      13            679,515 
 1607,931      13            680,812 
 1607,931      13            682,015 
 1607,931      13            683,25 
 1607,931      13            684,64 
 1607,931      13            686 
 1607,931      13            687,203 
 1607,931      13            688,562 
 1607,931      13            689,812 
 1607,931      13            691 
 1607,931      13            692,312 
 1607,931      13            693,578 
 1607,931      13            694,828 
 1607,931      13            696,14 
 1607,931      13            697,437 
 1607,931      13            698,64 
 1607,931      13            699,89 
 1607,931      13            701,125 
 1607,931      13            702,5 
 1607,931      13            703,765 
 1607,931      13            705,125 
 1607,931      13            706,437 
 1607,931      13            707,64 
 1607,931      13            708,89 
 1607,931      13            710,14 
 1607,931      13            711,484 
 1607,931      13            712,734 
 1607,931      13            713,968 
 1607,931      13            715,343 
 1607,931      13            716,547 
 1607,931      13            717,797 
 1607,931      13            719,093 
 1607,931      13            720,359 
 1607,931      13            721,672 
 1607,931      13            722,922 
 1607,931      13            724,156 
 1607,931      13            725,484 
 1607,931      13            726,781 
 1607,931      13            728,093 
 1607,931      13            729,468 
 1607,931      13            730,734 
 1607,931      13            732,047 
 1607,931      13            733,406 
 1607,931      13            734,656 
 1607,931      13            735,968 
 1607,931      13            737,234 
 1607,931      13            738,484 
 1607,931      13            739,797 
 1607,931      13            741,172 
 1607,931      13            742,484 
 1607,931      13            743,843 
 1607,931      13            745,031 
 1605,487      13            746,281 
 1605,487      13            747,484 
 1605,487      13            748,718 
 1605,487      13            750,047 
 1605,487      13            751,297 
 1605,487      13            752,593 
 1605,487      13            753,797 
 1605,487      13            755,156 
 1605,487      13            756,406 
 1605,487      13            757,656 
 1605,487      13            758,922 
 1605,487      13            760,218 
 1605,487      13            761,468 
 1605,487      13            762,797 
 1605,487      13            764,125 
 1605,487      13            765,5 
 1605,487      13            766,797 
 1605,487      13            768,109 
 1605,487      13            769,375 
 1605,487      13            770,609 
 1605,487      13            772 
 1605,487      13            773,297 
 1605,487      13            774,672 
 1605,487      13            775,937 
 1605,487      13            777,234 
 1605,487      13            778,484 
 1605,487      13            779,797 
 1605,487      13            781,047 
 1605,487      13            782,25 
 1605,487      13            783,5 
 1605,487      13            784,765 
 1605,487      13            786,078 
 1605,487      13            787,328 
 1605,487      13            788,718 
 1605,487      13            790,125 
 1605,487      13            791,39 
 1605,487      13            792,797 
 1605,487      13            794,172 
 1605,487      13            795,453 
 1605,487      13            796,75 
 1605,487      13            798,078 
 1605,487      13            799,39 
 1605,487      13            800,703 
 1605,487      13            802,031 
 1605,487      13            803,343 
 1605,487      13            804,547 
 1605,487      13            805,781 
 1605,487      13            807,031 
 1605,487      13            808,359 
 1605,487      13            809,672 
 1605,487      13            810,922 
 1605,487      13            812,297 
 1605,487      13            813,515 
 1605,487      13            814,875 
 1605,487      13            816,187 
 1605,487      13            817,515 
 1605,487      13            818,797 
 1605,487      13            820,156 
 1605,487      13            821,453 
 1605,487      13            822,781 
 1605,487      13            824,14 
 1605,487      13            825,453 
 1605,487      13            826,656 
 1605,487      13            827,89 
 1605,487      13            829,14 
 1605,487      13            830,406 
 1605,487      13            831,656 
 1605,487      13            833,015 
 1605,487      13            834,328 
 1605,487      13            835,578 
 1605,487      13            836,906 
 1605,487      13            838,265 
 1605,487      13            839,406 
 1605,487      13            840,672 
 1605,487      13            842,078 
 1605,487      13            843,39 
 1605,487      13            844,672 
 1605,487      13            845,984 
 1605,487      13            847,281 
 1605,487      13            848,578 
 1605,487      13            849,843 
 1605,487      13            851,14 
 1605,487      13            852,484 
 1605,487      13            853,859 
 1605,487      13            855,265 
 1605,487      13            856,609 
 1605,487      13            858,047 
 1605,487      13            859,422 
 1605,487      13            860,718 
 1605,487      13            861,984 
 1605,487      13            863,234 
 1605,487      13            864,547 
 1605,487      13            865,859 
 1605,487      13            867,172 
 1605,487      13            868,437 
 1605,487      13            869,672 
 1605,487      13            870,968 
 1605,487      13            872,343 
 1605,487      13            873,703 
 1605,487      13            875,031 
 1605,487      13            876,359 
 1605,487      13            877,609 
 1605,487      13            878,922 
 1605,487      13            880,281 
 1605,487      13            881,547 
 1605,487      13            882,797 
 1605,487      13            884,093 
 1605,487      13            885,422 
 1605,487      13            886,656 
 1605,487      13            887,968 
 1605,487      13            889,406 
 1605,487      13            890,656 
 1605,487      13            891,906 
 1605,487      13            893,218 
 1605,487      13            894,422 
 1605,487      13            895,672 
 1605,487      13            896,984 
 1605,487      13            898,265 
 1605,487      13            899,515 
 1605,487      13            900,812 
 1605,487      13            902,015 
 1605,487      13            903,265 
 1605,487      13            904,75 
 1605,487      13            906 
 1605,487      13            907,312 
 1605,487      13            908,625 
 1605,487      13            909,89 
 1605,487      13            911,203 
 1605,487      13            912,531 
 1605,487      13            913,906 
 1605,487      13            915,218 
 1605,487      13            916,468 
 1605,487      13            917,89 
 1605,487      13            919,203 
 1605,487      13            920,422 
 1605,487      13            921,734 
 1605,487      13            923,031 
 1605,487      13            924,234 
 1605,487      13            925,609 
 1605,487      13            926,906 
 1605,487      13            928,172 
 1605,487      13            929,468 
 1605,487      13            930,734 
 1605,487      13            932,031 
 1605,487      13            933,297 
 1605,487      13            934,531 
 1605,487      13            935,781 
 1605,487      13            936,984 
 1605,487      13            938,234 
 1605,487      13            939,468 
 1605,487      13            940,718 
 1605,487      13            942,093 
 1605,487      13            943,343 
 1605,487      13            944,672 
 1605,487      13            945,906 
 1605,487      13            947,156 
 1605,487      13            948,437 
 1605,487      13            949,672 
 1605,487      13            950,937 
 1605,487      13            952,25 
 1605,487      13            953,5 
 1605,487      13            954,859 
 1605,487      13            956,109 
 1605,487      13            957,359 
 1605,487      13            958,625 
 1605,487      13            959,875 
 1605,487      13            961,062 
 1605,487      13            962,375 
 1605,487      13            963,578 
 1605,487      13            964,875 
 1605,487      13            966,078 
 1605,487      13            967,328 
 1605,487      13            968,578 
 1605,487      13            969,828 
 1605,487      13            971,14 
 1605,487      13            972,375 
 1605,487      13            973,593 
 1605,487      13            974,843 
 1605,487      13            976,218 
 1605,487      13            977,468 
 1605,487      13            978,765 
 1605,487      13            980,015 
 1605,487      13            981,265 
 1605,487      13            982,531 
 1605,487      13            983,812 
 1605,487      13            985,172 
 1605,487      13            986,437 
 1605,487      13            987,812 
 1605,487      13            989,125 
 1605,487      13            990,422 
 1605,487      13            991,687 
 1605,487      13            993,047 
 1605,487      13            994,312 
 1605,487      13            995,625 
 1605,487      13            996,859 
 1605,487      13            998,187 
 1605,487      13            999,484 
 1605,487      13            1000,968 
 1605,487      13            1002,297 
 1605,487      13            1003,547 
 1605,487      13            1004,843 
 1605,487      13            1006,234 
 1605,487      13            1007,593 
 1605,487      13            1008,843 
 1605,487      13            1010,109 
 1605,487      13            1011,406 
 1605,487      13            1012,656 
 1605,487      13            1013,953 
 1605,487      13            1015,265 
 1605,487      13            1016,515 
 1605,487      13            1017,75 
 1605,487      13            1019 
 1605,487      13            1020,265 
 1605,487      13            1021,593 
 1605,487      13            1022,828 
 1605,487      13            1024,093 
 1605,487      13            1025,39 
 1605,487      13            1026,593 
 1605,487      13            1027,828 
 1605,487      13            1029,031 
 1605,487      13            1030,343 
 1605,487      13            1031,64 
 1605,487      13            1032,89 
 1605,487      13            1034,093 
 1605,487      13            1035,375 
 1605,487      13            1036,687 
 1605,487      13            1038,187 
 1605,487      13            1039,515 
 1605,487      13            1040,906 
 1605,487      13            1042,172 
 1605,487      13            1043,406 
 1605,487      13            1044,718 
 1605,487      13            1045,968 
 1605,487      13            1047,297 
 1605,487      13            1048,547 
 1605,487      13            1049,843 
 1605,487      13            1051,093 
 1605,487      13            1052,297 
 1605,487      13            1053,547 
 1605,487      13            1054,843 
 1605,487      13            1056,093 
 1605,487      13            1057,468 
 1605,487      13            1058,703 
 1605,487      13            1060,031 
 1605,487      13            1061,406 
 1605,487      13            1062,656 
 1605,487      13            1063,968 
 1605,487      13            1065,281 
 1605,487      13            1066,468 
 1605,487      13            1067,703 
 1605,487      13            1068,968 
 1605,487      13            1070,25 
 1605,487      13            1071,609 
 1605,487      13            1072,828 
 1605,487      13            1074,078 
 1605,487      13            1075,281 
 1605,487      13            1076,531 
 1605,487      13            1077,843 
 1605,487      13            1079,14 
 1605,487      13            1080,39 
 1605,487      13            1081,64 
 1605,487      13            1082,859 
 1605,487      13            1084,218 
 1605,487      13            1085,406 
 1605,487      13            1086,672 
 1605,487      13            1088 
 1605,487      13            1089,265 
 1605,487      13            1090,656 
 1605,487      13            1091,922 
 1605,487      13            1093,297 
 1605,487      13            1094,531 
 1605,487      13            1095,843 
 1605,487      13            1097,093 
 1605,487      13            1098,406 
 1605,487      13            1099,672 
 1605,487      13            1100,968 
 1605,487      13            1102,281 
 1605,487      13            1103,609 
 1605,487      13            1104,922 
 1605,487      13            1106,172 
 1605,487      13            1107,468 
 1605,487      13            1108,718 
 1605,487      13            1109,984 
 1605,487      13            1111,297 
 1605,487      13            1112,562 
 1605,487      13            1113,797 
 1605,487      13            1115,172 
 1605,487      13            1116,484 
 1605,487      13            1117,734 
 1605,487      13            1119,047 
 1605,487      13            1120,297 
 1605,487      13            1121,562 
 1605,487      13            1122,812 
 1605,487      13            1124,125 
 1605,487      13            1125,375 
 1605,487      13            1126,672 
 1605,487      13            1127,922 
 1605,487      13            1129,125 
 1605,487      13            1130,375 
 1605,487      13            1131,609 
 1605,487      13            1132,859 
 1605,487      13            1134,109 
 1605,487      13            1135,422 
 1605,487      13            1136,75 
 1605,487      13            1138 
 1605,487      13            1139,297 
 1605,487      13            1140,609 
 1605,487      13            1141,859 
 1605,487      13            1143,125 
 1605,487      13            1144,375 
 1605,487      13            1145,625 
 1605,487      13            1146,922 
 1605,487      13            1148,187 
 1605,487      13            1149,484 
 1605,487      13            1150,734 
 1605,487      13            1152,062 
 1605,487      13            1153,312 
 1605,487      13            1154,547 
 1605,487      13            1155,75 
 1605,487      13            1156,906 
 1605,487      13            1157,547 
 1605,487      13            1158,172 
 1605,487      13            1159 
 1605,487      13            1159,672 
 1605,487      13            1160,39 
 1605,487      13            1161,031 
 1605,487      13            1161,672 
 1605,487      13            1162,39 
 1605,487      13            1163,031 
 1605,487      13            1163,625 
 1605,487      13            1164,39 
 1605,487      13            1165,031 
 1605,487      13            1165,718 
 1605,487      13            1166,484 
 1605,487      13            1167,156 
 1605,487      13            1167,859 
 1605,487      13            1168,593 
 1605,487      13            1169,281 
 1605,487      13            1170,015 
 1605,487      13            1170,64 
 1605,487      13            1171,39 
 1605,487      13            1172,047 
 1605,487      13            1172,703 
 1605,487      13            1173,468 
 1605,487      13            1174,109 
 1605,487      13            1174,859 
 1605,487      13            1175,593 
 1605,487      13            1176,25 
 1605,487      13            1176,937 
 1605,487      13            1177,656 
 1605,487      13            1178,328 
 1605,487      13            1179,218 
 1605,487      13            1179,843 
 1605,487      13            1180,672 
 1605,487      13            1181,437 
 1605,487      13            1182,281 
 1605,487      13            1183,109 
 1605,487      13            1183,781 
 1605,487      13            1184,531 
 1605,487      13            1185,203 
 1605,487      13            1185,89 
 1605,487      13            1186,64 
 1605,487      13            1187,343 
 1605,487      13            1188 
 1605,487      13            1188,64 
 1605,487      13            1189,25 
 1605,487      13            1189,922 
 1605,487      13            1190,609 
 1605,487      13            1191,297 
 1605,487      13            1192,031 
 1605,487      13            1192,703 
 1605,487      13            1193,359 
 1605,487      13            1194,14 
 1605,487      13            1194,781 
 1605,487      13            1195,484 
 1605,487      13            1196,125 
 1605,487      13            1196,859 
 1605,487      13            1197,625 
 1605,487      13            1198,297 
 1605,487      13            1198,953 
 1605,487      13            1199,672 
 1605,487      13            1200,359 
 1605,487      13            1201,093 
 1605,487      13            1201,797 
 1605,487      13            1202,484 
 1605,487      13            1203,281 
 1605,487      13            1203,968 
 1605,487      13            1204,718 
 1605,487      13            1205,422 
 1605,487      13            1206,078 
 1605,487      13            1206,765 
 1605,487      13            1207,39 
 1605,487      13            1208 
 1605,487      13            1208,734 
 1605,487      13            1209,437 
 1605,487      13            1210,156 
 1605,487      13            1210,859 
 1605,487      13            1211,562 
 1605,487      13            1212,25 
 1605,487      13            1212,968 
 1605,487      13            1213,625 
 1605,487      13            1214,312 
 1605,487      13            1214,922 
 1605,487      13            1215,687 
 1605,487      13            1216,406 
 1605,487      13            1217,203 
 1605,487      13            1217,843 
 1605,487      13            1218,531 
 1605,487      13            1219,25 
 1605,487      13            1219,906 
 1605,487      13            1220,609 
 1605,487      13            1221,343 
 1605,487      13            1222,015 
 1605,487      13            1222,64 
 1605,487      13            1223,328 
 1605,487      13            1224,015 
 1605,487      13            1224,703 
 1605,487      13            1225,359 
 1605,487      13            1226,047 
 1605,487      13            1226,734 
 1605,487      13            1227,375 
 1605,487      13            1228,062 
 1605,487      13            1228,765 
 1605,487      13            1229,39 
 1605,487      13            1230,109 
 1605,487      13            1230,765 
 1605,487      13            1231,453 
 1605,487      13            1232,14 
 1605,487      13            1232,797 
 1605,487      13            1233,515 
 1605,487      13            1234,203 
 1605,487      13            1234,922 
 1605,487      13            1235,593 
 1605,487      13            1236,25 
 1605,487      13            1236,922 
 1605,487      13            1237,656 
 1605,487      13            1238,359 
 1605,487      13            1239,031 
 1605,487      13            1239,703 
 1605,487      13            1240,437 
 1605,487      13            1241,078 
 1605,487      13            1241,734 
 1605,487      13            1242,437 
 1605,487      13            1243,187 
 1605,487      13            1243,828 
 1605,487      13            1244,5 
 1605,487      13            1245,203 
 1605,487      13            1245,828 
 1605,487      13            1246,531 
 1605,487      13            1247,187 
 1605,487      13            1247,843 
 1605,487      13            1248,593 
 1605,487      13            1249,265 
 1605,487      13            1250 
 1605,487      13            1250,734 
 1605,487      13            1251,328 
 1605,487      13            1252,093 
 1605,487      13            1252,828 
 1605,487      13            1253,468 
 1605,487      13            1254,265 
 1605,487      13            1254,906 
 1605,487      13            1255,609 
 1605,487      13            1256,281 
 1605,487      13            1256,906 
 1605,487      13            1257,75 
 1605,487      13            1258,422 
 1605,487      13            1259,093 
 1605,487      13            1259,781 
 1605,487      13            1260,406 
 1605,487      13            1261,125 
 1605,487      13            1261,875 
 1605,487      13            1262,515 
 1605,487      13            1263,25 
 1605,487      13            1263,984 
 1605,487      13            1264,75 
 1605,487      13            1265,484 
 1605,487      13            1266,14 
 1605,487      13            1266,922 
 1605,487      13            1267,656 
 1605,487      13            1268,328 
 1605,487      13            1269,047 
 1605,487      13            1269,703 
 1605,487      13            1270,39 
 1605,487      13            1271,109 
 1605,487      13            1271,734 
 1605,487      13            1272,453 
 1605,487      13            1273,109 
 1605,487      13            1273,765 
 1605,487      13            1274,547 
 1605,487      13            1275,172 
 1605,487      13            1275,906 
 1605,487      13            1276,64 
 1605,487      13            1277,281 
 1591,811      13            1278,062 
 1591,811      13            1278,703 
 1591,811      13            1279,328 
 1591,811      13            1280,109 
 1591,811      13            1280,781 
 1591,811      13            1281,39 
 1591,811      13            1282,125 
 1591,811      13            1282,797 
 1591,811      13            1283,406 
 1591,811      13            1284,093 
 1591,811      13            1284,703 
 1591,811      13            1285,343 
 1591,811      13            1286,062 
 1591,811      13            1286,687 
 1591,811      13            1287,328 
 1591,811      13            1288,015 
 1591,811      13            1288,687 
 1591,811      13            1289,422 
 1591,811      13            1290,062 
 1591,811      13            1290,812 
 1591,811      13            1291,562 
 1591,811      13            1292,187 
 1591,811      13            1292,843 
 1591,811      13            1293,5 
 1591,811      13            1294,172 
 1591,811      13            1295,047 
 1591,811      13            1295,703 
 1591,811      13            1296,453 
 1591,811      13            1297,187 
 1591,811      13            1297,828 
 1591,811      13            1298,468 
 1591,811      13            1299,078 
 1591,811      13            1299,75 
 1591,811      13            1300,468 
 1591,811      13            1301,078 
 1591,811      13            1301,703 
 1591,811      13            1302,468 
 1591,811      13            1303,125 
 1591,811      13            1303,828 
 1591,811      13            1304,547 
 1591,811      13            1305,187 
 1591,811      13            1305,89 
 1591,811      13            1306,547 
 1591,811      13            1307,203 
 1591,811      13            1307,906 
 1591,811      13            1308,531 
 1591,811      13            1309,187 
 1591,811      13            1309,875 
 1591,811      13            1310,547 
 1591,811      13            1311,312 
 1591,811      13            1311,984 
 1591,811      13            1312,625 
 1591,811      13            1313,406 
 1591,811      13            1314,109 
 1591,811      13            1314,75 
 1591,811      13            1315,468 
 1591,811      13            1316,093 
 1591,811      13            1316,75 
 1591,811      13            1317,422 
 1591,811      13            1318,109 
 1591,811      13            1318,812 
 1591,811      13            1319,453 
 1591,811      13            1320,265 
 1591,811      13            1321 
 1591,811      13            1321,656 
 1591,811      13            1322,375 
 1591,811      13            1323,015 
 1591,811      13            1323,672 
 1591,811      13            1324,453 
 1591,811      13            1325,078 
 1591,811      13            1325,875 
 1591,811      13            1326,562 
 1591,811      13            1327,203 
 1591,811      13            1328 
 1591,811      13            1328,718 
 1591,811      13            1329,359 
 1591,811      13            1330,14 
 1591,811      13            1330,75 
 1591,811      13            1331,468 
 1591,811      13            1332,234 
 1591,811      13            1332,859 
 1591,811      13            1333,593 
 1591,811      13            1334,234 
 1591,811      13            1334,906 
 1585,146      13            1335,734 
 1585,146      13            1336,328 
 1585,146      13            1337,078 
 1585,146      13            1337,781 
 1585,146      13            1338,422 
 1585,146      13            1339,234 
 1585,146      13            1339,859 
 1585,146      13            1340,609 
 1585,146      13            1341,39 
 1585,146      13            1342 
 1585,146      13            1342,781 
 1585,146      13            1343,453 
 1585,146      13            1344,14 
 1585,146      13            1344,953 
 1585,146      13            1345,656 
 1585,146      13            1346,375 
 1585,146      13            1347,093 
 1585,146      13            1347,718 
 1585,146      13            1348,453 
 1585,146      13            1349,078 
 1585,146      13            1349,734 
 1585,146      13            1350,484 
 1585,146      13            1351,156 
 1585,146      13            1351,906 
 1585,146      13            1352,656 
 1585,146      13            1353,297 
 1585,146      13            1354,031 
 1585,146      13            1354,75 
 1585,146      13            1355,484 
 1585,146      13            1356,218 
 1585,146      13            1356,89 
 1585,146      13            1357,625 
 1585,146      13            1358,328 
 1585,146      13            1359,078 
 1585,146      13            1359,828 
 1585,146      13            1360,5 
 1585,146      13            1361,172 
 1585,146      13            1361,828 
 1585,146      13            1362,484 
 1585,146      13            1363,297 
 1585,146      13            1363,968 
 1585,146      13            1364,703 
 1585,146      13            1365,453 
 1585,146      13            1366,078 
 1585,146      13            1366,828 
 1585,146      13            1367,5 
 1585,146      13            1368,109 
 1585,146      13            1368,812 
 1585,146      13            1369,437 
 1585,146      13            1370,125 
 1585,146      13            1370,843 
 1585,146      13            1371,468 
 1585,146      13            1372,25 
 1585,146      13            1372,984 
 1585,146      13            1373,64 
 1585,146      13            1374,547 
 1585,146      13            1375,203 
 1585,146      13            1375,812 
 1585,146      13            1376,515 
 1585,146      13            1377,156 
 1585,146      13            1377,922 
 1585,146      13            1378,562 
 1585,146      13            1379,265 
 1585,146      13            1380,062 
 1585,146      13            1380,687 
 1585,146      13            1381,422 
 1585,146      13            1382,187 
 1585,146      13            1382,812 
 1585,146      13            1383,484 
 1585,146      13            1384,172 
 1585,146      13            1384,828 
 1585,146      13            1385,562 
 1585,146      13            1386,172 
 1585,146      13            1386,828 
 1585,146      13            1387,609 
 1585,146      13            1388,234 
 1585,146      13            1388,922 
 1585,146      13            1389,656 
 1585,146      13            1390,312 
 1585,146      13            1391,14 
 1585,146      13            1391,765 
 1585,146      13            1392,453 
 1585,146      13            1393,14 
 1585,146      13            1393,765 
 1585,146      13            1394,406 
 1585,146      13            1395,078 
 1585,146      13            1395,75 
 1585,146      13            1396,453 
 1585,146      13            1397,093 
 1585,146      13            1397,734 
 1585,146      13            1398,406 
 1585,146      13            1399,062 
 1585,146      13            1399,734 
 1585,146      13            1400,515 
 1585,146      13            1401,14 
 1585,146      13            1401,812 
 1585,146      13            1402,531 
 1585,146      13            1403,172 
 1585,146      13            1403,968 
 1585,146      13            1404,656 
 1585,146      13            1405,406 
 1585,146      13            1406,14 
 1585,146      13            1406,797 
 1585,146      13            1407,578 
 1585,146      13            1408,187 
 1585,146      13            1408,875 
 1585,146      13            1409,531 
 1585,146      13            1410,218 
 1585,146      13            1410,906 
 1585,146      13            1411,656 
 1585,146      13            1412,297 
 1585,146      13            1413,062 
 1585,146      13            1413,781 
 1585,146      13            1414,484 
 1585,146      13            1415,281 
 1585,146      13            1415,937 
 1585,146      13            1416,797 
 1585,146      13            1417,531 
 1585,146      13            1418,234 
 1585,146      13            1419 
 1585,146      13            1419,672 
 1585,146      13            1420,453 
 1585,146      13            1421,125 
 1585,146      13            1421,797 
 1585,146      13            1422,609 
 1585,146      13            1423,281 
 1585,146      13            1423,968 
 1585,146      13            1424,672 
 1585,146      13            1425,359 
 1585,146      13            1426,062 
 1585,146      13            1426,75 
 1585,146      13            1427,5 
 1585,146      13            1428,234 
 1585,146      13            1428,859 
 1585,146      13            1429,609 
 1585,146      13            1430,297 
 1585,146      13            1430,984 
 1585,146      13            1431,797 
 1585,146      13            1432,422 
 1585,146      13            1433,172 
 1585,146      13            1433,859 
 1585,146      13            1434,578 
 1585,146      13            1435,281 
 1585,146      13            1435,937 
 1585,146      13            1436,672 
 1585,146      13            1437,312 
 1585,146      13            1437,953 
 1585,146      13            1438,609 
 1585,146      13            1439,297 
 1585,146      13            1439,984 
 1585,146      13            1440,625 
 1585,146      13            1441,312 
 1585,146      13            1441,984 
 1585,146      13            1442,656 
 1585,146      13            1443,297 
 1585,146      13            1444 
 1585,146      13            1444,718 
 1585,146      13            1445,328 
 1585,146      13            1446 
 1585,146      13            1446,75 
 1585,146      13            1447,453 
 1585,146      13            1448,265 
 1585,146      13            1448,937 
 1585,146      13            1449,703 
 1585,146      13            1450,422 
 1585,146      13            1451,047 
 1585,146      13            1451,922 
 1585,146      13            1452,625 
 1585,146      13            1453,359 
 1585,146      13            1454,125 
 1585,146      13            1454,75 
 1585,146      13            1455,578 
 1585,146      13            1456,25 
 1585,146      13            1456,937 
 1585,146      13            1457,64 
 1585,146      13            1458,297 
 1585,146      13            1458,968 
 1585,146      13            1459,656 
 1583,53       13            1460,25 
 1583,53       13            1461,078 
 1583,53       13            1461,734 
 1583,53       13            1462,406 
 1583,53       13            1463,172 
 1583,53       13            1463,875 
 1583,53       13            1464,593 
 1583,53       13            1465,265 
 1583,53       13            1465,922 
 1583,53       13            1466,578 
 1583,53       13            1467,187 
 1583,53       13            1467,906 
 1583,53       13            1468,64 
 1583,53       13            1469,265 
 1583,53       13            1469,984 
 1583,53       13            1470,687 
 1583,53       13            1471,328 
 1583,53       13            1472,078 
 1583,53       13            1472,843 
 1583,53       13            1473,547 
 1583,53       13            1474,297 
 1583,53       13            1474,968 
 1583,53       13            1475,64 
 1583,53       13            1476,281 
 1583,53       13            1476,937 
 1583,53       13            1477,734 
 1583,53       13            1478,468 
 1583,53       13            1479,172 
 1583,53       13            1479,812 
 1583,53       13            1480,453 
 1583,53       13            1481,281 
 1583,53       13            1481,922 
 1583,53       13            1482,562 
 1583,53       13            1483,25 
 1583,53       13            1483,922 
 1583,53       13            1484,531 
 1583,53       13            1485,281 
 1583,53       13            1485,922 
 1583,53       13            1486,609 
 1583,53       13            1487,453 
 1583,53       13            1488,078 
 1583,53       13            1488,937 
 1583,53       13            1489,593 
 1583,53       13            1490,328 
 1583,53       13            1491,078 
 1583,53       13            1491,703 
 1583,53       13            1492,531 
 1583,53       13            1493,187 
 1583,53       13            1493,875 
 1583,53       13            1494,578 
 1583,53       13            1495,203 
 1583,53       13            1495,922 
 1583,53       13            1496,703 
 1583,53       13            1497,312 
 1583,53       13            1498,172 
 1583,53       13            1498,828 
 1583,53       13            1499,547 
 1583,53       13            1500,328 
 1583,53       13            1500,984 
 1583,53       13            1501,687 
 1583,53       13            1502,375 
 1583,53       13            1503,062 
 1583,53       13            1503,781 
 1583,53       13            1504,39 
 1583,53       13            1505,047 
 1583,53       13            1505,937 
 1583,53       13            1506,578 
 1583,53       13            1507,39 
 1583,53       13            1508,093 
 1583,53       13            1508,797 
 1583,53       13            1509,562 
 1583,53       13            1510,218 
 1583,53       13            1510,968 
 1583,53       13            1511,703 
 1583,53       13            1512,328 
 1583,53       13            1513,093 
 1583,53       13            1513,75 
 1583,53       13            1514,484 
 1583,53       13            1515,25 
 1583,53       13            1515,906 
 1583,53       13            1516,64 
 1583,53       13            1517,328 
 1583,53       13            1518 
 1583,53       13            1518,734 
 1583,53       13            1519,406 
 1583,53       13            1520,203 
 1583,53       13            1520,875 
 1583,53       13            1521,547 
 1583,53       13            1522,343 
 1583,53       13            1522,968 
 1583,53       13            1523,718 
 1583,53       13            1524,468 
 1583,53       13            1525,093 
 1583,53       13            1525,906 
 1583,53       13            1526,609 
 1583,53       13            1527,312 
 1583,53       13            1528,156 
 1583,53       13            1528,828 
 1583,53       13            1529,781 
 1583,53       13            1530,422 
 1583,53       13            1531,187 
 1583,53       13            1531,922 
 1583,53       13            1532,547 
 1583,53       13            1533,203 
 1583,53       13            1533,89 
 1583,53       13            1534,531 
 1583,53       13            1535,343 
 1583,53       13            1536 
 1583,53       13            1536,656 
 1583,53       13            1537,39 
 1583,53       13            1538,078 
 1583,53       13            1538,859 
 1583,53       13            1539,531 
 1583,53       13            1540,234 
 1583,53       13            1541,015 
 1583,53       13            1541,672 
 1583,53       13            1542,437 
 1583,53       13            1543,172 
 1583,53       13            1543,828 
 1583,53       13            1544,562 
 1583,53       13            1545,265 
 1583,53       13            1545,984 
 1583,53       13            1546,687 
 1583,53       13            1547,375 
 1583,53       13            1548,203 
 1583,53       13            1548,89 
 1583,53       13            1549,609 
 1583,53       13            1550,406 
 1583,53       13            1551,093 
 1583,53       13            1551,797 
 1583,53       13            1552,453 
 1583,53       13            1553,203 
 1583,53       13            1554,047 
 1583,53       13            1554,656 
 1583,53       13            1555,312 
 1583,53       13            1556,062 
 1583,53       13            1556,734 
 1583,53       13            1557,5 
 1583,53       13            1558,172 
 1583,53       13            1558,906 
 1583,53       13            1559,687 
 1583,53       13            1560,328 
 1583,53       13            1561,218 
 1583,53       13            1561,906 
 1583,53       13            1562,625 
 1583,53       13            1563,406 
 1583,53       13            1564,14 
 1583,53       13            1564,89 
 1583,53       13            1565,609 
 1583,53       13            1566,359 
 1583,53       13            1567,14 
 1583,53       13            1567,765 
 1583,53       13            1568,484 
 1583,53       13            1569,14 
 1583,53       13            1569,828 
 1583,53       13            1570,562 
 1583,53       13            1571,265 
 1583,53       13            1571,922 
 1583,53       13            1572,64 
 1583,53       13            1573,281 
 1583,53       13            1573,984 
 1583,53       13            1574,703 
 1583,53       13            1575,375 
 1583,53       13            1576,172 
 1583,53       13            1576,828 
 1583,53       13            1577,609 
 1583,53       13            1578,343 
 1583,53       13            1579,047 
 1583,53       13            1579,828 
 1583,53       13            1580,5 
 1583,53       13            1581,265 
 1583,53       13            1581,968 
 1583,53       13            1582,593 
 1583,53       13            1583,359 
 1583,53       13            1584,078 
 1583,53       13            1584,734 
 1583,53       13            1585,625 
 1583,53       13            1586,281 
 1583,53       13            1586,984 
 1583,53       13            1587,687 
 1583,53       13            1588,328 
 1583,53       13            1589,109 
 1583,53       13            1589,797 
 1583,53       13            1590,531 
 1583,53       13            1591,343 
 1583,53       13            1592,031 
 1583,53       13            1592,718 
 1583,53       13            1593,422 
 1583,53       13            1594,14 
 1583,53       13            1594,859 
 1583,53       13            1595,531 
 1583,53       13            1596,297 
 1583,53       13            1597,047 
 1583,53       13            1597,734 
 1583,53       13            1598,531 
 1583,53       13            1599,14 
 1583,53       13            1599,89 
 1583,53       13            1600,625 
 1583,53       13            1601,297 
 1583,53       13            1602,062 
 1583,53       13            1602,687 
 1583,53       13            1603,359 
 1583,53       13            1604,14 
 1583,53       13            1604,797 
 1583,53       13            1605,609 
 1583,53       13            1606,25 
 1583,53       13            1606,906 
 1583,53       13            1607,562 
 1583,53       13            1608,203 
 1583,53       13            1608,828 
 1583,53       13            1609,625 
 1583,53       13            1610,25 
 1583,53       13            1610,953 
 1583,53       13            1611,609 
 1583,53       13            1612,312 
 1583,53       13            1613,062 
 1583,53       13            1613,734 
 1583,53       13            1614,453 
 1583,53       13            1615,109 
 1583,53       13            1615,75 
 1583,53       13            1616,484 
 1583,53       13            1617,125 
 1583,53       13            1617,781 
 1583,53       13            1618,515 
 1583,53       13            1619,203 
 1583,53       13            1619,859 
 1583,53       13            1620,687 
 1583,53       13            1621,343 
 1583,53       13            1622,109 
 1583,53       13            1622,828 
 1583,53       13            1623,437 
 1583,53       13            1624,109 
 1583,53       13            1624,703 
 1583,53       13            1625,343 
 1583,53       13            1626,015 
 1583,53       13            1626,609 
 1583,53       13            1627,312 
 1583,53       13            1627,984 
 1583,53       13            1628,593 
 1583,53       13            1629,265 
 1583,53       13            1630 
 1583,53       13            1630,64 
 1583,53       13            1631,422 
 1583,53       13            1632,031 
 1583,53       13            1632,672 
 1583,53       13            1633,312 
 1583,53       13            1633,968 
 1583,53       13            1634,64 
 1583,53       13            1635,406 
 1583,53       13            1636,031 
 1583,53       13            1636,75 
 1583,53       13            1637,406 
 1583,53       13            1638,078 
 1583,53       13            1638,843 
 1583,53       13            1639,531 
 1583,53       13            1640,172 
 1583,53       13            1640,984 
 1583,53       13            1641,687 
 1583,53       13            1642,531 
 1583,53       13            1643,218 
 1583,53       13            1643,922 
 1583,53       13            1644,656 
 1583,53       13            1645,312 
 1583,53       13            1646,078 
 1583,53       13            1646,765 
 1583,53       13            1647,453 
 1583,53       13            1648,187 
 1583,53       13            1648,843 
 1583,53       13            1649,578 
 1583,53       13            1650,312 
 1583,53       13            1650,984 
 1583,53       13            1651,718 
 1583,53       13            1652,453 
 1583,53       13            1653,14 
 1583,53       13            1653,828 
 1583,53       13            1654,468 
 1583,53       13            1655,297 
 1583,53       13            1655,968 
 1583,53       13            1656,656 
 1583,53       13            1657,437 
 1583,53       13            1658,093 
 1583,53       13            1658,843 
 1583,53       13            1659,672 
 1583,53       13            1660,39 
 1583,53       13            1661,218 
 1583,53       13            1661,89 
 1583,53       13            1662,656 
 1583,53       13            1663,39 
 1583,53       13            1664,109 
 1583,53       13            1664,937 
 1583,53       13            1665,578 
 1583,53       13            1666,39 
 1583,53       13            1667,047 
 1583,53       13            1667,734 
 1583,53       13            1668,547 
 1583,53       13            1669,14 
 1583,53       13            1669,984 
 1583,53       13            1670,656 
 1583,53       13            1671,343 
 1583,53       13            1672,078 
 1583,53       13            1672,734 
 1583,53       13            1673,453 
 1583,53       13            1674,125 
 1583,53       13            1674,734 
 1583,53       13            1675,578 
 1583,53       13            1676,234 
 1583,53       13            1676,875 
 1583,53       13            1677,656 
 1583,53       13            1678,297 
 1583,53       13            1679,062 
 1583,53       13            1679,765 
 1583,53       13            1680,406 
 1583,53       13            1681,328 
 1583,53       13            1681,968 
 1583,53       13            1682,656 
 1583,53       13            1683,312 
 1583,53       13            1683,953 
 1583,53       13            1684,672 
 1583,53       13            1685,359 
 1583,53       13            1686,031 
 1583,53       13            1686,75 
 1583,53       13            1687,375 
 1583,53       13            1688,031 
 1583,53       13            1688,734 
 1583,53       13            1689,406 
 1583,53       13            1690,047 
 1583,53       13            1690,765 
 1583,53       13            1691,406 
 1583,53       13            1692,172 
 1583,53       13            1692,828 
 1583,53       13            1693,468 
 1583,53       13            1694,109 
 1583,53       13            1694,75 
 1583,53       13            1695,453 
 1583,53       13            1696,265 
 1583,53       13            1696,922 
 1583,53       13            1697,718 
 1583,53       13            1698,406 
 1583,53       13            1699,14 
 1583,53       13            1699,812 
 1583,53       13            1700,562 
 1583,53       13            1701,281 
 1583,53       13            1701,953 
 1583,53       13            1702,593 
 1583,53       13            1703,39 
 1583,53       13            1704,031 
 1583,53       13            1704,703 
 1583,53       13            1705,406 
 1583,53       13            1706,047 
 1583,53       13            1706,781 
 1583,53       13            1707,5 
 1583,53       13            1708,14 
 1583,53       13            1708,859 
 1583,53       13            1709,609 
 1583,53       13            1710,312 
 1583,53       13            1711,015 
 1583,53       13            1711,656 
 1583,53       13            1712,312 
 1583,53       13            1712,968 
 1583,53       13            1713,656 
 1583,53       13            1714,328 
 1583,53       13            1714,953 
 1583,53       13            1715,593 
 1583,53       13            1716,203 
 1583,53       13            1716,843 
 1583,53       13            1717,468 
 1583,53       13            1718,156 
 1583,53       13            1718,781 
 1583,53       13            1719,406 
 1583,53       13            1720,047 
 1583,53       13            1720,687 
 1583,53       13            1721,312 
 1583,53       13            1721,968 
 1583,53       13            1722,609 
 1583,53       13            1723,265 
 1583,53       13            1723,906 
 1583,53       13            1724,562 
 1583,53       13            1725,218 
 1583,53       13            1725,937 
 1583,53       13            1726,593 
 1583,53       13            1727,359 
 1583,53       13            1728,031 
 1583,53       13            1728,672 
 1583,53       13            1729,484 
 1583,53       13            1730,109 
 1583,53       13            1730,922 
 1583,53       13            1731,593 
 1583,53       13            1732,265 
 1583,53       13            1733,047 
 1583,53       13            1733,718 
 1583,53       13            1734,437 
 1583,53       13            1735,187 
 1583,53       13            1735,797 
 1583,53       13            1736,468 
 1583,53       13            1737,172 
 1583,53       13            1737,828 
 1583,53       13            1738,562 
 1583,53       13            1739,234 
 1583,53       13            1739,968 
 1583,53       13            1740,734 
 1583,53       13            1741,422 
 1583,53       13            1742,203 
 1583,53       13            1742,875 
 1583,53       13            1743,593 
 1583,53       13            1744,265 
 1583,53       13            1744,906 
 1583,53       13            1745,672 
 1583,53       13            1746,375 
 1583,53       13            1747,062 
 1583,53       13            1747,781 
 1583,53       13            1748,453 
 1583,53       13            1749,172 
 1583,53       13            1749,922 
 1583,53       13            1750,562 
 1583,53       13            1751,297 
 1583,53       13            1751,968 
 1583,53       13            1752,578 
 1583,53       13            1753,359 
 1583,53       13            1754 
 1583,53       13            1754,656 
 1583,53       13            1755,406 
 1583,53       13            1756,031 
 1583,53       13            1756,718 
 1583,53       13            1757,484 
 1583,53       13            1758,156 
 1583,53       13            1758,984 
 1583,53       13            1759,656 
 1583,53       13            1760,375 
 1583,53       13            1761,078 
 1583,53       13            1761,718 
 1583,53       13            1762,468 
 1583,53       13            1763,14 
 1583,53       13            1763,843 
 1583,53       13            1764,656 
 1583,53       13            1765,343 
 1583,53       13            1766,047 
 1583,53       13            1766,812 
 1583,53       13            1767,422 
 1583,53       13            1768,234 
 1583,53       13            1768,922 
 1583,53       13            1769,593 
 1583,53       13            1770,39 
 1583,53       13            1771,015 
 1583,53       13            1771,843 
 1583,53       13            1772,515 
 1583,53       13            1773,172 
 1583,53       13            1773,843 
 1583,53       13            1774,5 
 1583,53       13            1775,187 
 1583,53       13            1775,906 
 1583,53       13            1776,562 
 1583,53       13            1777,297 
 1583,53       13            1778 
 1583,53       13            1778,765 
 1583,53       13            1779,5 
 1583,53       13            1780,093 
 1583,53       13            1780,859 
 1583,53       13            1781,484 
 1583,53       13            1782,156 
 1583,53       13            1782,937 
 1583,53       13            1783,609 
 1583,53       13            1784,281 
 1583,53       13            1785,109 
 1583,53       13            1785,765 
 1583,53       13            1786,625 
 1583,53       13            1787,281 
 1583,53       13            1787,906 
 1583,53       13            1788,734 
 1583,53       13            1789,422 
 1583,53       13            1790,125 
 1583,53       13            1790,859 
 1583,53       13            1791,515 
 1583,53       13            1792,172 
 1583,53       13            1792,859 
 1583,53       13            1793,547 
 1583,53       13            1794,265 
 1583,53       13            1794,89 
 1583,53       13            1795,625 
 1583,53       13            1796,359 
 1583,53       13            1797,078 
 1583,53       13            1797,703 
 1583,53       13            1798,39 
 1583,53       13            1799,047 
 1583,53       13            1799,734 
 1583,53       13            1800,359 
 1583,53       13            1801,093 
 1583,53       13            1801,812 
 1583,53       13            1802,422 
 1583,53       13            1803,25 
 1583,53       13            1803,906 
 1583,53       13            1804,64 
 1583,53       13            1805,343 
 1583,53       13            1806,015 
 1583,53       13            1806,703 
 1583,53       13            1807,406 
 1583,53       13            1808,031 
 1583,53       13            1808,734 
 1583,53       13            1809,484 
 1583,53       13            1810,125 
 1583,53       13            1810,797 
 1583,53       13            1811,422 
 1583,53       13            1812,156 
 1583,53       13            1812,812 
 1583,53       13            1813,422 
 1583,53       13            1814,109 
 1583,53       13            1814,765 
 1583,53       13            1815,39 
 1583,53       13            1816,203 
 1583,53       13            1816,906 
 1583,53       13            1817,562 
 1583,53       13            1818,297 
 1583,53       13            1818,953 
 1583,53       13            1819,656 
 1583,53       13            1820,359 
 1583,53       13            1821 
 1583,53       13            1821,687 
 1583,53       13            1822,39 
 1583,53       13            1823 
 1583,53       13            1823,703 
 1583,53       13            1824,39 
 1583,53       13            1825,078 
 1583,53       13            1825,797 
 1583,53       13            1826,437 
 1583,53       13            1827,156 
 1583,53       13            1827,859 
 1583,53       13            1828,484 
 1583,53       13            1829,187 
 1583,53       13            1829,859 
 1583,53       13            1830,547 
 1583,53       13            1831,312 
 1583,53       13            1831,968 
 1583,53       13            1832,64 
 1583,53       13            1833,281 
 1583,53       13            1833,922 
 1583,53       13            1834,703 
 1583,53       13            1835,39 
 1583,53       13            1836,109 
 1583,53       13            1836,937 
 1583,53       13            1837,562 
 1583,53       13            1838,297 
 1583,53       13            1838,953 
 1583,53       13            1839,656 
 1583,53       13            1840,437 
 1583,53       13            1841,14 
 1583,53       13            1841,797 
 1583,53       13            1842,64 
 1583,53       13            1843,281 
 1583,53       13            1844 
 1583,53       13            1844,687 
 1583,53       13            1845,343 
 1583,53       13            1846,078 
 1583,53       13            1846,718 
 1583,53       13            1847,453 
 1583,53       13            1848,156 
 1583,53       13            1848,843 
 1583,53       13            1849,547 
 1583,53       13            1850,312 
 1583,53       13            1851,031 
 1583,53       13            1851,734 
 1583,53       13            1852,343 
 1583,53       13            1853,14 
 1583,53       13            1853,859 
 1583,53       13            1854,484 
 1583,53       13            1855,343 
 1583,53       13            1856,015 
 1583,53       13            1856,687 
 1583,53       13            1857,375 
 1583,53       13            1858 
 1583,53       13            1858,797 
 1583,53       13            1859,5 
 1583,53       13            1860,234 
 1583,53       13            1861 
 1583,53       13            1861,609 
 1583,53       13            1862,328 
 1583,53       13            1863,031 
 1583,53       13            1863,703 
 1583,53       13            1864,468 
 1583,53       13            1865,125 
 1583,53       13            1865,843 
 1583,53       13            1866,562 
 1583,53       13            1867,203 
 1583,53       13            1867,937 
 1583,53       13            1868,593 
 1583,53       13            1869,203 
 1583,53       13            1869,953 
 1583,53       13            1870,656 
 1583,53       13            1871,343 
 1583,53       13            1872,062 
 1583,53       13            1872,672 
 1583,53       13            1873,343 
 1583,53       13            1874,015 
 1583,53       13            1874,687 
 1583,53       13            1875,484 
 1583,53       13            1876,093 
 1583,53       13            1876,765 
 1583,53       13            1877,547 
 1583,53       13            1878,156 
 1583,53       13            1878,937 
 1583,53       13            1879,656 
 1583,53       13            1880,281 
 1583,53       13            1880,937 
 1583,53       13            1881,656 
 1583,53       13            1882,343 
 1583,53       13            1883,078 
 1583,53       13            1883,718 
 1583,53       13            1884,531 
 1583,53       13            1885,265 
 1583,53       13            1885,859 
 1583,53       13            1886,703 
 1583,53       13            1887,343 
 1583,53       13            1888,078 
 1583,53       13            1888,812 
 1583,53       13            1889,515 
 1583,53       13            1890,359 
 1583,53       13            1891 
 1583,53       13            1891,687 
 1583,53       13            1892,406 
 1583,53       13            1893,047 
 1583,53       13            1893,687 
 1583,53       13            1894,312 
 1583,53       13            1894,968 
 1583,53       13            1895,734 
 1583,53       13            1896,375 
 1583,53       13            1897,109 
 1583,53       13            1897,781 
 1583,53       13            1898,406 
 1583,53       13            1899,187 
 1583,53       13            1899,859 
 1583,53       13            1900,484 
 1583,53       13            1901,172 
 1583,53       13            1901,859 
 1583,53       13            1902,515 
 1583,53       13            1903,203 
 1583,53       13            1903,812 
 1583,53       13            1904,531 
 1583,53       13            1905,297 
 1583,53       13            1905,953 
 1583,53       13            1906,734 
 1583,53       13            1907,359 
 1583,53       13            1908,062 
 1583,53       13            1908,781 
 1583,53       13            1909,437 
 1583,53       13            1910,172 
 1583,53       13            1910,89 
 1583,53       13            1911,547 
 1583,53       13            1912,234 
 1583,53       13            1912,953 
 1583,53       13            1913,593 
 1583,53       13            1914,359 
 1583,53       13            1915,031 
 1583,53       13            1915,843 
 1583,53       13            1916,531 
 1583,53       13            1917,187 
 1583,53       13            1918 
 1583,53       13            1918,672 
 1583,53       13            1919,39 
 1583,53       13            1920,078 
 1583,53       13            1920,687 
 1583,53       13            1921,359 
 1583,53       13            1922,031 
 1583,53       13            1922,703 
 1583,53       13            1923,328 
 1583,53       13            1923,968 
 1583,53       13            1924,656 
 1583,53       13            1925,437 
 1583,53       13            1926,078 
 1583,53       13            1926,734 
 1583,53       13            1927,359 
 1583,53       13            1928,047 
 1583,53       13            1928,687 
 1583,53       13            1929,343 
 1583,53       13            1929,984 
 1583,53       13            1930,609 
 1583,53       13            1931,234 
 1583,53       13            1931,859 
 1583,53       13            1932,515 
 1583,53       13            1933,156 
 1583,53       13            1933,781 
 1583,53       13            1934,422 
 1583,53       13            1935,047 
 1583,53       13            1935,687 
 1583,53       13            1936,39 
 1583,53       13            1937,031 
 1583,53       13            1937,672 
 1583,53       13            1938,359 
 1583,53       13            1939,015 
 1583,53       13            1939,625 
 1583,53       13            1940,312 
 1583,53       13            1940,968 
 1583,53       13            1941,609 
 1583,53       13            1942,281 
 1583,53       13            1942,922 
 1583,53       13            1943,547 
 1583,53       13            1944,187 
 1583,53       13            1944,843 
 1583,53       13            1945,468 
 1583,53       13            1946,156 
 1583,53       13            1946,843 
 1583,53       13            1947,484 
 1583,53       13            1948,14 
 1583,53       13            1948,781 
 1583,53       13            1949,437 
 1583,53       13            1950,125 
 1583,53       13            1950,781 
 1583,53       13            1951,422 
 1583,53       13            1952,047 
 1583,53       13            1952,687 
 1583,53       13            1953,343 
 1583,53       13            1954,031 
 1583,53       13            1954,672 
 1583,53       13            1955,343 
 1583,53       13            1956,031 
 1583,53       13            1956,64 
 1583,53       13            1957,312 
 1583,53       13            1958,015 
 1583,53       13            1958,64 
 1583,53       13            1959,25 
 1583,53       13            1959,968 
 1583,53       13            1960,625 
 1583,53       13            1961,25 
 1583,53       13            1961,906 
 1583,53       13            1962,578 
 1583,53       13            1963,218 
 1583,53       13            1963,875 
 1583,53       13            1964,5 
 1583,53       13            1965,14 
 1583,53       13            1965,797 
 1583,53       13            1966,422 
 1583,53       13            1967,109 
 1583,53       13            1967,734 
 1583,53       13            1968,359 
 1583,53       13            1969,015 
 1583,53       13            1969,625 
 1583,53       13            1970,25 
 1583,53       13            1970,859 
 1583,53       13            1971,453 
 1583,53       13            1972,093 
 1583,53       13            1972,734 
 1583,53       13            1973,422 
 1583,53       13            1974,047 
 1583,53       13            1974,64 
 1583,53       13            1975,265 
 1583,53       13            1975,922 
 1583,53       13            1976,531 
 1583,53       13            1977,156 
 1583,53       13            1977,797 
 1583,53       13            1978,422 
 1583,53       13            1979,031 
 1583,53       13            1979,703 
 1583,53       13            1980,312 
 1583,53       13            1981,047 
 1583,53       13            1981,687 
 1583,53       13            1982,375 
 1583,53       13            1983,031 
 1583,53       13            1983,703 
 1583,53       13            1984,343 
 1583,53       13            1984,984 
 1583,53       13            1985,656 
 1583,53       13            1986,312 
 1583,53       13            1986,968 
 1583,53       13            1987,578 
 1583,53       13            1988,203 
 1583,53       13            1988,843 
 1583,53       13            1989,453 
 1583,53       13            1990,109 
 1583,53       13            1990,734 
 1583,53       13            1991,359 
 1583,53       13            1992 
 1583,53       13            1992,656 
 1583,53       13            1993,328 
 1583,53       13            1993,984 
 1583,53       13            1994,609 
 1583,53       13            1995,265 
 1583,53       13            1995,906 
 1583,53       13            1996,531 
 1583,53       13            1997,156 
 1583,53       13            1997,797 
 1583,53       13            1998,406 
 1583,53       13            1999,047 
 1583,53       13            1999,718 
 1583,53       13            2000,343 
 1583,53       13            2000,953 
 1583,53       13            2001,625 
 1583,53       13            2002,25 
 1583,53       13            2002,89 
 1583,53       13            2003,547 
 1583,53       13            2004,187 
 1583,53       13            2004,828 
 1583,53       13            2005,468 
 1583,53       13            2006,062 
 1583,53       13            2006,687 
 1583,53       13            2007,281 
 1583,53       13            2007,937 
 1583,53       13            2008,578 
 1583,53       13            2009,187 
 1583,53       13            2009,828 
 1583,53       13            2010,5 
 1583,53       13            2011,125 
 1583,53       13            2011,765 
 1583,53       13            2012,422 
 1583,53       13            2013,062 
 1583,53       13            2013,687 
 1583,53       13            2014,343 
 1583,53       13            2014,968 
 1583,53       13            2015,593 
 1583,53       13            2016,203 
 1583,53       13            2016,828 
 1583,53       13            2017,468 
 1583,53       13            2018,078 
 1583,53       13            2018,734 
 1583,53       13            2019,39 
 1583,53       13            2020 
 1583,53       13            2020,656 
 1583,53       13            2021,281 
 1583,53       13            2021,875 
 1583,53       13            2022,5 
 1583,53       13            2023,109 
 1583,53       13            2023,734 
 1583,53       13            2024,39 
 1583,53       13            2025,031 
 1583,53       13            2025,687 
 1583,53       13            2026,281 
 1583,53       13            2026,922 
 1583,53       13            2027,531 
 1583,53       13            2028,187 
 1583,53       13            2028,875 
 1583,53       13            2029,531 
 1583,53       13            2030,14 
 1583,53       13            2030,781 
 1583,53       13            2031,422 
 1583,53       13            2032,047 
 1583,53       13            2032,656 
 1583,53       13            2033,312 
 1583,53       13            2033,953 
 1583,53       13            2034,562 
 1583,53       13            2035,172 
 1583,53       13            2035,781 
 1583,53       13            2036,39 
 1583,53       13            2037,031 
 1583,53       13            2037,64 
 1583,53       13            2038,265 
 1583,53       13            2038,906 
 1583,53       13            2039,547 
 1583,53       13            2040,172 
 1583,53       13            2040,797 
 1583,53       13            2041,453 
 1583,53       13            2042,093 
 1583,53       13            2042,718 
 1583,53       13            2043,375 
 1583,53       13            2044,015 
 1583,53       13            2044,703 
 1583,53       13            2045,312 
 1583,53       13            2045,968 
 1583,53       13            2046,609 
 1583,53       13            2047,234 
 1583,53       13            2047,89 
 1583,53       13            2048,531 
 1583,53       13            2049,234 
 1583,53       13            2049,859 
 1583,53       13            2050,5 
 1583,53       13            2051,172 
 1583,53       13            2051,797 
 1583,53       13            2052,437 
 1583,53       13            2053,062 
 1583,53       13            2053,718 
 1583,53       13            2054,328 
 1583,53       13            2055 
 1583,53       13            2055,672 
 1583,53       13            2056,312 
 1583,53       13            2056,968 
 1583,53       13            2057,578 
 1583,53       13            2058,25 
 1583,53       13            2058,906 
 1583,53       13            2059,515 
 1583,53       13            2060,203 
 1583,53       13            2060,859 
 1583,53       13            2061,484 
 1583,53       13            2062,125 
 1583,53       13            2062,734 
 1583,53       13            2063,39 
 1583,53       13            2064,047 
 1583,53       13            2064,687 
 1583,53       13            2065,312 
 1583,53       13            2065,937 
 1583,53       13            2066,562 
 1583,53       13            2067,187 
 1583,53       13            2067,828 
 1583,53       13            2068,437 
 1583,53       13            2069,078 
 1583,53       13            2069,672 
 1583,53       13            2070,343 
 1583,53       13            2070,968 
 1583,53       13            2071,625 
 1583,53       13            2072,281 
 1583,53       13            2072,906 
 1583,53       13            2073,515 
 1583,53       13            2074,14 
 1583,53       13            2074,797 
 1583,53       13            2075,422 
 1583,53       13            2076,093 
 1583,53       13            2076,687 
 1583,53       13            2077,297 
 1583,53       13            2077,937 
 1583,53       13            2078,562 
 1583,53       13            2079,218 
 1583,53       13            2079,859 
 1583,53       13            2080,5 
 1583,53       13            2081,125 
 1583,53       13            2081,75 
 1583,53       13            2082,375 
 1583,53       13            2083,031 
 1583,53       13            2083,672 
 1583,53       13            2084,297 
 1583,53       13            2084,953 
 1583,53       13            2085,609 
 1583,53       13            2086,281 
 1583,53       13            2086,937 
 1583,53       13            2087,562 
 1583,53       13            2088,234 
 1583,53       13            2088,859 
 1583,53       13            2089,468 
 1583,53       13            2090,093 
 1583,53       13            2090,718 
 1583,53       13            2091,343 
 1583,53       13            2092 
 1583,53       13            2092,64 
 1583,53       13            2093,265 
 1583,53       13            2093,906 
 1583,53       13            2094,578 
 1583,53       13            2095,203 
 1583,53       13            2095,843 
 1583,53       13            2096,484 
 1583,53       13            2097,14 
 1583,53       13            2097,781 
 1583,53       13            2098,437 
 1583,53       13            2099,062 
 1583,53       13            2099,75 
 1583,53       13            2100,375 
 1583,53       13            2101,109 
 1583,53       13            2101,765 
 1583,53       13            2102,422 
 1583,53       13            2103,078 
 1583,53       13            2103,672 
 1583,53       13            2104,343 
 1583,53       13            2104,984 
 1583,53       13            2105,625 
 1583,53       13            2106,281 
 1583,53       13            2106,953 
 1583,53       13            2107,593 
 1583,53       13            2108,234 
 1583,53       13            2108,906 
 1583,53       13            2109,531 
 1583,53       13            2110,203 
 1583,53       13            2110,89 
 1583,53       13            2111,515 
 1583,53       13            2112,14 
 1583,53       13            2112,781 
 1583,53       13            2113,437 
 1583,53       13            2114,062 
 1583,53       13            2114,687 
 1583,53       13            2115,297 
 1583,53       13            2115,937 
 1583,53       13            2116,609 
 1583,53       13            2117,234 
 1583,53       13            2117,89 
 1583,53       13            2118,531 
 1583,53       13            2119,156 
 1583,53       13            2119,828 
 1583,53       13            2120,484 
 1583,53       13            2121,14 
 1583,53       13            2121,828 
 1583,53       13            2122,453 
 1583,53       13            2123,078 
 1583,53       13            2123,718 
 1583,53       13            2124,375 
 1583,53       13            2125,047 
 1583,53       13            2125,703 
 1583,53       13            2126,39 
 1583,53       13            2127,031 
 1583,53       13            2127,672 
 1583,53       13            2128,328 
 1583,53       13            2128,937 
 1583,53       13            2129,547 
 1583,53       13            2130,187 
 1583,53       13            2130,89 
 1583,53       13            2131,5 
 1583,53       13            2132,172 
 1583,53       13            2132,797 
 1583,53       13            2133,422 
 1583,53       13            2134,031 
 1583,53       13            2134,672 
 1583,53       13            2135,328 
 1583,53       13            2135,968 
 1583,53       13            2136,578 
 1583,53       13            2137,218 
 1583,53       13            2137,875 
 1583,53       13            2138,515 
 1583,53       13            2139,109 
 1583,53       13            2139,718 
 1583,53       13            2140,343 
 1583,53       13            2141,015 
