Iteraciones:   2512 

Costo         Vehículos     Tiempo [seg]
 927,939       10            0,545 
 927,939       10            0,936 
 927,939       10            1,327 
 916,335       10            1,983 
 898,888       10            3,045 
 867,346       10            3,874 
 867,346       10            4,686 
 867,346       10            5,452 
 867,346       10            6,28 
 867,346       10            7,092 
 866,146       10            7,889 
 866,146       10            8,702 
 866,146       10            9,467 
 866,146       10            10,28 
 866,146       10            11,108 
 866,146       10            11,858 
 866,146       10            12,655 
 859,222       10            13,467 
 859,222       10            14,28 
 854,297       10            15,092 
 854,297       10            15,858 
 854,297       10            16,655 
 854,297       10            17,42 
 854,297       10            18,217 
 854,297       10            19,03 
 854,297       10            19,795 
 854,297       10            20,608 
 854,297       10            21,405 
 854,297       10            22,17 
 854,297       10            22,967 
 854,297       10            23,733 
 854,297       10            24,545 
 853,716       10            25,342 
 848,16        10            26,108 
 848,16        10            26,967 
 848,16        10            27,717 
 848,16        10            28,53 
 848,16        10            29,295 
 848,16        10            30,092 
 848,16        10            30,905 
 848,16        10            31,67 
 848,16        10            32,467 
 848,16        10            33,28 
 848,16        10            34,03 
 848,16        10            34,858 
 848,16        10            35,655 
 847,856       10            36,467 
 847,856       10            37,233 
 847,856       10            37,983 
 847,856       10            38,78 
 847,856       10            39,608 
 847,856       10            40,42 
 847,856       10            41,217 
 847,856       10            41,983 
 847,856       10            42,78 
 847,856       10            43,592 
 847,856       10            44,358 
 847,856       10            45,217 
 847,856       10            46,03 
 847,856       10            46,795 
 847,856       10            47,592 
 847,856       10            48,342 
 847,856       10            49,155 
 847,856       10            49,92 
 847,856       10            50,717 
 847,856       10            51,483 
 847,856       10            52,295 
 847,856       10            53,092 
 847,856       10            53,842 
 847,856       10            54,655 
 846,21        10            55,42 
 846,21        10            56,186 
 846,21        10            56,983 
 846,21        10            57,749 
 846,21        10            58,561 
 846,21        10            59,358 
 846,21        10            60,108 
 846,21        10            60,936 
 846,21        10            61,764 
 846,21        10            62,561 
 846,21        10            63,374 
 846,21        10            64,139 
 846,21        10            65,014 
 846,21        10            65,827 
 846,21        10            66,592 
 846,21        10            67,358 
 846,21        10            68,155 
 846,21        10            68,92 
 846,21        10            69,717 
 846,21        10            70,53 
 846,21        10            71,295 
 846,21        10            72,092 
 846,21        10            72,889 
 846,21        10            73,749 
 846,21        10            74,561 
 846,21        10            75,311 
 846,21        10            76,139 
 846,21        10            76,952 
 846,21        10            77,749 
 846,21        10            78,514 
 846,21        10            79,311 
 846,21        10            80,124 
 846,21        10            80,874 
 846,21        10            81,702 
 846,21        10            82,452 
 846,21        10            83,202 
 846,21        10            84,014 
 846,21        10            84,764 
 846,21        10            85,561 
 846,21        10            86,311 
 846,21        10            87,124 
 846,21        10            87,889 
 846,21        10            88,686 
 846,21        10            89,452 
 846,21        10            90,249 
 846,21        10            91,061 
 846,21        10            91,827 
 846,21        10            92,577 
 846,21        10            93,327 
 846,21        10            94,139 
 846,21        10            94,936 
 846,21        10            95,702 
 846,21        10            96,514 
 846,21        10            97,264 
 846,21        10            98,061 
 846,21        10            98,827 
 846,21        10            99,624 
 846,21        10            100,374 
 846,21        10            101,202 
 846,21        10            101,952 
 846,21        10            102,764 
 846,21        10            103,53 
 846,21        10            104,28 
 846,21        10            105,092 
 846,21        10            105,842 
 846,21        10            106,639 
 846,21        10            107,452 
 846,21        10            108,202 
 846,21        10            108,967 
 846,21        10            109,78 
 846,21        10            110,577 
 846,21        10            111,342 
 846,21        10            112,202 
 846,21        10            112,952 
 846,21        10            113,78 
 846,21        10            114,53 
 846,21        10            115,342 
 846,21        10            116,155 
 846,21        10            116,952 
 846,21        10            117,717 
 846,21        10            118,514 
 846,21        10            119,28 
 846,21        10            120,092 
 846,21        10            120,842 
 846,21        10            121,639 
 846,21        10            122,405 
 846,21        10            123,264 
 846,21        10            124,014 
 846,21        10            124,78 
 846,21        10            125,53 
 846,21        10            126,327 
 846,21        10            127,139 
 846,21        10            127,905 
 846,21        10            128,702 
 846,21        10            129,467 
 846,21        10            130,28 
 846,21        10            131,077 
 846,21        10            131,905 
 846,21        10            132,702 
 846,21        10            133,467 
 846,21        10            134,264 
 846,21        10            135,03 
 846,21        10            135,827 
 846,21        10            136,592 
 846,21        10            137,389 
 846,21        10            138,202 
 846,21        10            138,967 
 846,21        10            139,78 
 846,21        10            140,577 
 846,21        10            141,327 
 846,21        10            142,139 
 846,21        10            142,952 
 846,21        10            143,717 
 846,21        10            144,514 
 846,21        10            145,28 
 846,21        10            146,03 
 846,21        10            146,858 
 846,21        10            147,655 
 846,21        10            148,42 
 846,21        10            149,217 
 846,21        10            149,983 
 846,21        10            150,78 
 846,21        10            151,592 
 846,21        10            152,358 
 846,21        10            153,17 
 846,21        10            153,967 
 846,21        10            154,78 
 846,21        10            155,53 
 846,21        10            156,342 
 846,21        10            157,108 
 846,21        10            157,858 
 846,21        10            158,655 
 846,21        10            159,42 
 846,21        10            160,217 
 846,21        10            160,967 
 846,21        10            161,717 
 846,21        10            162,53 
 846,21        10            163,295 
 846,21        10            164,092 
 846,21        10            164,858 
 846,21        10            165,608 
 846,21        10            166,405 
 846,21        10            167,217 
 846,21        10            168,045 
 846,21        10            168,842 
 846,21        10            169,608 
 846,21        10            170,405 
 846,21        10            171,155 
 846,21        10            171,92 
 846,21        10            172,733 
 846,21        10            173,483 
 846,21        10            174,28 
 846,21        10            175,03 
 846,21        10            175,842 
 846,21        10            176,592 
 846,21        10            177,342 
 846,21        10            178,092 
 846,21        10            178,905 
 846,21        10            179,67 
 846,21        10            180,467 
 846,21        10            181,233 
 846,21        10            182,03 
 846,21        10            182,78 
 846,21        10            183,545 
 846,21        10            184,342 
 846,21        10            185,155 
 846,21        10            185,92 
 846,21        10            186,67 
 846,21        10            187,483 
 846,21        10            188,28 
 846,21        10            189,045 
 846,21        10            189,842 
 846,21        10            190,608 
 846,21        10            191,42 
 846,21        10            192,186 
 846,21        10            192,936 
 846,21        10            193,749 
 846,21        10            194,499 
 846,21        10            195,295 
 846,21        10            196,061 
 846,21        10            196,858 
 846,21        10            197,608 
 846,21        10            198,42 
 846,21        10            199,186 
 846,21        10            199,999 
 846,21        10            200,795 
 846,21        10            201,608 
 846,21        10            202,374 
 846,21        10            203,186 
 846,21        10            203,936 
 846,21        10            204,733 
 846,21        10            205,545 
 846,21        10            206,311 
 846,21        10            207,124 
 846,21        10            207,936 
 846,21        10            208,749 
 846,21        10            209,514 
 846,21        10            210,264 
 846,21        10            211,077 
 846,21        10            211,827 
 846,21        10            212,686 
 846,21        10            213,452 
 846,21        10            214,249 
 846,21        10            215,014 
 846,21        10            215,811 
 846,21        10            216,561 
 846,21        10            217,327 
 846,21        10            218,077 
 846,21        10            218,874 
 846,21        10            219,639 
 846,21        10            220,436 
 846,21        10            221,202 
 846,21        10            222,014 
 846,21        10            222,811 
 846,21        10            223,577 
 846,21        10            224,389 
 846,21        10            225,186 
 846,21        10            225,952 
 846,21        10            226,749 
 846,21        10            227,514 
 846,21        10            228,311 
 846,21        10            229,077 
 846,21        10            229,874 
 846,21        10            230,639 
 846,21        10            231,452 
 846,21        10            232,249 
 846,21        10            233,014 
 846,21        10            233,811 
 846,21        10            234,577 
 846,21        10            235,374 
 846,21        10            236,155 
 846,21        10            236,967 
 846,21        10            237,717 
 846,21        10            238,514 
 846,21        10            239,28 
 846,21        10            240,124 
 846,21        10            240,92 
 846,21        10            241,67 
 846,21        10            242,436 
 846,21        10            243,233 
 846,21        10            243,999 
 846,21        10            244,795 
 846,21        10            245,561 
 846,21        10            246,311 
 846,21        10            247,108 
 846,21        10            247,92 
 846,21        10            248,733 
 846,21        10            249,499 
 846,21        10            250,295 
 846,21        10            251,108 
 846,21        10            251,874 
 846,21        10            252,67 
 846,21        10            253,42 
 846,21        10            254,233 
 846,21        10            255,045 
 846,21        10            255,795 
 846,21        10            256,561 
 846,21        10            257,374 
 846,21        10            258,17 
 846,21        10            258,936 
 846,21        10            259,733 
 846,21        10            260,499 
 846,21        10            261,249 
 846,21        10            262,061 
 846,21        10            262,811 
 846,21        10            263,608 
 846,21        10            264,42 
 846,21        10            265,233 
 846,21        10            265,999 
 846,21        10            266,749 
 846,21        10            267,545 
 846,21        10            268,311 
 846,21        10            269,124 
 846,21        10            269,874 
 846,21        10            270,686 
 846,21        10            271,436 
 846,21        10            272,249 
 846,21        10            273,061 
 846,21        10            273,858 
 846,21        10            274,608 
 846,21        10            275,374 
 846,21        10            276,17 
 846,21        10            276,983 
 846,21        10            277,795 
 846,21        10            278,561 
 846,21        10            279,358 
 846,21        10            280,124 
 846,21        10            280,92 
 846,21        10            281,702 
 846,21        10            282,514 
 846,21        10            283,264 
 846,21        10            284,03 
 846,21        10            284,842 
 846,21        10            285,639 
 846,21        10            286,405 
 846,21        10            287,202 
 846,21        10            288,014 
 846,21        10            288,764 
 846,21        10            289,53 
 846,21        10            290,28 
 846,21        10            291,092 
 846,21        10            291,842 
 846,21        10            292,639 
 846,21        10            293,405 
 846,21        10            294,217 
 846,21        10            294,967 
 846,21        10            295,764 
 846,21        10            296,53 
 846,21        10            297,327 
 846,21        10            298,077 
 846,21        10            298,842 
 846,21        10            299,639 
 846,21        10            300,405 
 846,21        10            301,217 
 846,21        10            302,014 
 846,21        10            302,827 
 846,21        10            303,592 
 846,21        10            304,389 
 846,21        10            305,202 
 846,21        10            305,967 
 846,21        10            306,78 
 845,723       10            307,577 
 845,723       10            308,342 
 845,723       10            309,092 
 845,723       10            309,905 
 845,723       10            310,702 
 845,723       10            311,467 
 845,723       10            312,264 
 845,723       10            313,03 
 845,723       10            313,827 
 845,723       10            314,592 
 845,723       10            315,389 
 845,723       10            316,202 
 845,723       10            316,967 
 845,723       10            317,78 
 845,723       10            318,53 
 845,723       10            319,327 
 845,723       10            320,092 
 845,723       10            320,905 
 845,723       10            321,717 
 845,723       10            322,514 
 845,723       10            323,28 
 845,723       10            324,077 
 845,723       10            324,889 
 845,723       10            325,702 
 845,723       10            326,483 
 845,723       10            327,233 
 845,723       10            328,03 
 845,723       10            328,795 
 845,723       10            329,592 
 845,723       10            330,405 
 845,723       10            331,217 
 845,723       10            331,983 
 845,723       10            332,78 
 845,723       10            333,53 
 845,723       10            334,295 
 845,723       10            335,092 
 845,723       10            335,905 
 845,723       10            336,67 
 845,723       10            337,483 
 845,723       10            338,233 
 845,723       10            339,03 
 845,723       10            339,795 
 845,723       10            340,592 
 845,723       10            341,358 
 845,723       10            342,155 
 845,723       10            342,92 
 845,723       10            343,717 
 845,723       10            344,53 
 845,723       10            345,295 
 845,723       10            346,108 
 845,723       10            346,905 
 845,723       10            347,733 
 845,723       10            348,545 
 845,723       10            349,295 
 845,723       10            350,108 
 845,185       10            350,874 
 845,185       10            351,686 
 845,185       10            352,499 
 845,185       10            353,295 
 845,185       10            354,045 
 845,185       10            354,858 
 845,185       10            355,624 
 845,185       10            356,42 
 845,185       10            357,186 
 845,185       10            358,014 
 845,185       10            358,764 
 845,185       10            359,577 
 845,185       10            360,374 
 845,185       10            361,139 
 845,185       10            361,952 
 845,185       10            362,702 
 845,185       10            363,499 
 845,185       10            364,311 
 845,185       10            365,077 
 845,185       10            365,827 
 845,185       10            366,639 
 845,185       10            367,452 
 845,185       10            368,28 
 845,185       10            369,092 
 845,185       10            369,889 
 845,185       10            370,655 
 845,185       10            371,467 
 845,185       10            372,217 
 845,185       10            372,983 
 845,185       10            373,733 
 845,185       10            374,53 
 845,185       10            375,295 
 845,185       10            376,045 
 845,185       10            376,842 
 845,185       10            377,608 
 845,185       10            378,405 
 845,185       10            379,17 
 845,185       10            379,983 
 845,185       10            380,733 
 845,185       10            381,53 
 845,185       10            382,295 
 845,185       10            383,092 
 845,185       10            383,858 
 845,185       10            384,67 
 845,185       10            385,53 
 845,185       10            386,295 
 845,185       10            387,045 
 845,185       10            387,842 
 845,185       10            388,655 
 845,185       10            389,42 
 845,185       10            390,233 
 845,185       10            391,045 
 845,185       10            391,795 
 845,185       10            392,561 
 845,185       10            393,358 
 845,185       10            394,108 
 845,185       10            394,92 
 845,185       10            395,686 
 845,185       10            396,436 
 845,185       10            397,233 
 845,185       10            397,999 
 845,185       10            398,749 
 845,185       10            399,545 
 845,185       10            400,358 
 845,185       10            401,139 
 845,185       10            401,952 
 845,185       10            402,749 
 845,185       10            403,514 
 845,185       10            404,327 
 845,185       10            405,124 
 845,185       10            405,92 
 845,185       10            406,686 
 845,185       10            407,452 
 845,185       10            408,249 
 845,185       10            409,014 
 845,185       10            409,811 
 845,185       10            410,624 
 845,185       10            411,389 
 845,185       10            412,186 
 845,185       10            412,952 
 845,185       10            413,749 
 845,185       10            414,499 
 845,185       10            415,264 
 845,185       10            416,092 
 845,185       10            416,889 
 845,185       10            417,655 
 845,185       10            418,467 
 845,185       10            419,217 
 845,185       10            419,967 
 845,185       10            420,78 
 845,185       10            421,577 
 845,185       10            422,342 
 845,185       10            423,139 
 845,185       10            423,905 
 845,185       10            424,702 
 845,185       10            425,467 
 845,185       10            426,28 
 845,185       10            427,077 
 845,185       10            427,842 
 845,185       10            428,639 
 845,185       10            429,389 
 845,185       10            430,217 
 845,185       10            431,03 
 845,185       10            431,827 
 845,185       10            432,592 
 845,185       10            433,405 
 845,185       10            434,155 
 845,185       10            434,967 
 845,185       10            435,764 
 845,185       10            436,53 
 845,185       10            437,342 
 845,185       10            438,155 
 845,185       10            438,952 
 845,185       10            439,764 
 845,185       10            440,53 
 845,185       10            441,342 
 845,185       10            442,155 
 845,185       10            442,905 
 845,185       10            443,702 
 845,185       10            444,514 
 845,185       10            445,327 
 845,185       10            446,092 
 845,185       10            446,889 
 845,185       10            447,655 
 845,185       10            448,452 
 845,185       10            449,217 
 845,185       10            450,014 
 845,185       10            450,78 
 845,185       10            451,53 
 845,185       10            452,342 
 845,185       10            453,139 
 845,185       10            453,905 
 845,03        10            454,717 
 845,03        10            455,514 
 845,03        10            456,28 
 845,03        10            457,077 
 845,03        10            457,889 
 845,03        10            458,655 
 845,03        10            459,514 
 845,03        10            460,327 
 845,03        10            461,108 
 845,03        10            461,905 
 845,03        10            462,655 
 845,03        10            463,467 
 845,03        10            464,28 
 845,03        10            465,03 
 845,03        10            465,795 
 845,03        10            466,608 
 845,03        10            467,374 
 845,03        10            468,17 
 845,03        10            468,936 
 845,03        10            469,749 
 845,03        10            470,499 
 845,03        10            471,311 
 845,03        10            472,124 
 845,03        10            472,92 
 845,03        10            473,67 
 845,03        10            474,42 
 845,03        10            475,186 
 845,03        10            476,014 
 845,03        10            476,811 
 845,03        10            477,577 
 845,03        10            478,374 
 845,03        10            479,186 
 845,03        10            479,952 
 845,03        10            480,749 
 845,03        10            481,514 
 845,03        10            482,311 
 845,03        10            483,124 
 845,03        10            483,889 
 845,03        10            484,702 
 845,03        10            485,452 
 845,03        10            486,264 
 845,03        10            487,061 
 845,03        10            487,827 
 845,03        10            488,624 
 845,03        10            489,389 
 845,03        10            490,186 
 845,03        10            490,952 
 845,03        10            491,749 
 845,03        10            492,514 
 845,03        10            493,311 
 845,03        10            494,077 
 845,03        10            494,874 
 845,03        10            495,686 
 845,03        10            496,452 
 845,03        10            497,264 
 845,03        10            498,03 
 845,03        10            498,842 
 845,03        10            499,639 
 845,03        10            500,405 
 845,03        10            501,202 
 845,03        10            502,014 
 845,03        10            502,78 
 845,03        10            503,577 
 845,03        10            504,342 
 845,03        10            505,202 
 845,03        10            506,014 
 845,03        10            506,78 
 845,03        10            507,545 
 845,03        10            508,295 
 845,03        10            509,108 
 845,03        10            509,905 
 845,03        10            510,67 
 845,03        10            511,467 
 845,03        10            512,233 
 845,03        10            512,983 
 845,03        10            513,78 
 845,03        10            514,592 
 845,03        10            515,358 
 845,03        10            516,17 
 845,03        10            516,983 
 845,03        10            517,78 
 845,03        10            518,545 
 845,03        10            519,342 
 845,03        10            520,108 
 845,03        10            520,858 
 845,03        10            521,655 
 845,03        10            522,42 
 845,03        10            523,233 
 845,03        10            524,03 
 845,03        10            524,795 
 845,03        10            525,592 
 845,03        10            526,358 
 845,03        10            527,155 
 845,03        10            527,92 
 845,03        10            528,78 
 845,03        10            529,545 
 845,03        10            530,374 
 845,03        10            531,17 
 845,03        10            531,936 
 845,03        10            532,733 
 845,03        10            533,483 
 845,03        10            534,295 
 845,03        10            535,061 
 845,03        10            535,858 
 845,03        10            536,624 
 845,03        10            537,42 
 845,03        10            538,186 
 845,03        10            538,999 
 845,03        10            539,749 
 845,03        10            540,561 
 845,03        10            541,358 
 845,03        10            542,124 
 845,03        10            542,92 
 845,03        10            543,733 
 845,03        10            544,499 
 845,03        10            545,358 
 845,03        10            546,17 
 845,03        10            546,983 
 845,03        10            547,749 
 845,03        10            548,545 
 845,03        10            549,311 
 845,03        10            550,108 
 845,03        10            550,858 
 845,03        10            551,655 
 845,03        10            552,405 
 845,03        10            553,17 
 845,03        10            553,967 
 845,03        10            554,733 
 845,03        10            555,53 
 845,03        10            556,295 
 845,03        10            557,045 
 845,03        10            557,842 
 845,03        10            558,608 
 845,03        10            559,358 
 845,03        10            560,155 
 845,03        10            560,967 
 845,03        10            561,733 
 845,03        10            562,53 
 845,03        10            563,295 
 845,03        10            564,092 
 845,03        10            564,858 
 845,03        10            565,67 
 845,03        10            566,483 
 845,03        10            567,233 
 845,03        10            568,045 
 845,03        10            568,842 
 845,03        10            569,608 
 845,03        10            570,405 
 845,03        10            571,155 
 845,03        10            571,983 
 845,03        10            572,78 
 845,03        10            573,592 
 845,03        10            574,358 
 845,03        10            575,17 
 845,03        10            576,03 
 845,03        10            576,78 
 845,03        10            577,545 
 845,03        10            578,295 
 845,03        10            579,092 
 845,03        10            579,858 
 845,03        10            580,67 
 845,03        10            581,483 
 845,03        10            582,233 
 845,03        10            583,03 
 845,03        10            583,811 
 845,03        10            584,624 
 845,03        10            585,42 
 845,03        10            586,186 
 845,03        10            586,983 
 845,03        10            587,733 
 845,03        10            588,499 
 845,03        10            589,358 
 845,03        10            590,124 
 845,03        10            590,874 
 845,03        10            591,67 
 845,03        10            592,436 
 845,03        10            593,249 
 845,03        10            594,045 
 845,03        10            594,827 
 845,03        10            595,624 
 845,03        10            596,405 
 845,03        10            597,155 
 845,03        10            597,952 
 845,03        10            598,764 
 845,03        10            599,514 
 845,03        10            600,327 
 845,03        10            601,139 
 845,03        10            601,889 
 845,03        10            602,639 
 845,03        10            603,452 
 845,03        10            604,202 
 845,03        10            605,014 
 845,03        10            605,78 
 845,03        10            606,592 
 845,03        10            607,342 
 845,03        10            608,155 
 845,03        10            608,92 
 845,03        10            609,717 
 845,03        10            610,467 
 845,03        10            611,28 
 845,03        10            612,03 
 845,03        10            612,842 
 845,03        10            613,608 
 845,03        10            614,405 
 845,03        10            615,17 
 845,03        10            615,967 
 845,03        10            616,733 
 845,03        10            617,545 
 845,03        10            618,342 
 845,03        10            619,108 
 845,03        10            619,905 
 845,03        10            620,67 
 845,03        10            621,483 
 845,03        10            622,28 
 845,03        10            623,045 
 845,03        10            623,842 
 845,03        10            624,655 
 845,03        10            625,42 
 845,03        10            626,233 
 845,03        10            626,983 
 845,03        10            627,78 
 845,03        10            628,608 
 845,03        10            629,405 
 845,03        10            630,217 
 845,03        10            630,983 
 845,03        10            631,78 
 845,03        10            632,53 
 845,03        10            633,295 
 845,03        10            634,092 
 845,03        10            634,858 
 845,03        10            635,655 
 845,03        10            636,42 
 845,03        10            637,217 
 845,03        10            637,983 
 845,03        10            638,733 
 845,03        10            639,592 
 845,03        10            640,358 
 845,03        10            641,124 
 845,03        10            641,92 
 845,03        10            642,749 
 845,03        10            643,561 
 845,03        10            644,358 
 845,03        10            645,124 
 845,03        10            645,92 
 845,03        10            646,733 
 845,03        10            647,561 
 845,03        10            648,374 
 845,03        10            649,17 
 845,03        10            649,936 
 845,03        10            650,733 
 845,03        10            651,545 
 845,03        10            652,311 
 845,03        10            653,124 
 845,03        10            653,92 
 845,03        10            654,67 
 845,03        10            655,42 
 845,03        10            656,233 
 845,03        10            656,999 
 845,03        10            657,811 
 845,03        10            658,624 
 845,03        10            659,436 
 845,03        10            660,186 
 845,03        10            660,936 
 845,03        10            661,733 
 845,03        10            662,499 
 845,03        10            663,295 
 845,03        10            664,108 
 845,03        10            664,92 
 845,03        10            665,686 
 845,03        10            666,483 
 845,03        10            667,295 
 845,03        10            668,045 
 845,03        10            668,874 
 845,03        10            669,67 
 845,03        10            670,42 
 845,03        10            671,186 
 845,03        10            671,983 
 845,03        10            672,795 
 845,03        10            673,561 
 845,03        10            674,358 
 845,03        10            675,124 
 845,03        10            675,936 
 845,03        10            676,686 
 845,03        10            677,483 
 845,03        10            678,249 
 845,03        10            679,045 
 845,03        10            679,811 
 845,03        10            680,608 
 845,03        10            681,374 
 845,03        10            682,17 
 845,03        10            682,999 
 845,03        10            683,795 
 845,03        10            684,608 
 845,03        10            685,42 
 844,354       10            686,202 
 844,354       10            686,952 
 844,354       10            687,749 
 844,354       10            688,514 
 844,354       10            689,327 
 844,354       10            690,139 
 844,354       10            690,936 
 844,354       10            691,702 
 844,354       10            692,452 
 844,354       10            693,249 
 844,354       10            694,077 
 844,354       10            694,874 
 844,354       10            695,639 
 844,354       10            696,436 
 844,354       10            697,202 
 844,354       10            697,999 
 844,354       10            698,811 
 844,354       10            699,577 
 844,354       10            700,389 
 844,354       10            701,139 
 844,354       10            701,952 
 844,354       10            702,749 
 844,354       10            703,514 
 844,354       10            704,311 
 844,354       10            705,077 
 844,354       10            705,827 
 844,354       10            706,639 
 844,354       10            707,452 
 844,354       10            708,249 
 844,354       10            709,014 
 844,354       10            709,811 
 844,354       10            710,624 
 844,354       10            711,389 
 844,354       10            712,202 
 844,354       10            713,061 
 844,354       10            713,827 
 844,354       10            714,639 
 844,354       10            715,389 
 844,354       10            716,249 
 844,354       10            717,014 
 844,354       10            717,827 
 844,354       10            718,639 
 844,354       10            719,436 
 844,354       10            720,202 
 844,354       10            721,014 
 844,354       10            721,764 
 844,354       10            722,561 
 844,354       10            723,374 
 844,354       10            724,202 
 844,354       10            724,999 
 844,354       10            725,749 
 844,354       10            726,561 
 844,354       10            727,327 
 844,354       10            728,139 
 844,354       10            728,936 
 844,354       10            729,702 
 844,354       10            730,499 
 844,354       10            731,28 
 844,354       10            732,077 
 844,354       10            732,889 
 844,354       10            733,655 
 844,354       10            734,467 
 844,354       10            735,28 
 844,354       10            736,092 
 844,354       10            736,967 
 844,354       10            737,78 
 844,354       10            738,577 
 844,354       10            739,342 
 844,115       10            740,155 
 844,115       10            740,967 
 844,115       10            741,764 
 844,115       10            742,577 
 844,115       10            743,342 
 844,115       10            744,092 
 844,115       10            744,952 
 844,115       10            745,717 
 844,115       10            746,467 
 844,115       10            747,264 
 844,115       10            748,03 
 844,115       10            748,827 
 844,115       10            749,639 
 844,115       10            750,405 
 844,115       10            751,202 
 844,115       10            751,967 
 844,115       10            752,827 
 844,115       10            753,592 
 844,115       10            754,389 
 844,115       10            755,155 
 844,115       10            755,967 
 844,115       10            756,827 
 844,115       10            757,592 
 844,115       10            758,389 
 844,115       10            759,202 
 844,115       10            759,967 
 844,115       10            760,78 
 844,115       10            761,577 
 844,115       10            762,342 
 844,115       10            763,139 
 844,115       10            763,905 
 844,115       10            764,717 
 844,115       10            765,53 
 844,115       10            766,327 
 844,115       10            767,155 
 844,115       10            767,952 
 844,115       10            768,717 
 844,115       10            769,53 
 844,115       10            770,28 
 844,115       10            771,077 
 844,115       10            771,889 
 844,115       10            772,702 
 844,115       10            773,452 
 844,115       10            774,217 
 844,115       10            775,014 
 844,115       10            775,78 
 844,115       10            776,608 
 844,115       10            777,467 
 844,115       10            778,28 
 844,115       10            779,045 
 844,115       10            779,795 
 844,115       10            780,608 
 844,115       10            781,42 
 844,115       10            782,17 
 844,115       10            782,967 
 844,115       10            783,78 
 844,115       10            784,545 
 844,115       10            785,342 
 844,115       10            786,17 
 844,115       10            786,967 
 844,115       10            787,749 
 844,115       10            788,545 
 844,115       10            789,311 
 844,115       10            790,124 
 844,115       10            790,983 
 844,115       10            791,749 
 844,115       10            792,561 
 844,115       10            793,374 
 844,115       10            794,186 
 844,115       10            795,045 
 844,115       10            795,811 
 844,115       10            796,624 
 844,115       10            797,436 
 844,115       10            798,186 
 844,115       10            798,999 
 844,115       10            799,811 
 844,115       10            800,577 
 844,115       10            801,389 
 844,115       10            802,202 
 844,115       10            802,967 
 844,115       10            803,764 
 844,115       10            804,577 
 844,115       10            805,374 
 844,115       10            806,17 
 844,115       10            806,936 
 844,115       10            807,733 
 844,115       10            808,53 
 844,115       10            809,327 
 844,115       10            810,155 
 844,115       10            810,952 
 844,115       10            811,717 
 844,115       10            812,53 
 844,115       10            813,327 
 844,115       10            814,202 
 844,115       10            815,014 
 844,115       10            815,78 
 844,115       10            816,577 
 844,115       10            817,389 
 844,115       10            818,155 
 844,115       10            818,967 
 844,115       10            819,764 
 844,115       10            820,577 
 844,115       10            821,42 
 844,115       10            822,374 
 844,115       10            823,17 
 844,115       10            823,983 
 844,115       10            824,749 
 844,115       10            825,514 
 844,115       10            826,311 
 844,115       10            827,124 
 844,115       10            827,889 
 844,115       10            828,686 
 844,115       10            829,499 
 844,115       10            830,311 
 844,115       10            831,061 
 844,115       10            831,889 
 844,115       10            832,686 
 844,115       10            833,499 
 844,115       10            834,264 
 844,115       10            835,077 
 844,115       10            835,827 
 844,115       10            836,686 
 844,115       10            837,467 
 844,115       10            838,28 
 844,115       10            839,092 
 844,115       10            839,889 
 844,115       10            840,655 
 844,115       10            841,452 
 844,115       10            842,264 
 844,115       10            843,077 
 844,115       10            843,842 
 844,115       10            844,733 
 844,115       10            845,545 
 844,115       10            846,358 
 844,115       10            847,17 
 844,115       10            847,967 
 844,115       10            848,733 
 844,115       10            849,53 
 844,115       10            850,342 
 844,115       10            851,155 
 844,115       10            851,92 
 844,018       10            852,733 
 844,018       10            853,545 
 844,018       10            854,405 
 844,018       10            855,17 
 844,018       10            855,952 
 844,018       10            856,764 
 844,018       10            857,561 
 844,018       10            858,327 
 844,018       10            859,17 
 844,018       10            859,983 
 844,018       10            860,795 
 844,018       10            861,592 
 844,018       10            862,42 
 844,018       10            863,217 
 844,018       10            864,03 
 844,018       10            864,811 
 844,018       10            865,624 
 844,018       10            866,436 
 844,018       10            867,249 
 844,018       10            868,061 
 844,018       10            868,827 
 844,018       10            869,639 
 844,018       10            870,436 
 844,018       10            871,202 
 844,018       10            872,03 
 844,018       10            872,874 
 844,018       10            873,702 
 844,018       10            874,514 
 844,018       10            875,28 
 844,018       10            876,077 
 844,018       10            876,858 
 844,018       10            877,717 
 844,018       10            878,53 
 844,018       10            879,342 
 844,018       10            880,155 
 844,018       10            880,92 
 844,018       10            881,717 
 844,018       10            882,483 
 844,018       10            883,28 
 844,018       10            884,061 
 844,018       10            884,811 
 844,018       10            885,577 
 844,018       10            886,389 
 844,018       10            887,186 
 844,018       10            887,967 
 844,018       10            888,749 
 844,018       10            889,514 
 844,018       10            890,311 
 844,018       10            891,077 
 844,018       10            891,874 
 844,018       10            892,686 
 844,018       10            893,499 
 844,018       10            894,264 
 844,018       10            895,061 
 844,018       10            895,827 
 844,018       10            896,67 
 844,018       10            897,483 
 844,018       10            898,311 
 844,018       10            899,108 
 843,971       10            899,92 
 843,971       10            900,874 
 843,971       10            901,639 
 843,971       10            902,452 
 843,971       10            903,249 
 843,971       10            904,014 
 843,971       10            904,811 
 843,971       10            905,577 
 843,971       10            906,436 
 843,971       10            907,217 
 843,971       10            908,061 
 843,971       10            908,905 
 843,971       10            909,764 
 843,971       10            910,592 
 843,971       10            911,405 
 843,971       10            912,233 
 843,971       10            912,983 
 843,971       10            913,795 
 843,971       10            914,624 
 843,971       10            915,436 
 843,971       10            916,249 
 843,971       10            917,045 
 843,971       10            917,858 
 843,971       10            918,67 
 843,971       10            919,436 
 843,971       10            920,233 
 843,971       10            921,061 
 843,971       10            921,858 
 843,971       10            922,67 
 843,971       10            923,499 
 843,971       10            924,295 
 843,971       10            925,108 
 843,971       10            925,92 
 843,971       10            926,686 
 843,971       10            927,499 
 843,971       10            928,311 
 843,971       10            929,17 
 843,971       10            929,936 
 843,971       10            930,795 
 843,971       10            931,608 
 843,971       10            932,374 
 843,971       10            933,186 
 843,971       10            933,999 
 843,971       10            934,811 
 843,971       10            935,608 
 843,971       10            936,42 
 843,971       10            937,233 
 843,971       10            938,045 
 843,971       10            938,811 
 843,971       10            939,624 
 843,971       10            940,436 
 843,971       10            941,249 
 843,971       10            942,061 
 843,971       10            942,858 
 843,971       10            943,67 
 843,971       10            944,483 
 843,971       10            945,249 
 843,971       10            946,045 
 843,971       10            946,811 
 843,971       10            947,608 
 843,971       10            948,374 
 843,971       10            949,17 
 843,971       10            949,983 
 843,971       10            950,749 
 843,971       10            951,561 
 843,971       10            952,374 
 843,971       10            953,186 
 843,971       10            954,014 
 843,971       10            954,811 
 843,971       10            955,577 
 843,971       10            956,405 
 843,971       10            957,217 
 843,971       10            958,014 
 843,971       10            958,827 
 843,971       10            959,639 
 843,971       10            960,405 
 843,971       10            961,217 
 843,971       10            962,014 
 843,971       10            962,78 
 843,971       10            963,639 
 843,971       10            964,405 
 843,971       10            965,202 
 843,971       10            966,014 
 843,971       10            966,764 
 843,971       10            967,53 
 843,971       10            968,327 
 843,971       10            969,186 
 843,971       10            969,999 
 843,971       10            970,795 
 843,971       10            971,624 
 843,971       10            972,374 
 843,971       10            973,139 
 843,971       10            973,952 
 843,971       10            974,764 
 843,971       10            975,53 
 843,971       10            976,389 
 843,971       10            977,202 
 843,971       10            978,03 
 843,971       10            978,795 
 843,971       10            979,608 
 843,971       10            980,42 
 843,971       10            981,217 
 843,971       10            982,03 
 843,971       10            982,811 
 843,971       10            983,561 
 843,971       10            984,358 
 843,971       10            985,092 
 843,971       10            985,905 
 843,971       10            986,78 
 843,971       10            987,592 
 843,971       10            988,389 
 843,971       10            989,155 
 843,971       10            990,014 
 843,971       10            990,78 
 843,971       10            991,592 
 843,971       10            992,405 
 843,971       10            993,17 
 843,971       10            993,967 
 843,971       10            994,78 
 843,971       10            995,545 
 843,971       10            996,295 
 843,971       10            997,108 
 843,971       10            997,905 
 843,971       10            998,717 
 843,971       10            999,53 
 843,971       10            1000,342 
 843,971       10            1001,17 
 843,971       10            1001,983 
 843,971       10            1002,749 
 843,971       10            1003,561 
 843,971       10            1004,358 
 843,971       10            1005,124 
 843,971       10            1005,92 
 843,971       10            1006,686 
 843,971       10            1007,483 
 843,971       10            1008,249 
 843,971       10            1009,061 
 843,971       10            1009,858 
 843,971       10            1010,67 
 843,971       10            1011,483 
 843,971       10            1012,249 
 843,971       10            1012,999 
 843,971       10            1013,811 
 843,971       10            1014,624 
 843,971       10            1015,436 
 843,971       10            1016,249 
 843,971       10            1017,014 
 843,971       10            1017,874 
 843,971       10            1018,639 
 843,971       10            1019,436 
 843,971       10            1020,249 
 843,971       10            1021,014 
 843,971       10            1021,811 
 843,971       10            1022,577 
 843,971       10            1023,374 
 843,971       10            1024,155 
 843,971       10            1024,952 
 843,971       10            1025,78 
 843,971       10            1026,592 
 843,971       10            1027,358 
 843,971       10            1028,17 
 843,971       10            1028,967 
 843,971       10            1029,733 
 843,971       10            1030,545 
 843,971       10            1031,342 
 843,971       10            1032,108 
 843,971       10            1032,905 
 843,971       10            1033,67 
 843,971       10            1034,483 
 843,971       10            1035,28 
 843,971       10            1036,092 
 843,971       10            1036,905 
 843,971       10            1037,717 
 843,971       10            1038,499 
 843,971       10            1039,264 
 843,971       10            1040,155 
 843,971       10            1040,983 
 843,971       10            1041,749 
 843,971       10            1042,499 
 843,971       10            1043,311 
 843,971       10            1044,124 
 843,971       10            1044,92 
 843,971       10            1045,733 
 843,971       10            1046,561 
 843,971       10            1047,374 
 843,971       10            1048,139 
 843,971       10            1048,952 
 843,971       10            1049,749 
 843,971       10            1050,577 
 843,971       10            1051,374 
 843,971       10            1052,186 
 843,971       10            1052,999 
 843,971       10            1053,764 
 843,971       10            1054,577 
 843,971       10            1055,374 
 843,971       10            1056,139 
 843,971       10            1056,952 
 843,971       10            1057,749 
 843,971       10            1058,499 
 843,971       10            1059,264 
 843,971       10            1060,077 
 843,971       10            1060,874 
 843,971       10            1061,686 
 843,971       10            1062,499 
 843,971       10            1063,264 
 843,971       10            1064,061 
 843,971       10            1064,874 
 843,971       10            1065,639 
 843,971       10            1066,452 
 843,971       10            1067,249 
 843,971       10            1068,014 
 843,971       10            1068,827 
 843,971       10            1069,639 
 843,971       10            1070,452 
 843,971       10            1071,28 
 843,971       10            1072,092 
 843,971       10            1072,905 
 843,971       10            1073,67 
 843,971       10            1074,483 
 843,971       10            1075,295 
 843,971       10            1076,092 
 843,971       10            1076,858 
 843,971       10            1077,655 
 843,971       10            1078,42 
 843,971       10            1079,217 
 843,971       10            1080,045 
 843,971       10            1080,842 
 843,971       10            1081,608 
 843,971       10            1082,42 
 843,971       10            1083,217 
 843,971       10            1083,983 
 843,971       10            1084,795 
 843,971       10            1085,545 
 843,971       10            1086,405 
 843,971       10            1087,17 
 843,971       10            1087,983 
 843,971       10            1088,78 
 843,971       10            1089,592 
 843,971       10            1090,405 
 843,971       10            1091,186 
 843,971       10            1091,983 
 843,971       10            1092,733 
 843,967       10            1093,608 
 843,967       10            1094,358 
 843,967       10            1095,17 
 843,967       10            1095,983 
 843,967       10            1096,811 
 843,967       10            1097,608 
 843,967       10            1098,374 
 843,967       10            1099,233 
 843,967       10            1099,999 
 843,967       10            1100,749 
 843,967       10            1101,561 
 843,967       10            1102,358 
 843,967       10            1103,124 
 843,967       10            1103,874 
 843,967       10            1104,67 
 843,967       10            1105,42 
 843,967       10            1106,186 
 843,967       10            1106,999 
 843,967       10            1107,795 
 843,967       10            1108,545 
 843,967       10            1109,358 
 843,967       10            1110,124 
 843,967       10            1110,936 
 843,967       10            1111,811 
 843,967       10            1112,624 
 843,967       10            1113,389 
 843,967       10            1114,202 
 843,967       10            1115,03 
 843,967       10            1115,842 
 843,967       10            1116,639 
 843,967       10            1117,452 
 843,967       10            1118,202 
 843,967       10            1118,967 
 843,967       10            1119,764 
 843,967       10            1120,577 
 843,967       10            1121,342 
 843,967       10            1122,155 
 843,967       10            1122,905 
 843,967       10            1123,702 
 843,967       10            1124,467 
 843,967       10            1125,28 
 843,967       10            1126,077 
 843,967       10            1126,842 
 843,967       10            1127,639 
 843,967       10            1128,405 
 843,967       10            1129,202 
 843,967       10            1129,967 
 843,967       10            1130,78 
 843,967       10            1131,592 
 843,967       10            1132,389 
 843,967       10            1133,155 
 843,967       10            1133,967 
 843,967       10            1134,764 
 843,967       10            1135,53 
 843,967       10            1136,342 
 843,967       10            1137,108 
 843,967       10            1137,905 
 843,967       10            1138,733 
 843,967       10            1139,53 
 843,967       10            1140,342 
 843,967       10            1141,155 
 843,967       10            1141,92 
 843,967       10            1142,717 
 843,967       10            1143,53 
 843,967       10            1144,358 
 843,967       10            1145,155 
 843,967       10            1145,92 
 843,967       10            1146,733 
 843,967       10            1147,53 
 843,967       10            1148,295 
 843,967       10            1149,092 
 843,967       10            1149,858 
 843,967       10            1150,67 
 843,967       10            1151,467 
 843,967       10            1152,233 
 843,967       10            1153,03 
 843,967       10            1153,842 
 843,967       10            1154,608 
 843,967       10            1155,405 
 843,967       10            1156,17 
 843,967       10            1156,983 
 843,967       10            1157,78 
 843,967       10            1158,592 
 843,967       10            1159,295 
 843,967       10            1159,952 
 843,967       10            1160,717 
 843,967       10            1161,389 
 843,967       10            1162,077 
 843,967       10            1162,795 
 843,967       10            1163,592 
 843,967       10            1164,389 
 843,967       10            1165,077 
 843,967       10            1165,811 
 843,967       10            1166,592 
 843,967       10            1167,327 
 843,967       10            1168,077 
 843,967       10            1168,842 
 843,967       10            1169,561 
 843,967       10            1170,389 
 843,967       10            1170,967 
 843,967       10            1171,764 
 843,967       10            1172,499 
 843,967       10            1173,295 
 843,967       10            1173,936 
 843,967       10            1174,702 
 843,967       10            1175,467 
 843,967       10            1176,124 
 843,967       10            1176,874 
 843,967       10            1177,624 
 843,967       10            1178,327 
 843,967       10            1179,124 
 843,967       10            1179,78 
 843,967       10            1180,53 
 843,967       10            1181,264 
 843,967       10            1181,827 
 843,967       10            1182,639 
 843,967       10            1183,249 
 843,967       10            1183,842 
 843,967       10            1184,655 
 843,967       10            1185,233 
 843,967       10            1185,936 
 843,967       10            1186,686 
 843,967       10            1187,374 
 843,967       10            1188,139 
 843,967       10            1188,889 
 843,967       10            1189,545 
 843,967       10            1190,327 
 843,967       10            1191,077 
 843,967       10            1191,905 
 843,443       10            1192,702 
 843,443       10            1193,592 
 843,443       10            1194,389 
 843,443       10            1195,249 
 843,443       10            1196,045 
 843,443       10            1196,749 
 843,443       10            1197,561 
 843,443       10            1198,342 
 843,443       10            1199,155 
 843,443       10            1199,874 
 843,443       10            1200,67 
 843,443       10            1201,467 
 843,443       10            1202,28 
 843,443       10            1203,092 
 843,443       10            1203,92 
 843,443       10            1204,733 
 843,443       10            1205,452 
 843,443       10            1206,249 
 843,443       10            1207,014 
 843,443       10            1207,811 
 843,443       10            1208,624 
 843,443       10            1209,405 
 843,443       10            1210,202 
 843,443       10            1210,999 
 843,443       10            1211,764 
 843,443       10            1212,577 
 843,443       10            1213,389 
 843,443       10            1214,202 
 843,443       10            1214,92 
 843,443       10            1215,733 
 843,443       10            1216,53 
 843,443       10            1217,264 
 843,443       10            1218,014 
 843,443       10            1218,686 
 843,443       10            1219,42 
 843,443       10            1220,17 
 843,443       10            1221,03 
 843,443       10            1221,749 
 843,443       10            1222,53 
 843,443       10            1223,311 
 843,443       10            1223,936 
 843,443       10            1224,811 
 843,443       10            1225,577 
 843,443       10            1226,374 
 843,443       10            1227,061 
 843,443       10            1227,858 
 843,443       10            1228,592 
 843,443       10            1229,358 
 843,443       10            1230,155 
 843,443       10            1230,905 
 843,443       10            1231,686 
 843,443       10            1232,389 
 843,443       10            1233,155 
 843,443       10            1233,92 
 843,443       10            1234,639 
 843,443       10            1235,436 
 843,443       10            1236,202 
 843,443       10            1237,014 
 843,443       10            1237,811 
 843,443       10            1238,624 
 843,443       10            1239,42 
 843,443       10            1240,233 
 843,443       10            1240,999 
 843,443       10            1241,764 
 843,443       10            1242,499 
 843,443       10            1243,327 
 843,443       10            1244,186 
 843,443       10            1245,014 
 843,443       10            1245,686 
 843,443       10            1246,389 
 843,443       10            1247,17 
 843,443       10            1247,967 
 843,443       10            1248,78 
 843,443       10            1249,545 
 843,443       10            1250,342 
 843,443       10            1251,061 
 843,443       10            1251,795 
 843,443       10            1252,561 
 843,443       10            1253,202 
 843,443       10            1253,999 
 843,443       10            1254,686 
 843,443       10            1255,295 
 843,443       10            1256,061 
 843,443       10            1256,733 
 843,443       10            1257,514 
 843,443       10            1258,264 
 843,443       10            1258,983 
 843,443       10            1259,749 
 843,443       10            1260,374 
 843,443       10            1261,092 
 843,443       10            1261,889 
 843,443       10            1262,608 
 843,443       10            1263,452 
 843,443       10            1264,092 
 843,443       10            1264,842 
 843,443       10            1265,561 
 843,443       10            1266,249 
 843,443       10            1267,045 
 843,443       10            1267,67 
 843,443       10            1268,436 
 843,443       10            1269,217 
 843,443       10            1269,842 
 843,443       10            1270,655 
 843,443       10            1271,358 
 843,443       10            1272,061 
 843,443       10            1272,858 
 843,443       10            1273,499 
 843,443       10            1274,233 
 843,443       10            1274,999 
 843,443       10            1275,655 
 843,443       10            1276,467 
 843,443       10            1277,124 
 843,443       10            1277,874 
 843,443       10            1278,592 
 843,443       10            1279,264 
 843,443       10            1280,014 
 843,443       10            1280,67 
 843,443       10            1281,452 
 843,443       10            1282,202 
 843,443       10            1282,858 
 843,443       10            1283,624 
 843,443       10            1284,374 
 843,443       10            1285,155 
 843,443       10            1285,967 
 843,443       10            1286,702 
 843,443       10            1287,499 
 843,443       10            1288,233 
 843,443       10            1288,874 
 843,443       10            1289,655 
 843,443       10            1290,389 
 843,443       10            1291,202 
 843,443       10            1291,795 
 843,443       10            1292,592 
 843,443       10            1293,374 
 843,443       10            1294,217 
 843,443       10            1294,983 
 843,443       10            1295,749 
 843,443       10            1296,514 
 843,443       10            1297,264 
 843,443       10            1297,967 
 843,443       10            1298,764 
 843,443       10            1299,42 
 843,443       10            1300,233 
 843,443       10            1300,999 
 843,443       10            1301,686 
 843,443       10            1302,483 
 843,443       10            1303,124 
 843,443       10            1303,889 
 843,443       10            1304,67 
 843,443       10            1305,405 
 843,443       10            1306,17 
 843,443       10            1306,827 
 843,443       10            1307,608 
 843,443       10            1308,389 
 843,443       10            1309,108 
 843,443       10            1309,889 
 843,443       10            1310,67 
 843,443       10            1311,42 
 843,443       10            1312,139 
 843,443       10            1312,952 
 843,443       10            1313,67 
 843,443       10            1314,42 
 843,443       10            1315,233 
 843,443       10            1315,936 
 843,443       10            1316,686 
 843,443       10            1317,42 
 843,443       10            1318,108 
 843,443       10            1318,905 
 843,443       10            1319,717 
 843,443       10            1320,483 
 843,443       10            1321,264 
 843,443       10            1321,936 
 843,443       10            1322,686 
 843,443       10            1323,311 
 843,443       10            1324,045 
 843,443       10            1324,874 
 843,443       10            1325,67 
 843,443       10            1326,452 
 843,443       10            1327,077 
 843,443       10            1327,858 
 843,443       10            1328,545 
 843,443       10            1329,28 
 843,443       10            1330,139 
 843,443       10            1330,717 
 843,443       10            1331,452 
 843,443       10            1332,264 
 843,443       10            1332,905 
 843,443       10            1333,702 
 843,443       10            1334,389 
 843,443       10            1335,03 
 843,443       10            1335,764 
 843,443       10            1336,436 
 843,443       10            1337,233 
 843,443       10            1337,936 
 843,443       10            1338,655 
 843,443       10            1339,467 
 843,443       10            1340,077 
 843,443       10            1340,874 
 843,443       10            1341,608 
 843,443       10            1342,217 
 843,443       10            1343,03 
 843,443       10            1343,686 
 843,443       10            1344,42 
 843,443       10            1345,108 
 843,443       10            1345,811 
 843,443       10            1346,608 
 843,443       10            1347,342 
 843,443       10            1348,03 
 843,443       10            1348,827 
 843,443       10            1349,436 
 843,443       10            1350,249 
 843,443       10            1350,983 
 843,443       10            1351,686 
 843,443       10            1352,452 
 843,443       10            1353,155 
 843,443       10            1353,889 
 843,443       10            1354,624 
 843,443       10            1355,389 
 843,443       10            1356,155 
 843,443       10            1356,827 
 843,443       10            1357,608 
 843,443       10            1358,327 
 843,443       10            1359,014 
 843,443       10            1359,78 
 843,443       10            1360,483 
 843,443       10            1361,249 
 843,443       10            1361,905 
 843,443       10            1362,624 
 843,443       10            1363,42 
 843,443       10            1364,17 
 843,443       10            1364,936 
 843,443       10            1365,624 
 843,443       10            1366,358 
 843,443       10            1367,124 
 843,443       10            1367,749 
 843,443       10            1368,467 
 843,443       10            1369,217 
 843,443       10            1369,92 
 843,443       10            1370,686 
 843,443       10            1371,452 
 843,443       10            1372,17 
 843,443       10            1372,92 
 843,443       10            1373,717 
 843,443       10            1374,483 
 843,443       10            1375,217 
 843,443       10            1375,936 
 843,443       10            1376,624 
 843,443       10            1377,311 
 843,443       10            1378,124 
 843,443       10            1378,889 
 843,443       10            1379,655 
 843,443       10            1380,358 
 843,443       10            1381,092 
 843,443       10            1381,905 
 843,443       10            1382,608 
 843,443       10            1383,405 
 843,443       10            1384,17 
 843,443       10            1384,936 
 843,443       10            1385,655 
 843,443       10            1386,405 
 843,443       10            1387,155 
 843,443       10            1387,858 
 843,443       10            1388,655 
 843,443       10            1389,389 
 843,443       10            1390,03 
 843,443       10            1390,764 
 843,443       10            1391,467 
 843,443       10            1392,264 
 843,443       10            1393,014 
 843,443       10            1393,67 
 843,443       10            1394,42 
 843,443       10            1395,17 
 843,443       10            1395,827 
 843,443       10            1396,624 
 843,443       10            1397,389 
 843,443       10            1398,17 
 843,443       10            1398,889 
 843,443       10            1399,749 
 843,443       10            1400,53 
 843,443       10            1401,233 
 843,443       10            1402,03 
 843,443       10            1402,702 
 843,443       10            1403,374 
 843,443       10            1404,092 
 843,443       10            1404,795 
 843,443       10            1405,545 
 843,443       10            1406,327 
 843,443       10            1406,827 
 843,443       10            1407,624 
 843,443       10            1408,28 
 843,443       10            1409,061 
 843,443       10            1409,764 
 843,443       10            1410,467 
 843,443       10            1411,233 
 843,443       10            1411,967 
 843,443       10            1412,78 
 843,443       10            1413,592 
 843,443       10            1414,264 
 843,443       10            1415,03 
 843,443       10            1415,67 
 843,443       10            1416,452 
 843,443       10            1417,155 
 843,443       10            1417,811 
 843,443       10            1418,608 
 843,443       10            1419,186 
 843,443       10            1419,952 
 843,443       10            1420,67 
 843,443       10            1421,311 
 843,443       10            1422,061 
 843,443       10            1422,78 
 843,443       10            1423,389 
 843,443       10            1424,202 
 843,443       10            1424,858 
 843,443       10            1425,608 
 843,443       10            1426,342 
 843,443       10            1427,061 
 843,443       10            1427,858 
 843,443       10            1428,608 
 843,443       10            1429,374 
 843,443       10            1430,092 
 843,443       10            1430,764 
 843,443       10            1431,577 
 843,443       10            1432,217 
 843,443       10            1433,014 
 843,443       10            1433,764 
 843,443       10            1434,389 
 843,443       10            1435,155 
 843,443       10            1435,827 
 843,443       10            1436,53 
 843,443       10            1437,28 
 843,443       10            1437,967 
 843,443       10            1438,702 
 843,443       10            1439,405 
 843,443       10            1440,17 
 843,443       10            1441,014 
 843,443       10            1441,733 
 843,443       10            1442,53 
 843,443       10            1443,295 
 843,443       10            1444,092 
 843,443       10            1444,827 
 843,443       10            1445,608 
 843,443       10            1446,467 
 843,443       10            1447,186 
 843,443       10            1447,92 
 843,443       10            1448,67 
 843,443       10            1449,342 
 843,443       10            1450,155 
 843,443       10            1450,858 
 843,443       10            1451,655 
 843,443       10            1452,374 
 843,443       10            1453,077 
 843,443       10            1453,827 
 843,443       10            1454,436 
 843,443       10            1455,155 
 843,443       10            1455,905 
 843,443       10            1456,545 
 843,443       10            1457,295 
 843,443       10            1457,952 
 843,443       10            1458,624 
 843,443       10            1459,405 
 843,443       10            1460,061 
 843,443       10            1460,874 
 843,443       10            1461,624 
 843,443       10            1462,295 
 843,443       10            1463,155 
 843,443       10            1463,811 
 843,443       10            1464,592 
 843,443       10            1465,358 
 843,443       10            1466,155 
 843,443       10            1466,905 
 843,443       10            1467,686 
 843,443       10            1468,499 
 843,443       10            1469,264 
 843,443       10            1470,077 
 843,443       10            1470,749 
 843,443       10            1471,436 
 843,443       10            1472,202 
 843,443       10            1472,905 
 843,443       10            1473,67 
 843,443       10            1474,452 
 843,443       10            1475,092 
 843,443       10            1475,905 
 843,443       10            1476,545 
 843,443       10            1477,327 
 843,443       10            1478,124 
 843,443       10            1478,842 
 843,443       10            1479,608 
 843,443       10            1480,342 
 843,443       10            1481,077 
 843,443       10            1481,842 
 843,443       10            1482,67 
 843,443       10            1483,483 
 843,443       10            1484,264 
 843,443       10            1485,061 
 843,443       10            1485,764 
 843,443       10            1486,545 
 843,443       10            1487,342 
 843,443       10            1487,983 
 843,443       10            1488,795 
 843,443       10            1489,545 
 843,443       10            1490,295 
 843,443       10            1491,077 
 843,443       10            1491,639 
 843,443       10            1492,389 
 843,443       10            1492,999 
 843,443       10            1493,655 
 843,443       10            1494,42 
 843,443       10            1494,983 
 843,443       10            1495,78 
 843,443       10            1496,561 
 843,443       10            1497,233 
 843,443       10            1498,045 
 843,443       10            1498,717 
 843,443       10            1499,389 
 843,443       10            1500,17 
 843,443       10            1500,717 
 843,443       10            1501,405 
 843,443       10            1502,092 
 843,443       10            1502,827 
 843,443       10            1503,545 
 843,443       10            1504,311 
 843,443       10            1504,905 
 843,443       10            1505,702 
 843,443       10            1506,374 
 843,443       10            1507,155 
 843,443       10            1507,889 
 843,443       10            1508,499 
 843,443       10            1509,295 
 843,443       10            1509,952 
 843,443       10            1510,639 
 843,443       10            1511,389 
 843,443       10            1512,077 
 843,443       10            1512,889 
 843,443       10            1513,639 
 843,443       10            1514,358 
 843,443       10            1515,124 
 843,443       10            1515,842 
 843,443       10            1516,639 
 843,443       10            1517,295 
 843,443       10            1517,92 
 843,443       10            1518,67 
 843,443       10            1519,358 
 843,443       10            1520,092 
 843,443       10            1520,842 
 843,443       10            1521,545 
 843,443       10            1522,295 
 843,443       10            1522,983 
 843,443       10            1523,78 
 843,443       10            1524,452 
 843,443       10            1525,124 
 843,443       10            1525,983 
 843,443       10            1526,608 
 843,443       10            1527,327 
 843,443       10            1528,03 
 843,443       10            1528,67 
 843,443       10            1529,389 
 843,443       10            1530,077 
 843,443       10            1530,733 
 843,443       10            1531,499 
 843,443       10            1532,124 
 843,443       10            1532,811 
 843,443       10            1533,53 
 843,443       10            1534,186 
 843,443       10            1534,936 
 843,443       10            1535,749 
 843,443       10            1536,53 
 843,443       10            1537,28 
 843,443       10            1537,905 
 843,443       10            1538,702 
 843,443       10            1539,405 
 843,443       10            1540,124 
 843,443       10            1540,889 
 843,443       10            1541,608 
 843,443       10            1542,342 
 843,443       10            1543,077 
 843,443       10            1543,795 
 843,443       10            1544,592 
 843,443       10            1545,233 
 843,443       10            1545,952 
 843,443       10            1546,717 
 843,443       10            1547,389 
 843,443       10            1548,249 
 843,443       10            1548,92 
 843,443       10            1549,655 
 843,443       10            1550,405 
 843,443       10            1550,999 
 843,443       10            1551,795 
 843,443       10            1552,561 
 843,443       10            1553,295 
 843,443       10            1554,077 
 843,443       10            1554,749 
 843,443       10            1555,608 
 843,443       10            1556,295 
 843,443       10            1556,92 
 843,443       10            1557,733 
 843,443       10            1558,358 
 843,443       10            1559,092 
 843,443       10            1559,842 
 843,443       10            1560,545 
 843,443       10            1561,342 
 843,443       10            1561,983 
 843,443       10            1562,717 
 843,443       10            1563,405 
 843,443       10            1564,077 
 843,443       10            1564,811 
 843,443       10            1565,514 
 843,443       10            1566,217 
 843,443       10            1566,952 
 843,443       10            1567,561 
 843,443       10            1568,311 
 843,443       10            1568,983 
 843,443       10            1569,624 
 843,443       10            1570,374 
 843,443       10            1571,108 
 843,443       10            1571,811 
 843,443       10            1572,577 
 843,443       10            1573,233 
 843,443       10            1573,999 
 843,443       10            1574,717 
 843,443       10            1575,467 
 843,443       10            1576,264 
 843,443       10            1576,952 
 843,443       10            1577,717 
 843,443       10            1578,42 
 843,443       10            1579,108 
 843,443       10            1579,905 
 843,443       10            1580,592 
 843,443       10            1581,28 
 843,443       10            1582,014 
 843,443       10            1582,639 
 843,443       10            1583,374 
 843,443       10            1584,03 
 843,443       10            1584,78 
 843,443       10            1585,53 
 843,443       10            1586,155 
 843,443       10            1586,952 
 843,443       10            1587,655 
 843,443       10            1588,374 
 843,443       10            1589,186 
 843,443       10            1589,858 
 843,443       10            1590,639 
 843,443       10            1591,405 
 843,443       10            1592,014 
 843,443       10            1592,78 
 843,443       10            1593,467 
 843,443       10            1594,186 
 843,443       10            1594,936 
 843,443       10            1595,686 
 843,443       10            1596,53 
 843,443       10            1597,233 
 843,443       10            1598,03 
 843,443       10            1598,749 
 843,443       10            1599,53 
 843,443       10            1600,295 
 843,443       10            1600,967 
 843,443       10            1601,78 
 843,443       10            1602,436 
 843,443       10            1603,17 
 843,443       10            1603,92 
 843,443       10            1604,545 
 843,443       10            1605,327 
 843,443       10            1606,092 
 843,443       10            1606,733 
 843,443       10            1607,499 
 843,443       10            1608,155 
 843,443       10            1608,905 
 843,443       10            1609,717 
 843,443       10            1610,514 
 843,443       10            1611,342 
 843,443       10            1612,092 
 843,443       10            1612,92 
 843,443       10            1613,67 
 843,443       10            1614,42 
 843,443       10            1615,233 
 843,443       10            1616,045 
 843,443       10            1616,795 
 843,443       10            1617,467 
 843,443       10            1618,202 
 843,443       10            1619,03 
 843,443       10            1619,811 
 843,443       10            1620,624 
 843,443       10            1621,327 
 843,443       10            1622,108 
 843,443       10            1622,764 
 843,443       10            1623,405 
 843,443       10            1624,264 
 843,443       10            1624,842 
 843,443       10            1625,608 
 843,443       10            1626,374 
 843,443       10            1627,108 
 843,443       10            1627,858 
 843,443       10            1628,592 
 843,443       10            1629,405 
 843,443       10            1630,139 
 843,443       10            1630,936 
 843,443       10            1631,717 
 843,443       10            1632,389 
 843,443       10            1633,155 
 843,443       10            1633,967 
 843,443       10            1634,717 
 843,443       10            1635,514 
 843,443       10            1636,327 
 843,443       10            1637,124 
 843,443       10            1637,795 
 843,443       10            1638,545 
 843,443       10            1639,249 
 843,443       10            1639,999 
 843,443       10            1640,811 
 843,443       10            1641,467 
 843,443       10            1642,202 
 843,443       10            1642,905 
 843,443       10            1643,624 
 843,443       10            1644,389 
 843,443       10            1645,077 
 843,443       10            1645,78 
 843,443       10            1646,577 
 843,443       10            1647,28 
 843,443       10            1648,045 
 843,443       10            1648,749 
 843,443       10            1649,436 
 843,443       10            1650,17 
 843,443       10            1650,811 
 843,443       10            1651,608 
 843,443       10            1652,28 
 843,443       10            1652,952 
 843,443       10            1653,733 
 843,443       10            1654,405 
 843,443       10            1655,155 
 843,443       10            1655,874 
 843,443       10            1656,639 
 843,443       10            1657,436 
 843,443       10            1658,045 
 843,443       10            1658,795 
 843,443       10            1659,545 
 843,443       10            1660,295 
 843,443       10            1661,061 
 843,443       10            1661,702 
 843,443       10            1662,436 
 843,443       10            1663,139 
 843,443       10            1663,78 
 843,443       10            1664,577 
 843,443       10            1665,311 
 843,443       10            1666,014 
 843,443       10            1666,749 
 843,443       10            1667,358 
 843,443       10            1668,108 
 843,443       10            1668,764 
 843,443       10            1669,436 
 843,443       10            1670,233 
 843,443       10            1670,858 
 843,443       10            1671,639 
 843,443       10            1672,311 
 843,443       10            1672,967 
 843,443       10            1673,764 
 843,443       10            1674,436 
 843,443       10            1675,17 
 843,443       10            1675,874 
 843,443       10            1676,577 
 843,443       10            1677,374 
 843,443       10            1678,014 
 843,443       10            1678,686 
 843,443       10            1679,467 
 843,443       10            1680,139 
 843,443       10            1680,858 
 843,443       10            1681,577 
 843,443       10            1682,233 
 843,443       10            1683,03 
 843,443       10            1683,655 
 843,443       10            1684,374 
 843,443       10            1685,077 
 843,443       10            1685,842 
 843,443       10            1686,624 
 843,443       10            1687,405 
 843,443       10            1688,155 
 843,443       10            1688,952 
 843,443       10            1689,717 
 843,443       10            1690,467 
 843,443       10            1691,249 
 843,443       10            1691,999 
 843,443       10            1692,842 
 843,443       10            1693,561 
 843,443       10            1694,342 
 843,443       10            1694,999 
 843,443       10            1695,717 
 843,443       10            1696,514 
 843,443       10            1697,327 
 843,443       10            1698,092 
 843,443       10            1698,795 
 843,443       10            1699,483 
 843,443       10            1700,155 
 843,443       10            1700,764 
 843,443       10            1701,53 
 843,443       10            1702,264 
 843,443       10            1703,03 
 843,443       10            1703,795 
 843,443       10            1704,499 
 843,443       10            1705,264 
 843,443       10            1705,795 
 843,443       10            1706,499 
 843,443       10            1707,28 
 843,443       10            1707,92 
 843,443       10            1708,67 
 843,443       10            1709,42 
 843,443       10            1709,999 
 843,443       10            1710,795 
 843,443       10            1711,42 
 843,443       10            1712,124 
 843,443       10            1712,92 
 843,443       10            1713,467 
 843,443       10            1714,264 
 843,443       10            1715,014 
 843,443       10            1715,874 
 843,443       10            1716,639 
 843,443       10            1717,389 
 843,443       10            1718,202 
 843,443       10            1718,952 
 843,443       10            1719,764 
 843,443       10            1720,561 
 843,443       10            1721,374 
 843,443       10            1722,186 
 843,443       10            1722,999 
 843,443       10            1723,811 
 843,443       10            1724,577 
 843,443       10            1725,436 
 843,443       10            1726,186 
 843,443       10            1726,952 
 843,443       10            1727,764 
 843,443       10            1728,561 
 843,443       10            1729,374 
 843,443       10            1730,124 
 843,443       10            1730,889 
 843,443       10            1731,608 
 843,443       10            1732,233 
 843,443       10            1733,014 
 843,443       10            1733,639 
 843,443       10            1734,327 
 843,443       10            1735,061 
 843,443       10            1735,749 
 843,443       10            1736,561 
 843,443       10            1737,249 
 843,443       10            1737,952 
 843,443       10            1738,78 
 843,443       10            1739,436 
 843,443       10            1740,186 
 843,443       10            1740,952 
 843,443       10            1741,624 
 843,443       10            1742,405 
 843,443       10            1743,108 
 843,443       10            1743,905 
 843,443       10            1744,624 
 843,443       10            1745,342 
 843,443       10            1746,155 
 843,443       10            1746,905 
 843,443       10            1747,67 
 843,443       10            1748,389 
 843,443       10            1749,077 
 843,443       10            1749,827 
 843,443       10            1750,53 
 843,443       10            1751,311 
 843,443       10            1752,03 
 843,443       10            1752,764 
 843,443       10            1753,483 
 843,443       10            1754,077 
 843,443       10            1754,874 
 843,443       10            1755,67 
 843,443       10            1756,342 
 843,443       10            1757,124 
 843,443       10            1757,764 
 843,443       10            1758,53 
 843,443       10            1759,28 
 843,443       10            1759,92 
 843,443       10            1760,733 
 843,443       10            1761,405 
 843,443       10            1762,108 
 843,443       10            1762,905 
 843,443       10            1763,514 
 843,443       10            1764,311 
 843,443       10            1765,014 
 843,443       10            1765,717 
 843,443       10            1766,514 
 843,443       10            1767,155 
 843,443       10            1767,967 
 843,443       10            1768,639 
 843,443       10            1769,295 
 843,443       10            1770,092 
 843,443       10            1770,717 
 843,443       10            1771,499 
 843,443       10            1772,28 
 843,443       10            1772,967 
 843,443       10            1773,764 
 843,443       10            1774,467 
 843,443       10            1775,264 
 843,443       10            1776,077 
 843,443       10            1776,842 
 843,443       10            1777,608 
 843,443       10            1778,311 
 843,443       10            1779,092 
 843,443       10            1779,78 
 843,443       10            1780,53 
 843,443       10            1781,249 
 843,443       10            1782,03 
 843,443       10            1782,827 
 843,443       10            1783,592 
 843,443       10            1784,452 
 843,443       10            1785,217 
 843,443       10            1786,014 
 843,443       10            1786,78 
 843,443       10            1787,467 
 843,443       10            1788,124 
 843,443       10            1788,827 
 843,443       10            1789,592 
 843,443       10            1790,389 
 843,443       10            1791,03 
 843,443       10            1791,749 
 843,443       10            1792,514 
 843,443       10            1793,124 
 843,443       10            1793,936 
 843,443       10            1794,639 
 843,443       10            1795,42 
 843,443       10            1796,217 
 843,443       10            1796,92 
 843,443       10            1797,717 
 843,443       10            1798,514 
 843,443       10            1799,249 
 843,443       10            1799,983 
 843,443       10            1800,67 
 843,443       10            1801,436 
 843,443       10            1802,155 
 843,443       10            1802,936 
 843,443       10            1803,639 
 843,443       10            1804,295 
 843,443       10            1805,061 
 843,443       10            1805,67 
 843,443       10            1806,374 
 843,443       10            1807,108 
 843,443       10            1807,827 
 843,443       10            1808,639 
 843,443       10            1809,374 
 843,443       10            1810,108 
 843,443       10            1810,905 
 843,443       10            1811,499 
 843,443       10            1812,249 
 843,443       10            1812,999 
 843,443       10            1813,717 
 843,443       10            1814,53 
 843,443       10            1815,327 
 843,443       10            1816,139 
 843,443       10            1816,874 
 843,443       10            1817,639 
 843,443       10            1818,452 
 843,443       10            1819,03 
 843,443       10            1819,811 
 843,443       10            1820,545 
 843,443       10            1821,28 
 843,443       10            1822,014 
 843,443       10            1822,702 
 843,443       10            1823,483 
 843,443       10            1824,155 
 843,443       10            1824,905 
 843,443       10            1825,717 
 843,443       10            1826,452 
 843,443       10            1827,264 
 843,443       10            1828,014 
 843,443       10            1828,733 
 843,443       10            1829,499 
 843,443       10            1830,202 
 843,443       10            1830,952 
 843,443       10            1831,67 
 843,443       10            1832,467 
 843,443       10            1833,202 
 843,443       10            1833,874 
 843,443       10            1834,639 
 843,443       10            1835,405 
 843,443       10            1836,202 
 843,443       10            1836,952 
 843,443       10            1837,592 
 843,443       10            1838,358 
 843,443       10            1839,03 
 843,443       10            1839,702 
 843,443       10            1840,452 
 843,443       10            1841,217 
 843,443       10            1842,014 
 843,443       10            1842,702 
 843,443       10            1843,389 
 843,443       10            1844,155 
 843,443       10            1844,827 
 843,443       10            1845,592 
 843,443       10            1846,358 
 843,443       10            1847,077 
 843,443       10            1847,858 
 843,443       10            1848,624 
 843,443       10            1849,405 
 843,443       10            1850,108 
 843,443       10            1850,811 
 843,443       10            1851,577 
 843,443       10            1852,264 
 843,443       10            1852,983 
 843,443       10            1853,702 
 843,443       10            1854,389 
 843,443       10            1855,202 
 843,443       10            1855,811 
 843,443       10            1856,499 
 843,443       10            1857,264 
 843,443       10            1857,842 
 843,443       10            1858,577 
 843,443       10            1859,311 
 843,443       10            1859,999 
 843,443       10            1860,795 
 843,443       10            1861,436 
 843,443       10            1862,202 
 843,443       10            1862,905 
 843,443       10            1863,561 
 843,443       10            1864,358 
 843,443       10            1865,077 
 843,443       10            1865,811 
 843,443       10            1866,561 
 843,443       10            1867,217 
 843,443       10            1867,999 
 843,443       10            1868,67 
 843,443       10            1869,374 
 843,443       10            1870,124 
 843,443       10            1870,827 
 843,443       10            1871,624 
 843,443       10            1872,389 
 843,443       10            1873,124 
 843,443       10            1873,92 
 843,443       10            1874,655 
 843,443       10            1875,467 
 843,443       10            1876,28 
 843,443       10            1877,108 
 843,443       10            1877,827 
 843,443       10            1878,53 
 843,443       10            1879,311 
 843,443       10            1879,889 
 843,443       10            1880,624 
 843,443       10            1881,374 
 843,443       10            1882,155 
 843,443       10            1882,936 
 843,443       10            1883,624 
 843,443       10            1884,358 
 843,443       10            1885,077 
 843,443       10            1885,842 
 843,443       10            1886,655 
 843,443       10            1887,217 
 843,443       10            1888,014 
 843,443       10            1888,764 
 843,443       10            1889,452 
 843,443       10            1890,217 
 843,443       10            1890,983 
 843,443       10            1891,733 
 843,443       10            1892,405 
 843,443       10            1892,936 
 843,443       10            1893,702 
 843,443       10            1894,389 
 843,443       10            1895,233 
 843,443       10            1896,045 
 843,443       10            1896,858 
 843,443       10            1897,608 
 843,443       10            1898,233 
 843,443       10            1899,03 
 843,443       10            1899,702 
 843,443       10            1900,452 
 843,443       10            1901,264 
 843,443       10            1901,905 
 843,443       10            1902,686 
 843,443       10            1903,374 
 843,443       10            1904,092 
 843,443       10            1904,889 
 843,443       10            1905,577 
 843,443       10            1906,389 
 843,443       10            1907,17 
 843,443       10            1907,811 
 843,443       10            1908,561 
 843,443       10            1909,264 
 843,443       10            1910,03 
 843,443       10            1910,811 
 843,443       10            1911,467 
 843,443       10            1912,217 
 843,443       10            1912,952 
 843,443       10            1913,655 
 843,443       10            1914,467 
 843,443       10            1915,186 
 843,443       10            1916,014 
 843,443       10            1916,702 
 843,443       10            1917,452 
 843,443       10            1918,155 
 843,443       10            1918,827 
 843,443       10            1919,592 
 843,443       10            1920,28 
 843,443       10            1921,014 
 843,443       10            1921,78 
 843,443       10            1922,483 
 843,443       10            1923,249 
 843,443       10            1924,061 
 843,443       10            1924,749 
 843,443       10            1925,483 
 843,443       10            1926,295 
 843,443       10            1927,077 
 843,443       10            1927,795 
 843,443       10            1928,436 
 843,443       10            1929,124 
