Iteraciones:   1790 

Costo         Vehículos     Tiempo [seg]
 974,905       10            5,205 
 914,766       10            8,397 
 914,766       10            10,401 
 914,766       10            11,994 
 914,766       10            13,404 
 914,766       10            14,911 
 914,766       10            15,919 
 914,766       10            16,988 
 914,766       10            17,798 
 914,766       10            18,333 
 914,766       10            19,21 
 914,766       10            20,022 
 914,766       10            20,767 
 914,766       10            21,562 
 914,766       10            22,147 
 914,766       10            23,624 
 914,766       10            24,546 
 914,766       10            25,267 
 914,766       10            26,39 
 914,766       10            26,944 
 914,766       10            28,051 
 914,766       10            28,713 
 914,766       10            29,421 
 914,766       10            30,264 
 914,766       10            30,844 
 914,766       10            31,309 
 914,766       10            31,903 
 914,766       10            32,838 
 914,766       10            34,375 
 914,766       10            35,185 
 914,766       10            35,802 
 914,766       10            36,596 
 914,766       10            37,777 
 914,766       10            38,947 
 914,766       10            39,859 
 914,766       10            40,677 
 914,766       10            41,78 
 914,766       10            42,583 
 914,766       10            43,147 
 914,766       10            43,918 
 914,766       10            44,396 
 914,766       10            45,221 
 914,766       10            45,927 
 914,766       10            47,109 
 914,766       10            47,553 
 914,766       10            48,221 
 914,766       10            49,101 
 914,766       10            50,047 
 914,766       10            50,731 
 914,766       10            51,489 
 914,766       10            52,034 
 914,766       10            52,857 
 914,766       10            53,265 
 914,766       10            53,856 
 914,766       10            54,491 
 914,766       10            55,363 
 914,766       10            55,98 
 914,766       10            56,468 
 914,766       10            57,401 
 914,766       10            57,871 
 914,766       10            58,954 
 914,766       10            59,508 
 914,766       10            60,362 
 914,766       10            61,025 
 914,766       10            62,332 
 914,766       10            63,129 
 914,766       10            64,099 
 914,766       10            65,014 
 914,766       10            66,413 
 914,766       10            66,941 
 914,766       10            67,594 
 914,766       10            68,215 
 914,766       10            69,577 
 914,766       10            70,525 
 914,766       10            71,53 
 914,766       10            72,223 
 914,766       10            72,958 
 914,766       10            73,733 
 914,766       10            74,621 
 914,766       10            75,054 
 914,766       10            76,211 
 914,766       10            77,244 
 914,766       10            78,685 
 914,766       10            79,766 
 914,766       10            80,438 
 914,766       10            81,31 
 914,766       10            82,36 
 914,766       10            83,234 
 914,766       10            84,349 
 914,766       10            85,397 
 914,766       10            86,039 
 914,766       10            86,742 
 914,766       10            87,492 
 914,766       10            88,222 
 914,766       10            88,984 
 914,766       10            89,835 
 914,766       10            90,503 
 914,766       10            91,641 
 914,766       10            92,156 
 914,766       10            92,899 
 914,766       10            93,66 
 914,766       10            94,195 
 914,766       10            94,937 
 914,766       10            96,148 
 914,766       10            96,651 
 914,766       10            97,382 
 914,766       10            98,008 
 914,766       10            98,769 
 914,766       10            99,898 
 914,766       10            100,904 
 914,766       10            101,448 
 914,766       10            102,587 
 914,766       10            103,528 
 914,766       10            104,675 
 914,766       10            105,433 
 914,766       10            106,307 
 914,766       10            106,91 
 914,766       10            107,875 
 914,766       10            109,476 
 914,766       10            110,757 
 914,766       10            111,296 
 914,766       10            112,292 
 914,766       10            113,029 
 914,766       10            113,462 
 914,766       10            114,343 
 905,552       10            115,04 
 905,552       10            116,455 
 905,552       10            117,039 
 905,552       10            117,796 
 905,552       10            119,069 
 905,552       10            120,058 
 905,552       10            120,508 
 905,552       10            121,686 
 905,552       10            122,261 
 905,552       10            122,857 
 905,552       10            123,299 
 905,552       10            123,775 
 905,552       10            124,623 
 905,552       10            125,237 
 905,552       10            125,907 
 905,552       10            127,064 
 905,552       10            128,165 
 905,552       10            129,385 
 905,552       10            129,918 
 905,552       10            130,556 
 905,552       10            131,294 
 905,552       10            132,158 
 905,552       10            132,638 
 905,552       10            133,046 
 905,552       10            133,886 
 905,552       10            134,461 
 905,552       10            134,958 
 905,552       10            135,491 
 905,552       10            136,563 
 905,552       10            137,233 
 905,552       10            138,566 
 905,552       10            139,03 
 905,552       10            139,924 
 905,552       10            140,636 
 905,552       10            141,49 
 905,552       10            142,271 
 905,552       10            142,748 
 905,552       10            143,333 
 905,552       10            144,286 
 905,552       10            144,754 
 905,552       10            145,3 
 905,552       10            146,156 
 905,552       10            146,676 
 905,552       10            147,49 
 905,552       10            148,043 
 905,552       10            149,11 
 905,552       10            149,777 
 905,552       10            150,423 
 905,552       10            151,217 
 905,552       10            151,91 
 905,552       10            152,62 
 905,552       10            153,23 
 905,552       10            153,927 
 905,552       10            155,171 
 905,552       10            155,851 
 905,552       10            156,38 
 905,552       10            156,957 
 905,552       10            157,55 
 905,552       10            158,311 
 905,552       10            158,992 
 905,552       10            159,695 
 905,552       10            160,338 
 905,552       10            160,839 
 905,552       10            161,346 
 905,552       10            162,002 
 905,552       10            162,615 
 905,552       10            163,279 
 905,552       10            163,965 
 905,552       10            165,15 
 905,552       10            165,632 
 905,552       10            166,31 
 905,552       10            167,071 
 905,552       10            167,662 
 905,552       10            168,307 
 905,552       10            169,029 
 905,552       10            169,717 
 905,552       10            170,536 
 905,552       10            171,081 
 905,552       10            171,708 
 905,552       10            172,342 
 905,552       10            172,974 
 905,552       10            173,827 
 905,552       10            174,573 
 897,688       10            175,402 
 897,688       10            176,367 
 897,688       10            176,92 
 897,688       10            177,688 
 897,688       10            178,162 
 897,688       10            178,944 
 897,688       10            179,63 
 897,688       10            180,213 
 897,688       10            180,804 
 897,688       10            181,297 
 897,688       10            182,145 
 897,688       10            182,816 
 897,688       10            183,941 
 897,688       10            184,843 
 897,688       10            187,069 
 897,688       10            188,212 
 897,688       10            189,025 
 897,688       10            189,644 
 897,688       10            190,363 
 897,688       10            191,107 
 897,688       10            191,839 
 897,688       10            192,393 
 897,688       10            192,968 
 897,688       10            193,498 
 897,688       10            194,204 
 897,688       10            194,964 
 897,688       10            195,859 
 897,688       10            196,611 
 897,688       10            197,096 
 897,688       10            197,666 
 897,688       10            198,522 
 897,688       10            199,325 
 897,688       10            199,924 
 897,688       10            200,674 
 897,688       10            201,169 
 897,688       10            201,721 
 897,688       10            202,144 
 897,688       10            203,049 
 897,688       10            203,522 
 897,688       10            204,02 
 897,688       10            204,596 
 897,688       10            205,79 
 897,688       10            206,465 
 897,688       10            207,168 
 897,688       10            207,737 
 897,688       10            209,205 
 897,688       10            209,916 
 897,688       10            210,396 
 897,688       10            210,948 
 897,688       10            212,371 
 897,688       10            213,443 
 897,688       10            214,105 
 897,688       10            214,96 
 897,688       10            215,428 
 897,688       10            216,377 
 897,688       10            217,253 
 897,688       10            217,863 
 897,688       10            218,805 
 897,688       10            219,459 
 897,688       10            220,429 
 897,688       10            221,179 
 897,688       10            222,047 
 897,688       10            222,575 
 897,688       10            223,544 
 892,877       10            224,285 
 892,877       10            225,348 
 892,877       10            226,305 
 892,877       10            226,85 
 892,877       10            227,697 
 892,877       10            228,429 
 892,877       10            229,131 
 892,877       10            230,118 
 892,877       10            231,022 
 892,877       10            231,902 
 892,877       10            233,024 
 892,877       10            233,729 
 892,877       10            234,256 
 892,877       10            235,585 
 892,877       10            236,912 
 892,877       10            237,454 
 892,877       10            238,223 
 892,877       10            239,083 
 892,877       10            239,799 
 892,877       10            240,402 
 892,877       10            241,167 
 892,877       10            242,023 
 892,877       10            242,705 
 892,877       10            243,364 
 892,877       10            243,854 
 892,877       10            244,619 
 892,877       10            245,425 
 892,877       10            246,174 
 892,877       10            246,952 
 892,877       10            247,7 
 892,877       10            248,297 
 892,877       10            248,859 
 892,877       10            249,303 
 892,877       10            250,001 
 892,877       10            250,688 
 892,877       10            251,418 
 892,877       10            252,015 
 892,877       10            252,491 
 892,877       10            253,075 
 892,877       10            254,453 
 892,877       10            254,93 
 892,877       10            255,799 
 892,877       10            256,417 
 892,877       10            257,229 
 892,877       10            257,613 
 892,877       10            258,584 
 892,877       10            259,478 
 892,877       10            260,204 
 892,877       10            261,653 
 892,877       10            262,122 
 892,877       10            262,673 
 892,877       10            263,459 
 892,877       10            263,934 
 892,877       10            264,831 
 892,877       10            265,573 
 892,877       10            266,375 
 892,877       10            267,533 
 892,877       10            268,217 
 892,877       10            268,549 
 892,877       10            269,231 
 892,877       10            270,035 
 892,877       10            271,011 
 892,877       10            271,69 
 892,877       10            272,436 
 892,877       10            273,285 
 892,877       10            274,028 
 892,877       10            274,532 
 892,877       10            275,387 
 892,877       10            275,899 
 892,877       10            276,584 
 892,877       10            277,967 
 892,877       10            278,717 
 892,877       10            279,906 
 892,877       10            280,875 
 892,877       10            281,509 
 892,877       10            282,491 
 892,877       10            283,659 
 892,877       10            284,613 
 892,877       10            285,302 
 892,877       10            286,002 
 892,877       10            286,585 
 892,877       10            287,32 
 892,877       10            287,69 
 892,877       10            288,345 
 892,877       10            288,988 
 892,877       10            289,87 
 892,877       10            290,32 
 892,877       10            291,295 
 892,877       10            291,983 
 892,877       10            292,53 
 892,877       10            293,177 
 892,877       10            294,054 
 892,877       10            294,806 
 892,877       10            295,634 
 892,877       10            297,155 
 892,877       10            297,931 
 892,877       10            298,586 
 892,877       10            299,323 
 892,877       10            299,991 
 892,877       10            300,865 
 892,877       10            301,819 
 892,877       10            302,461 
 892,877       10            303,451 
 892,877       10            304,262 
 892,877       10            304,873 
 892,877       10            305,736 
 892,877       10            306,717 
 892,877       10            307,649 
 892,877       10            308,827 
 892,877       10            309,313 
 892,877       10            309,787 
 892,877       10            310,397 
 892,877       10            310,972 
 892,877       10            311,565 
 892,877       10            312,316 
 892,877       10            313,153 
 892,877       10            313,712 
 892,877       10            314,207 
 892,877       10            314,766 
 892,877       10            315,64 
 892,877       10            316,324 
 892,877       10            316,929 
 892,877       10            318,079 
 892,877       10            319,37 
 892,877       10            320,469 
 892,877       10            321,064 
 892,877       10            321,684 
 892,877       10            322,481 
 892,877       10            323,267 
 892,877       10            324,143 
 892,877       10            324,907 
 892,877       10            325,566 
 892,877       10            326,171 
 892,877       10            327,157 
 892,877       10            327,865 
 892,877       10            329,029 
 892,877       10            329,783 
 892,877       10            330,596 
 892,877       10            331,081 
 892,877       10            331,661 
 892,877       10            332,236 
 892,877       10            332,716 
 892,877       10            334,006 
 892,877       10            334,855 
 892,877       10            335,538 
 892,877       10            336,433 
 892,877       10            336,922 
 892,877       10            337,611 
 892,877       10            338,231 
 892,877       10            339,052 
 892,877       10            339,719 
 892,877       10            340,343 
 892,877       10            341,331 
 892,877       10            342,587 
 892,877       10            343,734 
 892,877       10            344,537 
 892,877       10            345,705 
 892,877       10            346,231 
 892,877       10            347,521 
 892,877       10            347,925 
 892,877       10            348,699 
 892,877       10            349,589 
 892,877       10            350,232 
 892,877       10            350,84 
 892,877       10            351,799 
 892,877       10            352,375 
 892,877       10            353,019 
 892,877       10            353,969 
 892,877       10            354,61 
 892,877       10            355,688 
 892,877       10            356,621 
 892,877       10            357,56 
 892,877       10            358,697 
 892,877       10            359,339 
 892,877       10            360,246 
 892,877       10            360,978 
 892,877       10            362,399 
 892,877       10            363,219 
 892,877       10            363,818 
 892,877       10            364,764 
 892,877       10            365,842 
 892,877       10            366,486 
 892,877       10            367,165 
 892,877       10            367,944 
 892,877       10            368,375 
 892,877       10            369,068 
 892,877       10            370,199 
 892,877       10            370,916 
 892,877       10            371,937 
 892,877       10            372,361 
 892,877       10            372,971 
 892,877       10            373,555 
 892,877       10            374,62 
 892,877       10            375,065 
 892,877       10            375,848 
 892,877       10            376,94 
 892,877       10            378,027 
 892,877       10            378,79 
 892,877       10            379,324 
 892,877       10            380,329 
 892,877       10            381,38 
 892,877       10            382,026 
 892,877       10            382,675 
 892,877       10            383,518 
 892,877       10            384,39 
 892,877       10            385,198 
 892,877       10            385,823 
 892,877       10            387,017 
 892,877       10            387,729 
 892,877       10            388,484 
 892,877       10            389,192 
 892,877       10            389,922 
 892,877       10            390,517 
 892,877       10            391,252 
 892,877       10            391,93 
 892,877       10            392,319 
 892,877       10            392,908 
 892,877       10            394,05 
 892,877       10            394,703 
 892,877       10            395,632 
 892,877       10            396,273 
 892,877       10            397,651 
 892,877       10            398,785 
 892,877       10            399,638 
 892,877       10            400,254 
 892,877       10            400,889 
 892,877       10            401,313 
 892,877       10            402,223 
 892,877       10            403,084 
 892,877       10            403,892 
 892,877       10            404,417 
 892,877       10            405,287 
 892,877       10            406,132 
 892,877       10            406,955 
 892,877       10            407,934 
 892,877       10            408,694 
 892,877       10            409,448 
 892,877       10            410,152 
 892,877       10            410,7 
 892,877       10            411,217 
 892,877       10            412,46 
 892,877       10            413,282 
 892,877       10            414,043 
 892,877       10            414,537 
 892,877       10            415,433 
 892,877       10            415,853 
 892,877       10            416,565 
 892,877       10            417,731 
 892,877       10            418,476 
 892,877       10            419,087 
 892,877       10            419,579 
 892,877       10            420,173 
 892,877       10            420,892 
 892,877       10            421,809 
 892,877       10            422,406 
 892,877       10            423,068 
 892,877       10            423,654 
 892,877       10            424,287 
 892,877       10            425,244 
 892,877       10            425,781 
 892,877       10            426,477 
 892,877       10            426,932 
 892,877       10            427,622 
 892,877       10            428,091 
 892,877       10            428,722 
 892,877       10            429,612 
 892,877       10            430,516 
 892,877       10            431,082 
 892,877       10            432,272 
 892,877       10            432,722 
 892,877       10            433,342 
 892,877       10            434,523 
 892,877       10            435,172 
 892,877       10            435,592 
 892,877       10            436,227 
 892,877       10            436,829 
 892,877       10            437,469 
 892,877       10            438,068 
 892,877       10            439,26 
 892,877       10            440,27 
 892,877       10            441,112 
 892,877       10            442,003 
 892,877       10            442,54 
 892,877       10            442,953 
 892,877       10            443,879 
 892,877       10            444,704 
 892,877       10            445,564 
 892,877       10            446,16 
 892,877       10            446,752 
 892,877       10            447,354 
 892,877       10            448,136 
 892,877       10            449,083 
 892,877       10            449,634 
 892,877       10            450,046 
 892,877       10            451,15 
 892,877       10            451,727 
 892,877       10            452,59 
 892,877       10            453,293 
 892,877       10            453,893 
 892,877       10            454,809 
 892,877       10            455,48 
 892,877       10            456,302 
 892,877       10            457,082 
 892,877       10            457,779 
 892,877       10            458,73 
 892,877       10            460,032 
 892,877       10            460,99 
 892,877       10            461,785 
 892,877       10            462,412 
 892,877       10            463,752 
 892,877       10            464,638 
 892,877       10            465,4 
 892,877       10            465,784 
 892,877       10            466,428 
 892,877       10            467,168 
 892,877       10            468,033 
 892,877       10            468,868 
 892,877       10            469,74 
 892,877       10            470,386 
 892,877       10            471,258 
 892,877       10            471,979 
 892,877       10            472,678 
 892,877       10            473,056 
 892,877       10            473,586 
 892,877       10            474,448 
 892,877       10            474,968 
 892,877       10            475,635 
 892,877       10            476,187 
 892,877       10            477,033 
 892,877       10            478,066 
 892,877       10            478,808 
 892,877       10            479,515 
 892,877       10            480,342 
 892,877       10            480,965 
 892,877       10            481,794 
 892,877       10            482,776 
 892,877       10            483,356 
 892,877       10            483,828 
 892,877       10            484,473 
 892,877       10            485,401 
 892,877       10            486,11 
 892,877       10            486,893 
 892,877       10            487,814 
 892,877       10            488,323 
 892,877       10            489,043 
 892,877       10            489,645 
 892,877       10            490,196 
 892,877       10            491,088 
 892,877       10            491,975 
 892,877       10            492,708 
 892,877       10            493,431 
 892,877       10            494,442 
 892,877       10            494,86 
 892,877       10            495,806 
 892,877       10            496,876 
 892,877       10            497,701 
 892,877       10            498,914 
 892,877       10            499,607 
 892,877       10            500,124 
 892,877       10            500,742 
 892,877       10            501,329 
 892,877       10            502,197 
 892,877       10            502,825 
 892,877       10            503,382 
 892,877       10            504,447 
 892,877       10            505,119 
 892,877       10            505,606 
 892,877       10            506,566 
 892,877       10            507,824 
 892,877       10            508,587 
 892,877       10            509,567 
 892,877       10            510,537 
 892,877       10            511,583 
 892,877       10            512,757 
 892,877       10            513,406 
 892,877       10            514,487 
 892,877       10            515,441 
 892,877       10            515,951 
 892,877       10            517,143 
 892,877       10            517,596 
 892,877       10            518,072 
 890,87        10            518,686 
 890,87        10            519,442 
 890,87        10            521,04 
 890,87        10            522,56 
 890,87        10            523,334 
 890,87        10            524,888 
 890,87        10            525,243 
 890,87        10            526,165 
 890,87        10            526,657 
 890,87        10            527,636 
 890,87        10            528,56 
 890,87        10            529,67 
 890,87        10            530,205 
 890,87        10            530,845 
 890,87        10            531,479 
 890,87        10            532,163 
 890,87        10            533,502 
 890,87        10            534,271 
 890,87        10            535,362 
 890,87        10            536,562 
 890,87        10            537,096 
 890,87        10            537,802 
 890,87        10            539,013 
 890,87        10            539,783 
 890,87        10            541,11 
 890,87        10            542,169 
 890,87        10            542,875 
 890,87        10            544,136 
 890,87        10            545,488 
 890,87        10            546,645 
 890,87        10            547,517 
 890,87        10            548,302 
 890,87        10            548,816 
 890,87        10            549,256 
 890,87        10            550,371 
 890,87        10            551,573 
 890,87        10            552,867 
 890,87        10            553,4 
 890,87        10            554,277 
 890,87        10            554,873 
 890,87        10            555,801 
 890,87        10            556,487 
 890,87        10            557,235 
 890,87        10            557,753 
 890,87        10            559,054 
 890,87        10            559,871 
 890,87        10            561,096 
 890,87        10            561,546 
 890,87        10            562,257 
 890,87        10            562,874 
 890,87        10            563,663 
 890,87        10            564,221 
 890,87        10            564,778 
 890,87        10            565,69 
 890,87        10            566,491 
 890,87        10            567,483 
 890,87        10            568,539 
 890,87        10            569,086 
 890,87        10            569,776 
 890,87        10            570,89 
 890,87        10            572,62 
 890,87        10            573,593 
 890,87        10            574,338 
 890,87        10            575,021 
 890,87        10            576,08 
 890,87        10            576,893 
 890,87        10            577,839 
 890,87        10            578,374 
 890,87        10            579,701 
 890,87        10            580,437 
 890,87        10            581,154 
 890,87        10            581,973 
 890,87        10            582,743 
 890,87        10            583,441 
 890,87        10            584,491 
 890,87        10            585,361 
 890,87        10            586,645 
 890,87        10            587,176 
 890,87        10            587,97 
 890,87        10            588,64 
 890,87        10            590,211 
 890,87        10            590,894 
 890,87        10            591,48 
 890,87        10            592,218 
 890,87        10            593,012 
 890,87        10            594,16 
 890,87        10            594,781 
 890,87        10            595,508 
 890,87        10            596,333 
 890,87        10            597,027 
 890,87        10            597,86 
 890,87        10            599,072 
 890,87        10            600,581 
 890,87        10            601,626 
 890,87        10            602,515 
 890,87        10            603,091 
 890,87        10            603,673 
 890,87        10            604,759 
 890,87        10            605,721 
 890,87        10            607,116 
 890,87        10            607,906 
 890,87        10            608,952 
 890,87        10            609,852 
 890,87        10            611,016 
 888,469       10            612,09 
 888,469       10            612,589 
 888,469       10            613,143 
 888,469       10            614,056 
 888,469       10            614,921 
 888,469       10            615,892 
 888,469       10            616,7 
 888,469       10            617,331 
 888,469       10            618,527 
 888,469       10            619,812 
 888,469       10            620,463 
 888,469       10            621,127 
 888,469       10            622,132 
 888,469       10            622,998 
 888,469       10            624,164 
 888,469       10            624,955 
 888,469       10            626,13 
 888,469       10            627,123 
 888,469       10            628,569 
 888,469       10            629,375 
 888,469       10            629,814 
 888,469       10            630,381 
 888,469       10            631,007 
 888,469       10            631,77 
 888,469       10            632,495 
 888,469       10            633,304 
 888,469       10            634,506 
 888,469       10            635,462 
 888,469       10            636,127 
 888,469       10            636,991 
 888,469       10            637,944 
 888,469       10            638,999 
 874,335       10            640,626 
 874,335       10            641,405 
 874,335       10            642,227 
 874,335       10            643,047 
 874,335       10            643,598 
 874,335       10            644,134 
 874,335       10            644,941 
 874,335       10            645,946 
 874,335       10            646,488 
 874,335       10            646,835 
 874,335       10            647,593 
 874,335       10            648,191 
 874,335       10            648,752 
 874,335       10            649,588 
 874,335       10            650,696 
 874,335       10            651,191 
 874,335       10            651,58 
 874,335       10            652,138 
 874,335       10            653,065 
 874,335       10            654,261 
 874,335       10            654,817 
 874,335       10            655,624 
 874,335       10            656,307 
 874,335       10            656,713 
 874,335       10            657,297 
 874,335       10            657,773 
 874,335       10            659,234 
 874,335       10            660,079 
 874,335       10            661,051 
 874,335       10            662,599 
 874,335       10            663,424 
 874,335       10            664,175 
 874,335       10            664,626 
 874,335       10            665,272 
 874,335       10            666,037 
 874,335       10            666,568 
 874,335       10            667,329 
 874,335       10            667,749 
 874,335       10            668,515 
 874,335       10            669,202 
 874,335       10            669,99 
 874,335       10            670,868 
 874,335       10            671,376 
 874,335       10            672,292 
 874,335       10            673,029 
 874,335       10            673,821 
 874,335       10            674,609 
 874,335       10            675,769 
 874,335       10            676,564 
 874,335       10            676,925 
 874,335       10            677,859 
 874,335       10            678,643 
 874,335       10            679,639 
 874,335       10            680,093 
 874,335       10            680,649 
 874,335       10            681,174 
 874,335       10            681,782 
 874,335       10            682,294 
 874,335       10            683,092 
 874,335       10            683,788 
 874,335       10            684,684 
 874,335       10            685,207 
 874,335       10            685,805 
 874,335       10            686,786 
 874,335       10            687,335 
 874,335       10            688,013 
 874,335       10            689,112 
 874,335       10            689,857 
 874,335       10            690,492 
 874,335       10            691,014 
 874,335       10            691,506 
 874,335       10            692,08 
 874,335       10            693,027 
 874,335       10            693,73 
 874,335       10            694,466 
 874,335       10            695,15 
 874,335       10            695,868 
 874,335       10            696,446 
 874,335       10            697,236 
 874,335       10            697,993 
 874,335       10            698,852 
 874,335       10            699,525 
 874,335       10            700,109 
 874,335       10            700,572 
 874,335       10            701 
 874,335       10            701,52 
 874,335       10            701,951 
 874,335       10            702,55 
 874,335       10            703,318 
 874,335       10            703,943 
 874,335       10            704,543 
 874,335       10            704,976 
 874,335       10            705,469 
 874,335       10            706,543 
 874,335       10            707,132 
 874,335       10            707,542 
 874,335       10            708,11 
 874,335       10            708,731 
 874,335       10            709,523 
 874,335       10            710,048 
 874,335       10            710,461 
 874,335       10            711,27 
 874,335       10            711,748 
 874,335       10            712,516 
 874,335       10            713,151 
 874,335       10            713,697 
 874,335       10            714,646 
 874,335       10            714,984 
 874,335       10            715,514 
 874,335       10            716,046 
 874,335       10            716,635 
 874,335       10            717,084 
 874,335       10            717,61 
 874,335       10            718,705 
 874,335       10            719,436 
 874,335       10            720,158 
 874,335       10            720,895 
 874,335       10            721,502 
 874,335       10            722,062 
 874,335       10            722,569 
 874,335       10            722,975 
 874,335       10            723,568 
 874,335       10            724,141 
 874,335       10            724,892 
 874,335       10            725,765 
 874,335       10            726,192 
 874,335       10            726,884 
 874,335       10            727,487 
 874,335       10            728,521 
 874,335       10            729,034 
 874,335       10            729,751 
 874,335       10            730,239 
 874,335       10            731,084 
 874,335       10            731,761 
 874,335       10            732,516 
 874,335       10            733,453 
 874,335       10            734,091 
 874,335       10            734,781 
 874,335       10            735,224 
 874,335       10            736,211 
 874,335       10            737,057 
 874,335       10            737,733 
 874,335       10            738,316 
 874,335       10            739,426 
 874,335       10            740,175 
 874,335       10            741,38 
 874,335       10            742,616 
 874,335       10            743,061 
 874,335       10            743,523 
 874,335       10            744,23 
 874,335       10            744,754 
 874,335       10            745,624 
 874,335       10            746,056 
 874,335       10            746,549 
 874,335       10            747,177 
 874,335       10            747,83 
 874,335       10            748,346 
 874,335       10            748,966 
 874,335       10            749,709 
 874,335       10            750,525 
 874,335       10            751,45 
 874,335       10            752,228 
 874,335       10            752,77 
 874,335       10            753,435 
 874,335       10            754,157 
 874,335       10            755,084 
 874,335       10            756,081 
 874,335       10            756,831 
 874,335       10            757,476 
 874,335       10            757,874 
 874,335       10            758,547 
 874,335       10            758,963 
 874,335       10            759,426 
 874,335       10            759,953 
 874,335       10            760,48 
 874,335       10            761,39 
 874,335       10            762,027 
 874,335       10            762,49 
 874,335       10            763,45 
 874,335       10            763,902 
 874,335       10            764,667 
 874,335       10            765,278 
 874,335       10            765,845 
 874,335       10            766,809 
 874,335       10            767,567 
 874,335       10            767,981 
 874,335       10            768,646 
 874,335       10            769,384 
 874,335       10            770,034 
 874,335       10            770,962 
 874,335       10            771,423 
 874,335       10            771,87 
 874,335       10            772,674 
 874,335       10            773,345 
 874,335       10            773,978 
 874,335       10            774,605 
 874,335       10            775,283 
 874,335       10            776,131 
 874,335       10            776,654 
 874,335       10            777,216 
 874,335       10            778,279 
 874,335       10            779,396 
 874,335       10            779,951 
 874,335       10            780,637 
 874,335       10            781,13 
 874,335       10            781,617 
 874,335       10            782,247 
 874,335       10            782,845 
 874,335       10            783,597 
 874,335       10            784,154 
 874,335       10            784,844 
 874,335       10            785,383 
 874,335       10            785,845 
 874,335       10            786,583 
 874,335       10            787,284 
 874,335       10            787,881 
 874,335       10            788,72 
 874,335       10            789,422 
 874,335       10            789,935 
 874,335       10            790,359 
 874,335       10            790,964 
 874,335       10            791,627 
 874,335       10            792,498 
 874,335       10            792,879 
 874,335       10            793,643 
 874,335       10            794,091 
 874,335       10            794,959 
 874,335       10            795,41 
 874,335       10            796,118 
 874,335       10            796,702 
 874,335       10            797,814 
 874,335       10            798,249 
 874,335       10            799,229 
 874,335       10            799,949 
 874,335       10            800,453 
 874,335       10            801,101 
 874,335       10            801,827 
 874,335       10            802,392 
 874,335       10            802,883 
 874,335       10            803,664 
 874,335       10            804,259 
 874,335       10            804,672 
 874,335       10            805,734 
 874,335       10            806,309 
 874,335       10            806,748 
 874,335       10            807,711 
 874,335       10            808,479 
 874,335       10            809,029 
 874,335       10            809,556 
 874,335       10            810,136 
 874,335       10            810,864 
 874,335       10            812,248 
 874,335       10            812,935 
 874,335       10            813,362 
 874,335       10            814,475 
 874,335       10            814,942 
 874,335       10            815,895 
 874,335       10            816,402 
 874,335       10            817,191 
 874,335       10            817,825 
 874,335       10            818,581 
 874,335       10            818,978 
 874,335       10            820,265 
 874,335       10            820,854 
 874,335       10            821,785 
 874,335       10            822,32 
 874,335       10            822,735 
 874,335       10            823,337 
 874,335       10            824,297 
 874,335       10            825,06 
 874,335       10            825,745 
 874,335       10            826,149 
 874,335       10            826,634 
 874,335       10            827,188 
 874,335       10            827,686 
 874,335       10            828,44 
 874,335       10            828,991 
 874,335       10            830,003 
 874,335       10            830,685 
 874,335       10            831,194 
 874,335       10            831,774 
 874,335       10            832,302 
 874,335       10            832,795 
 874,335       10            833,365 
 874,335       10            833,918 
 874,335       10            834,618 
 874,335       10            835,742 
 874,335       10            836,521 
 874,335       10            837,306 
 874,335       10            838,241 
 874,335       10            838,694 
 874,335       10            839,094 
 874,335       10            839,802 
 874,335       10            840,324 
 874,335       10            840,898 
 874,335       10            841,413 
 874,335       10            842,005 
 874,335       10            842,699 
 874,335       10            843,277 
 874,335       10            844,091 
 874,335       10            844,501 
 874,335       10            845,081 
 874,335       10            845,751 
 874,335       10            846,274 
 874,335       10            846,779 
 874,335       10            847,372 
 874,335       10            848,215 
 874,335       10            849,158 
 874,335       10            849,757 
 874,335       10            850,724 
 874,335       10            851,181 
 874,335       10            851,746 
 874,335       10            852,275 
 874,335       10            853,029 
 874,335       10            853,534 
 874,335       10            854,2 
 874,335       10            855,059 
 874,335       10            855,613 
 874,335       10            856,429 
 874,335       10            857,224 
 874,335       10            858,093 
 874,335       10            858,521 
 874,335       10            859,318 
 874,335       10            859,858 
 874,335       10            860,461 
 874,335       10            861,259 
 874,335       10            862,137 
 874,335       10            862,655 
 874,335       10            863,122 
 874,335       10            864,054 
 874,335       10            864,685 
 874,335       10            865,247 
 874,335       10            865,9 
 874,335       10            866,354 
 874,335       10            866,908 
 874,335       10            867,735 
 874,335       10            868,636 
 874,335       10            869,696 
 874,335       10            870,928 
 874,335       10            871,638 
 874,335       10            872,188 
 874,335       10            872,589 
 874,335       10            873,08 
 874,335       10            873,558 
 874,335       10            874,406 
 874,335       10            874,812 
 874,335       10            875,225 
 874,335       10            875,917 
 874,335       10            876,676 
 874,335       10            877,414 
 874,335       10            877,999 
 874,335       10            878,757 
 874,335       10            879,704 
 874,335       10            880,762 
 874,335       10            881,246 
 874,335       10            882,037 
 874,335       10            882,502 
 874,335       10            882,989 
 874,335       10            883,482 
 874,335       10            883,941 
 874,335       10            884,882 
 874,335       10            885,341 
 874,335       10            885,9 
 874,335       10            886,643 
 874,335       10            887,296 
 874,335       10            888,218 
 874,335       10            888,658 
 874,335       10            889,269 
 874,335       10            889,805 
 874,335       10            890,331 
 874,335       10            890,79 
 874,335       10            891,365 
 874,335       10            891,915 
 874,335       10            893,175 
 874,335       10            894,245 
 874,335       10            894,855 
 874,335       10            895,812 
 874,335       10            896,403 
 874,335       10            896,807 
 874,335       10            897,407 
 874,335       10            897,99 
 874,335       10            898,838 
 874,335       10            899,653 
 874,335       10            900,183 
 874,335       10            900,764 
 874,335       10            901,318 
 874,335       10            901,737 
 874,335       10            902,322 
 874,335       10            902,884 
 874,335       10            903,987 
 874,335       10            904,753 
 874,335       10            905,551 
 874,335       10            906,349 
 874,335       10            906,965 
 874,335       10            907,557 
 874,335       10            908,064 
 874,335       10            909,083 
 874,335       10            909,743 
 874,335       10            910,361 
 874,335       10            910,896 
 874,335       10            911,485 
 874,335       10            912,181 
 874,335       10            912,788 
 874,335       10            913,766 
 874,335       10            914,208 
 874,335       10            915,252 
 874,335       10            916,228 
 874,335       10            917,533 
 874,335       10            918,18 
 874,335       10            918,76 
 874,335       10            919,152 
 874,335       10            919,637 
 874,335       10            920,368 
 874,335       10            921,019 
 874,335       10            921,517 
 874,335       10            922,2 
 874,335       10            922,984 
 874,335       10            923,701 
 874,335       10            924,648 
 874,335       10            925,242 
 874,335       10            925,725 
 874,335       10            926,342 
 874,335       10            926,896 
 874,335       10            927,411 
 874,335       10            928,099 
 874,335       10            928,798 
 874,335       10            929,574 
 874,335       10            929,966 
 874,335       10            930,98 
 874,335       10            931,75 
 874,335       10            932,436 
 874,335       10            932,942 
 874,335       10            933,494 
 874,335       10            934,159 
 874,335       10            935,341 
 874,335       10            936,149 
 874,335       10            936,698 
 874,335       10            937,578 
 874,335       10            938,588 
 874,335       10            939,3 
 874,335       10            939,743 
 874,335       10            940,227 
 874,335       10            940,949 
 874,335       10            941,67 
 874,335       10            942,079 
 874,335       10            942,665 
 874,335       10            943,988 
 874,335       10            944,581 
 874,335       10            945,272 
 874,335       10            946,179 
 874,335       10            946,664 
 874,335       10            947,304 
 874,335       10            948,078 
 874,335       10            948,778 
 874,335       10            949,833 
 874,335       10            950,432 
 874,335       10            951,053 
 874,335       10            952,056 
 874,335       10            952,817 
 874,335       10            953,549 
 874,335       10            954,052 
 874,335       10            954,612 
 874,335       10            955,21 
 874,335       10            955,828 
 874,335       10            956,278 
 874,335       10            957,098 
 874,335       10            958,093 
 874,335       10            959,555 
 874,335       10            960,16 
 874,335       10            960,783 
 874,335       10            962,093 
 874,335       10            962,58 
 874,335       10            963,206 
 874,335       10            963,848 
 874,335       10            964,327 
 874,335       10            964,846 
 874,335       10            965,934 
 874,335       10            966,575 
 874,335       10            967,134 
 874,335       10            968,046 
 874,335       10            968,673 
 874,335       10            969,788 
 874,335       10            970,244 
 874,335       10            970,766 
 874,335       10            971,484 
 874,335       10            972,252 
 874,335       10            973,005 
 874,335       10            973,749 
 874,335       10            974,608 
 874,335       10            975,234 
 874,335       10            976,019 
 874,335       10            976,612 
 874,335       10            977,298 
 874,335       10            977,921 
 874,335       10            978,507 
 874,335       10            979,289 
 874,335       10            979,68 
 874,335       10            980,472 
 874,335       10            980,991 
 874,335       10            981,657 
 874,335       10            982,363 
 874,335       10            983,009 
 874,335       10            983,544 
 874,335       10            983,943 
 874,335       10            984,607 
 874,335       10            985,092 
 874,335       10            985,635 
 874,335       10            986,455 
 874,335       10            987,158 
 874,335       10            988,028 
 874,335       10            988,972 
 874,335       10            989,5 
 874,335       10            990,109 
 874,335       10            990,742 
 874,335       10            991,149 
 874,335       10            991,728 
 874,335       10            992,951 
 874,335       10            993,992 
 874,335       10            994,882 
 874,335       10            995,612 
 874,335       10            996,57 
 874,335       10            997,061 
 874,335       10            997,567 
 874,335       10            998,009 
 874,335       10            998,485 
 874,335       10            999,562 
 874,335       10            1000,041 
 874,335       10            1001,036 
 874,335       10            1001,811 
 874,335       10            1002,762 
 874,335       10            1003,47 
 874,335       10            1003,992 
 874,335       10            1004,884 
 874,335       10            1005,645 
 874,335       10            1006,327 
 874,335       10            1006,904 
 874,335       10            1007,74 
 874,335       10            1008,739 
 874,335       10            1009,129 
 874,335       10            1010,02 
 874,335       10            1010,622 
 874,335       10            1011,021 
 874,335       10            1012,002 
 874,335       10            1012,87 
 874,335       10            1013,261 
 874,335       10            1013,802 
 874,335       10            1014,488 
 874,335       10            1014,905 
 874,335       10            1015,459 
 874,335       10            1015,897 
 874,335       10            1016,603 
 874,335       10            1017,221 
 874,335       10            1018,142 
 874,335       10            1018,566 
 874,335       10            1019,144 
 874,335       10            1019,978 
 874,335       10            1020,706 
 874,335       10            1021,882 
 874,335       10            1022,486 
 874,335       10            1023,238 
 874,335       10            1023,611 
 874,335       10            1024,44 
 874,335       10            1025,381 
 874,335       10            1026,245 
 874,335       10            1026,813 
 874,335       10            1027,323 
 874,335       10            1027,943 
 874,335       10            1028,748 
 874,335       10            1029,552 
 874,335       10            1030,193 
 874,335       10            1031,097 
 874,335       10            1031,955 
 874,335       10            1032,851 
 874,335       10            1033,559 
 874,335       10            1034,411 
 874,335       10            1035,38 
 874,335       10            1036,342 
 874,335       10            1037,054 
 874,335       10            1037,57 
 874,335       10            1038,249 
 874,335       10            1038,725 
 874,335       10            1039,258 
 874,335       10            1039,829 
 874,335       10            1040,691 
 874,335       10            1041,328 
 874,335       10            1041,875 
 874,335       10            1042,817 
 874,335       10            1043,302 
 874,335       10            1043,744 
 874,335       10            1044,337 
 874,335       10            1044,844 
 874,335       10            1045,603 
 874,335       10            1046,662 
 874,335       10            1047,151 
 874,335       10            1047,812 
 874,335       10            1048,391 
 874,335       10            1049,121 
 874,335       10            1049,589 
 874,335       10            1050,21 
 874,335       10            1050,811 
 874,335       10            1051,909 
 874,335       10            1052,525 
 874,335       10            1053,505 
 874,335       10            1054,052 
 874,335       10            1054,512 
 874,335       10            1055,164 
 874,335       10            1055,697 
 874,335       10            1056,344 
 874,335       10            1056,911 
 874,335       10            1057,341 
 874,335       10            1058,017 
 874,335       10            1058,629 
 874,335       10            1059,231 
 874,335       10            1059,771 
 874,335       10            1060,578 
 874,335       10            1061,152 
 874,335       10            1061,999 
 874,335       10            1063,217 
 874,335       10            1063,917 
 874,335       10            1064,781 
 874,335       10            1065,471 
 874,335       10            1065,947 
 874,335       10            1066,519 
 874,335       10            1067,256 
 874,335       10            1067,753 
 874,335       10            1069,044 
 874,335       10            1069,615 
 874,335       10            1070,134 
 874,335       10            1070,734 
 874,335       10            1071,425 
 874,335       10            1072,382 
 874,335       10            1072,971 
 874,335       10            1073,663 
 874,335       10            1074,522 
 874,335       10            1075,064 
 874,335       10            1075,637 
 874,335       10            1076,42 
 874,335       10            1076,923 
 874,335       10            1077,605 
 874,335       10            1078,034 
 874,335       10            1078,412 
 874,335       10            1078,787 
 874,335       10            1079,134 
 874,335       10            1079,741 
 874,335       10            1080,327 
 874,335       10            1081,103 
 874,335       10            1081,694 
 874,335       10            1082,949 
 874,335       10            1083,563 
 874,335       10            1084,297 
 874,335       10            1085,233 
 874,335       10            1085,95 
 874,335       10            1086,354 
 874,335       10            1087,094 
 874,335       10            1087,608 
 874,335       10            1088,034 
 874,335       10            1088,383 
 874,335       10            1089,438 
 874,335       10            1089,912 
 874,335       10            1090,559 
 874,335       10            1091,148 
 874,335       10            1091,856 
 874,335       10            1092,439 
 874,335       10            1093,03 
 874,335       10            1093,472 
 874,335       10            1094,39 
 874,335       10            1095,006 
 874,335       10            1095,597 
 874,335       10            1096,428 
 874,335       10            1096,984 
 874,335       10            1097,485 
 874,335       10            1098,555 
 874,335       10            1098,99 
 874,335       10            1099,532 
 874,335       10            1100,039 
 874,335       10            1100,539 
 874,335       10            1101,283 
 874,335       10            1102,117 
 874,335       10            1103,064 
 874,335       10            1103,726 
 874,335       10            1104,325 
 874,335       10            1105,302 
 874,335       10            1106,433 
 874,335       10            1107,049 
 874,335       10            1107,853 
 874,335       10            1108,38 
 874,335       10            1109,009 
 874,335       10            1109,562 
 874,335       10            1110,538 
 874,335       10            1110,954 
 874,335       10            1111,446 
 874,335       10            1112,563 
 874,335       10            1112,985 
 874,335       10            1113,658 
 874,335       10            1114,284 
 874,335       10            1115,016 
 874,335       10            1115,535 
 874,335       10            1116,013 
 874,335       10            1116,597 
 874,335       10            1117,404 
 874,335       10            1118,046 
 874,335       10            1118,738 
 874,335       10            1119,442 
 874,335       10            1119,827 
 874,335       10            1120,295 
 874,335       10            1120,995 
 874,335       10            1121,682 
 874,335       10            1122,178 
 874,335       10            1122,757 
 874,335       10            1123,293 
 874,335       10            1123,731 
 874,335       10            1124,692 
 874,335       10            1125,308 
 874,335       10            1126,152 
 874,335       10            1126,872 
 874,335       10            1127,203 
 874,335       10            1127,799 
 874,335       10            1128,561 
 874,335       10            1129,066 
 874,335       10            1129,62 
 874,335       10            1130,18 
 874,335       10            1131,55 
 874,335       10            1132,115 
 874,335       10            1132,686 
 874,335       10            1133,259 
 874,335       10            1133,874 
 874,335       10            1134,658 
 874,335       10            1135,079 
 874,335       10            1135,698 
 874,335       10            1136,215 
 874,335       10            1136,679 
 874,335       10            1137,488 
 874,335       10            1138,012 
 874,335       10            1138,698 
 874,335       10            1139,077 
 874,335       10            1139,779 
 874,335       10            1140,776 
 874,335       10            1141,685 
 874,335       10            1142,576 
 874,335       10            1143,04 
 874,335       10            1143,899 
 874,335       10            1144,46 
 874,335       10            1145,352 
 874,335       10            1146,199 
 874,335       10            1146,751 
 874,335       10            1147,638 
 874,335       10            1148,165 
 874,335       10            1148,916 
 874,335       10            1149,503 
 874,335       10            1149,979 
 874,335       10            1150,893 
 874,335       10            1151,61 
 874,335       10            1152,355 
 874,335       10            1152,676 
 874,335       10            1153,314 
 874,335       10            1154,175 
 874,335       10            1154,844 
 874,335       10            1155,315 
 874,335       10            1155,966 
 874,335       10            1156,797 
 874,335       10            1157,656 
 874,335       10            1158,143 
 874,335       10            1158,537 
 874,335       10            1159,581 
 874,335       10            1160,17 
 874,335       10            1160,885 
 874,335       10            1161,527 
 874,335       10            1162,137 
 874,335       10            1163,019 
 874,335       10            1163,499 
 874,335       10            1164,017 
 874,335       10            1164,746 
 874,335       10            1165,428 
 874,335       10            1166,186 
 874,335       10            1166,705 
 874,335       10            1167,43 
 874,335       10            1168,013 
 874,335       10            1168,946 
 874,335       10            1169,765 
 874,335       10            1170,26 
 874,335       10            1170,981 
 874,335       10            1171,944 
 874,335       10            1172,616 
 874,335       10            1173,085 
 874,335       10            1173,884 
 874,335       10            1175,046 
 874,335       10            1175,744 
 874,335       10            1176,189 
 874,335       10            1176,665 
 874,335       10            1177,104 
 874,335       10            1177,856 
 874,335       10            1179,075 
 874,335       10            1179,635 
 874,335       10            1180,215 
 874,335       10            1181,132 
 874,335       10            1181,911 
 874,335       10            1182,56 
 874,335       10            1183,693 
 874,335       10            1184,626 
 874,335       10            1185,164 
 874,335       10            1185,811 
 874,335       10            1186,263 
 874,335       10            1186,81 
 874,335       10            1187,819 
 874,335       10            1188,357 
 874,335       10            1188,757 
 874,335       10            1189,588 
 874,335       10            1190,047 
 874,335       10            1190,977 
 874,335       10            1191,711 
 874,335       10            1192,342 
 874,335       10            1192,799 
 874,335       10            1193,672 
 874,335       10            1194,169 
 874,335       10            1194,762 
 874,335       10            1195,849 
 874,335       10            1196,437 
 874,335       10            1197,308 
 874,335       10            1197,79 
 874,335       10            1198,382 
 874,335       10            1199,302 
 874,335       10            1200,442 
 874,335       10            1200,994 
 874,335       10            1201,61 
 874,335       10            1202,104 
 874,335       10            1203,029 
 874,335       10            1203,776 
 874,335       10            1204,222 
 874,335       10            1204,956 
 874,335       10            1205,766 
 874,335       10            1206,297 
 874,335       10            1207,711 
 874,335       10            1208,196 
 874,335       10            1209,002 
 874,335       10            1210,285 
 874,335       10            1211,051 
 874,335       10            1211,983 
 874,335       10            1212,635 
 874,335       10            1213,301 
 874,335       10            1213,76 
 874,335       10            1214,279 
 874,335       10            1214,734 
 874,335       10            1215,352 
 874,335       10            1216,056 
 874,335       10            1216,503 
 874,335       10            1217,258 
 874,335       10            1217,838 
 874,335       10            1218,347 
 874,335       10            1219,026 
 874,335       10            1219,653 
 874,335       10            1220,035 
 874,335       10            1220,701 
 874,335       10            1221,486 
 874,335       10            1222,592 
 874,335       10            1223,528 
 874,335       10            1223,939 
 874,335       10            1224,373 
 874,335       10            1225,174 
 874,335       10            1225,733 
 874,335       10            1226,427 
 874,335       10            1226,992 
 874,335       10            1227,466 
 874,335       10            1228,043 
 874,335       10            1228,835 
 874,335       10            1229,385 
 874,335       10            1230,142 
 874,335       10            1231,328 
 874,335       10            1232,106 
 874,335       10            1232,832 
 874,335       10            1233,414 
 874,335       10            1234,291 
 874,335       10            1235,071 
 874,335       10            1236,364 
 874,335       10            1236,914 
 874,335       10            1237,274 
 874,335       10            1237,79 
 874,335       10            1238,39 
 874,335       10            1239,38 
 874,335       10            1240,013 
 874,335       10            1240,833 
 874,335       10            1241,541 
 874,335       10            1242,333 
 874,335       10            1243,02 
 874,335       10            1243,816 
 874,335       10            1244,815 
 874,335       10            1245,478 
 874,335       10            1246,139 
 874,335       10            1246,736 
 874,335       10            1247,256 
 874,335       10            1248,317 
 874,335       10            1248,89 
 874,335       10            1249,599 
 874,335       10            1250,1 
 874,335       10            1250,831 
 874,335       10            1251,432 
 874,335       10            1251,98 
 874,335       10            1253,204 
 874,335       10            1253,753 
 874,335       10            1254,187 
 874,335       10            1254,783 
 874,335       10            1255,175 
 874,335       10            1255,896 
 874,335       10            1256,517 
 874,335       10            1257,264 
 874,335       10            1257,83 
 874,335       10            1258,506 
 874,335       10            1259,098 
 874,335       10            1259,69 
 874,335       10            1260,195 
 874,335       10            1260,995 
 874,335       10            1261,807 
 874,335       10            1262,397 
 874,335       10            1262,977 
 874,335       10            1263,514 
 874,335       10            1264,143 
 874,335       10            1265,178 
 874,335       10            1265,853 
 874,335       10            1266,821 
 874,335       10            1267,336 
 874,335       10            1268,282 
 874,335       10            1269,004 
 874,335       10            1269,732 
 874,335       10            1270,348 
 874,335       10            1270,807 
 874,335       10            1271,31 
 874,335       10            1272,054 
 874,335       10            1272,883 
 874,335       10            1273,331 
 874,335       10            1273,754 
 874,335       10            1274,435 
 874,335       10            1274,938 
 874,335       10            1275,347 
 874,335       10            1275,895 
 874,335       10            1276,584 
 874,335       10            1277,118 
 874,335       10            1277,865 
 874,335       10            1278,437 
 874,335       10            1279,033 
 874,335       10            1279,739 
 874,335       10            1280,617 
 874,335       10            1281,346 
 874,335       10            1281,909 
 874,335       10            1282,602 
 874,335       10            1283,196 
 874,335       10            1283,786 
 874,335       10            1284,558 
 874,335       10            1285,335 
 874,335       10            1285,74 
 874,335       10            1286,174 
 874,335       10            1287,046 
 874,335       10            1288,149 
 874,335       10            1288,819 
 874,335       10            1290,007 
 874,335       10            1290,517 
 874,335       10            1291,228 
 874,335       10            1292,126 
 874,335       10            1292,914 
 874,335       10            1293,777 
 874,335       10            1294,334 
 874,335       10            1294,8 
 874,335       10            1295,442 
 874,335       10            1296 
 874,335       10            1296,509 
 874,335       10            1297,568 
 874,335       10            1298,583 
 874,335       10            1299,048 
 874,335       10            1299,728 
 874,335       10            1300,461 
 874,335       10            1300,854 
 874,335       10            1301,257 
 874,335       10            1301,847 
 874,335       10            1302,156 
 874,335       10            1303,017 
 874,335       10            1303,473 
 874,335       10            1303,868 
 874,335       10            1304,393 
 874,335       10            1305,017 
 874,335       10            1305,589 
 874,335       10            1306,698 
 874,335       10            1307,331 
 874,335       10            1307,875 
 874,335       10            1308,773 
 874,335       10            1309,271 
 874,335       10            1309,815 
 874,335       10            1310,304 
 874,335       10            1311,185 
 874,335       10            1311,643 
 874,335       10            1312,89 
 874,335       10            1313,619 
 874,335       10            1314,106 
 874,335       10            1314,665 
 874,335       10            1315,065 
 874,335       10            1315,525 
 874,335       10            1316,362 
 874,335       10            1316,962 
 874,335       10            1317,384 
 874,335       10            1317,796 
 874,335       10            1318,543 
 874,335       10            1319,319 
 874,335       10            1320,03 
 874,335       10            1320,56 
