Iteraciones:   1775 

Costo         Vehículos     Tiempo [seg]
 1502,544      8             0,704 
 1502,544      8             1,157 
 1472,271      8             1,594 
 1472,271      8             2,188 
 1424,897      8             2,766 
 1424,897      8             3,391 
 1351,833      8             4 
 1351,833      8             4,641 
 1351,833      8             5,313 
 1338,622      8             5,891 
 1338,622      8             6,5 
 1338,622      8             7,079 
 1338,622      8             7,75 
 1338,622      8             8,625 
 1338,622      8             9,204 
 1338,622      8             9,813 
 1338,622      8             10,438 
 1338,622      8             11,016 
 1338,622      8             11,688 
 1338,622      8             12,266 
 1338,622      8             12,875 
 1338,622      8             13,454 
 1338,622      8             14,063 
 1338,622      8             14,688 
 1338,622      8             15,313 
 1338,622      8             15,938 
 1338,622      8             16,516 
 1338,622      8             17,188 
 1338,622      8             17,829 
 1338,622      8             18,438 
 1338,622      8             19,079 
 1338,622      8             19,641 
 1338,622      8             20,25 
 1338,622      8             20,813 
 1338,622      8             21,438 
 1338,622      8             22,079 
 1338,622      8             22,641 
 1338,622      8             23,266 
 1338,622      8             23,875 
 1338,622      8             24,5 
 1338,622      8             25,125 
 1338,622      8             25,704 
 1338,622      8             26,329 
 1338,622      8             26,938 
 1273,004      8             27,625 
 1273,004      8             28,204 
 1273,004      8             28,875 
 1253,404      8             29,516 
 1253,404      8             30,125 
 1253,404      8             30,704 
 1253,404      8             31,313 
 1253,404      8             31,891 
 1253,404      8             32,516 
 1253,404      8             33,125 
 1253,404      8             33,704 
 1253,404      8             34,329 
 1253,404      8             34,954 
 1253,404      8             35,516 
 1253,404      8             36,141 
 1253,404      8             36,75 
 1253,404      8             37,391 
 1253,404      8             38,079 
 1253,404      8             38,641 
 1253,404      8             39,266 
 1253,404      8             39,829 
 1253,404      8             40,391 
 1253,404      8             41,016 
 1253,404      8             41,641 
 1253,404      8             42,266 
 1253,404      8             42,875 
 1253,404      8             43,5 
 1253,404      8             44,079 
 1253,404      8             44,641 
 1253,404      8             45,188 
 1253,404      8             45,766 
 1253,404      8             46,375 
 1253,404      8             46,954 
 1253,404      8             47,516 
 1253,404      8             48,141 
 1253,404      8             48,766 
 1253,404      8             49,375 
 1253,404      8             49,954 
 1253,404      8             50,625 
 1253,404      8             51,313 
 1253,404      8             52,016 
 1253,404      8             52,704 
 1253,404      8             53,313 
 1253,404      8             53,891 
 1253,404      8             54,454 
 1253,404      8             55,016 
 1253,404      8             55,641 
 1253,404      8             56,25 
 1253,404      8             56,875 
 1253,404      8             57,438 
 1253,404      8             58,016 
 1253,404      8             58,641 
 1253,404      8             59,313 
 1253,404      8             59,891 
 1253,404      8             60,5 
 1253,404      8             61,141 
 1253,404      8             61,688 
 1253,404      8             62,313 
 1253,404      8             62,875 
 1253,404      8             63,454 
 1253,404      8             64,063 
 1253,404      8             64,641 
 1253,404      8             65,204 
 1253,404      8             65,829 
 1253,404      8             66,391 
 1253,404      8             66,938 
 1253,404      8             67,563 
 1253,404      8             68,141 
 1253,404      8             68,829 
 1253,404      8             69,391 
 1253,404      8             70 
 1253,404      8             70,579 
 1253,404      8             71,188 
 1253,404      8             71,75 
 1253,404      8             72,391 
 1253,404      8             72,954 
 1253,404      8             73,579 
 1253,404      8             74,188 
 1253,404      8             74,766 
 1253,404      8             75,329 
 1253,404      8             75,891 
 1253,404      8             76,454 
 1253,404      8             77,079 
 1253,404      8             77,641 
 1253,404      8             78,266 
 1253,404      8             78,891 
 1253,404      8             79,454 
 1253,404      8             80,125 
 1253,404      8             80,766 
 1253,404      8             81,391 
 1253,404      8             82,063 
 1253,404      8             82,704 
 1253,404      8             83,313 
 1253,404      8             83,891 
 1253,404      8             84,516 
 1253,404      8             85,188 
 1253,404      8             85,766 
 1253,404      8             86,375 
 1253,404      8             86,954 
 1253,404      8             87,516 
 1253,404      8             88,125 
 1253,404      8             88,813 
 1253,404      8             89,391 
 1253,404      8             90,063 
 1253,404      8             90,75 
 1253,404      8             91,375 
 1253,404      8             92,063 
 1253,404      8             92,641 
 1253,404      8             93,313 
 1253,404      8             93,891 
 1253,404      8             94,5 
 1253,404      8             95,079 
 1253,404      8             95,704 
 1253,404      8             96,329 
 1253,404      8             96,891 
 1253,404      8             97,5 
 1253,404      8             98,063 
 1253,404      8             98,641 
 1253,404      8             99,313 
 1253,404      8             99,954 
 1253,404      8             100,579 
 1253,404      8             101,141 
 1253,404      8             101,704 
 1253,404      8             102,329 
 1253,404      8             102,954 
 1253,404      8             103,563 
 1253,404      8             104,125 
 1253,404      8             104,829 
 1253,404      8             105,391 
 1253,404      8             105,954 
 1253,404      8             106,579 
 1253,404      8             107,188 
 1253,404      8             107,813 
 1253,404      8             108,438 
 1253,404      8             109 
 1253,404      8             109,579 
 1253,404      8             110,141 
 1253,404      8             110,813 
 1253,404      8             111,438 
 1253,404      8             112,016 
 1253,404      8             112,625 
 1253,404      8             113,188 
 1253,404      8             113,75 
 1253,404      8             114,329 
 1253,404      8             114,938 
 1253,404      8             115,5 
 1253,404      8             116,079 
 1253,404      8             116,75 
 1253,404      8             117,375 
 1253,404      8             118,016 
 1253,404      8             118,625 
 1253,404      8             119,188 
 1253,404      8             119,766 
 1253,404      8             120,375 
 1253,404      8             121,016 
 1253,404      8             121,563 
 1253,404      8             122,141 
 1253,404      8             122,704 
 1253,404      8             123,313 
 1253,404      8             123,875 
 1253,404      8             124,5 
 1253,404      8             125,125 
 1253,404      8             125,75 
 1253,404      8             126,329 
 1253,404      8             126,938 
 1253,404      8             127,5 
 1253,404      8             128,079 
 1253,404      8             128,688 
 1253,404      8             129,25 
 1253,404      8             129,813 
 1253,404      8             130,375 
 1253,404      8             130,954 
 1253,404      8             131,563 
 1253,404      8             132,141 
 1253,404      8             132,704 
 1253,404      8             133,375 
 1253,404      8             133,938 
 1253,404      8             134,563 
 1253,404      8             135,125 
 1253,404      8             135,704 
 1253,404      8             136,329 
 1253,404      8             136,891 
 1253,404      8             137,438 
 1253,404      8             138,125 
 1253,404      8             138,704 
 1253,404      8             139,329 
 1253,404      8             139,875 
 1253,404      8             140,5 
 1253,404      8             141,125 
 1253,404      8             141,704 
 1253,404      8             142,313 
 1253,404      8             142,875 
 1253,404      8             143,438 
 1253,404      8             144,016 
 1253,404      8             144,579 
 1253,404      8             145,188 
 1253,404      8             145,75 
 1253,404      8             146,329 
 1253,404      8             147 
 1253,404      8             147,625 
 1253,404      8             148,204 
 1253,404      8             148,829 
 1253,404      8             149,438 
 1253,404      8             150,016 
 1253,404      8             150,704 
 1253,404      8             151,329 
 1253,404      8             151,891 
 1253,404      8             152,5 
 1253,404      8             153,125 
 1253,404      8             153,641 
 1253,404      8             154,25 
 1253,404      8             154,875 
 1253,404      8             155,454 
 1253,404      8             156,063 
 1253,404      8             156,641 
 1253,404      8             157,329 
 1253,404      8             157,891 
 1253,404      8             158,579 
 1253,404      8             159,141 
 1253,404      8             159,75 
 1253,404      8             160,313 
 1253,404      8             160,938 
 1253,404      8             161,625 
 1253,404      8             162,188 
 1253,404      8             162,829 
 1253,404      8             163,391 
 1253,404      8             164,063 
 1253,404      8             164,625 
 1253,404      8             165,188 
 1253,404      8             165,829 
 1253,404      8             166,454 
 1253,404      8             167,079 
 1253,404      8             167,688 
 1253,404      8             168,25 
 1253,404      8             168,813 
 1253,404      8             169,438 
 1253,404      8             170,063 
 1253,404      8             170,641 
 1253,404      8             171,25 
 1253,404      8             171,813 
 1253,404      8             172,391 
 1253,404      8             173 
 1253,404      8             173,516 
 1253,404      8             174,141 
 1253,404      8             174,688 
 1253,404      8             175,313 
 1253,404      8             175,954 
 1253,404      8             176,625 
 1253,404      8             177,188 
 1253,404      8             177,766 
 1253,404      8             178,329 
 1253,404      8             178,891 
 1253,404      8             179,516 
 1253,404      8             180,125 
 1253,404      8             180,704 
 1253,404      8             181,329 
 1253,404      8             181,938 
 1253,404      8             182,5 
 1253,404      8             183,016 
 1253,404      8             183,625 
 1253,404      8             184,188 
 1253,404      8             184,813 
 1253,404      8             185,329 
 1253,404      8             186 
 1253,404      8             186,579 
 1253,404      8             187,266 
 1253,404      8             187,829 
 1253,404      8             188,454 
 1253,404      8             189,016 
 1253,404      8             189,579 
 1253,404      8             190,25 
 1253,404      8             190,891 
 1253,404      8             191,5 
 1253,404      8             192,141 
 1253,404      8             192,75 
 1253,404      8             193,375 
 1253,404      8             193,954 
 1253,404      8             194,688 
 1253,404      8             195,329 
 1253,404      8             195,891 
 1253,404      8             196,641 
 1253,404      8             197,25 
 1253,404      8             197,813 
 1253,404      8             198,329 
 1253,404      8             199,016 
 1253,404      8             199,641 
 1253,404      8             200,266 
 1253,404      8             200,875 
 1253,404      8             201,454 
 1253,404      8             202,016 
 1253,404      8             202,579 
 1253,404      8             203,329 
 1253,404      8             203,954 
 1253,404      8             204,579 
 1253,404      8             205,25 
 1253,404      8             205,891 
 1253,404      8             206,516 
 1253,404      8             207,125 
 1253,404      8             207,704 
 1253,404      8             208,266 
 1253,404      8             208,891 
 1253,404      8             209,516 
 1253,404      8             210,204 
 1253,404      8             210,891 
 1253,404      8             211,5 
 1253,404      8             212,079 
 1253,404      8             212,641 
 1253,404      8             213,313 
 1253,404      8             213,938 
 1253,404      8             214,625 
 1253,404      8             215,188 
 1253,404      8             215,875 
 1253,404      8             216,563 
 1253,404      8             217,141 
 1253,404      8             217,75 
 1253,404      8             218,391 
 1253,404      8             219 
 1253,404      8             219,579 
 1253,404      8             220,188 
 1253,404      8             220,813 
 1253,404      8             221,5 
 1253,404      8             222,125 
 1253,404      8             222,75 
 1253,404      8             223,391 
 1253,404      8             224 
 1253,404      8             224,625 
 1253,404      8             225,204 
 1253,404      8             225,813 
 1253,404      8             226,454 
 1253,404      8             227,063 
 1253,404      8             227,641 
 1253,404      8             228,266 
 1253,404      8             228,891 
 1253,404      8             229,5 
 1253,404      8             230,141 
 1253,404      8             230,875 
 1253,404      8             231,438 
 1253,404      8             232 
 1253,404      8             232,829 
 1253,404      8             233,454 
 1253,404      8             234,079 
 1253,404      8             234,704 
 1253,404      8             235,266 
 1253,404      8             235,891 
 1253,404      8             236,454 
 1253,404      8             237,063 
 1253,404      8             237,704 
 1253,404      8             238,266 
 1253,404      8             238,875 
 1253,404      8             239,5 
 1253,404      8             240,079 
 1253,404      8             240,75 
 1253,404      8             241,375 
 1253,404      8             242 
 1253,404      8             242,625 
 1253,404      8             243,25 
 1253,404      8             243,813 
 1253,404      8             244,375 
 1253,404      8             244,954 
 1253,404      8             245,641 
 1253,404      8             246,188 
 1253,404      8             246,766 
 1253,404      8             247,313 
 1253,404      8             247,875 
 1253,404      8             248,454 
 1253,404      8             249,063 
 1253,404      8             249,625 
 1253,404      8             250,204 
 1253,404      8             250,829 
 1253,404      8             251,391 
 1253,404      8             251,954 
 1253,404      8             252,579 
 1253,404      8             253,204 
 1253,404      8             253,829 
 1253,404      8             254,454 
 1253,404      8             255,079 
 1253,404      8             255,704 
 1253,404      8             256,219 
 1253,404      8             256,844 
 1253,404      8             257,469 
 1253,404      8             258,032 
 1253,404      8             258,657 
 1253,404      8             259,266 
 1253,404      8             259,829 
 1253,404      8             260,407 
 1253,404      8             261,079 
 1253,404      8             261,641 
 1253,404      8             262,219 
 1253,404      8             262,844 
 1253,404      8             263,391 
 1253,404      8             263,954 
 1253,404      8             264,579 
 1253,404      8             265,141 
 1253,404      8             265,704 
 1253,404      8             266,329 
 1253,404      8             266,954 
 1253,404      8             267,532 
 1253,404      8             268,157 
 1253,404      8             268,766 
 1253,404      8             269,344 
 1253,404      8             269,969 
 1253,404      8             270,532 
 1253,404      8             271,204 
 1253,404      8             271,782 
 1253,404      8             272,454 
 1253,404      8             273,032 
 1253,404      8             273,657 
 1253,404      8             274,344 
 1253,404      8             274,954 
 1253,404      8             275,594 
 1253,404      8             276,204 
 1253,404      8             276,844 
 1253,404      8             277,469 
 1253,404      8             278,032 
 1253,404      8             278,657 
 1253,404      8             279,282 
 1253,404      8             279,844 
 1253,404      8             280,454 
 1253,404      8             281,047 
 1253,404      8             281,485 
 1253,404      8             281,985 
 1253,404      8             282,625 
 1253,404      8             283,141 
 1253,404      8             283,657 
 1253,404      8             284,235 
 1253,404      8             284,782 
 1253,404      8             285,375 
 1253,404      8             285,954 
 1253,404      8             286,469 
 1253,404      8             286,969 
 1253,404      8             287,485 
 1253,404      8             288,016 
 1253,404      8             288,469 
 1253,404      8             288,954 
 1253,404      8             289,485 
 1253,404      8             290,188 
 1253,404      8             290,625 
 1253,404      8             291,063 
 1253,404      8             291,61 
 1253,404      8             292,125 
 1253,404      8             292,657 
 1253,404      8             293,172 
 1237,828      8             293,672 
 1237,828      8             294,204 
 1237,828      8             294,75 
 1237,828      8             295,235 
 1237,828      8             295,813 
 1237,828      8             296,344 
 1237,828      8             296,844 
 1237,828      8             297,313 
 1237,828      8             297,797 
 1237,828      8             298,454 
 1237,828      8             299,047 
 1237,828      8             299,516 
 1237,828      8             300,172 
 1237,828      8             300,782 
 1237,828      8             301,375 
 1237,828      8             301,922 
 1237,828      8             302,563 
 1237,828      8             303,063 
 1237,828      8             303,704 
 1237,828      8             304,297 
 1237,828      8             304,829 
 1237,828      8             305,329 
 1237,828      8             305,891 
 1237,828      8             306,297 
 1237,828      8             306,797 
 1237,828      8             307,344 
 1237,828      8             307,969 
 1237,828      8             308,485 
 1237,828      8             309 
 1237,828      8             309,516 
 1237,828      8             310,032 
 1237,828      8             310,625 
 1237,828      8             311,157 
 1237,828      8             311,688 
 1237,828      8             312,172 
 1237,828      8             312,657 
 1237,828      8             313,094 
 1237,828      8             313,61 
 1237,828      8             314,219 
 1237,828      8             314,735 
 1237,828      8             315,266 
 1237,828      8             315,844 
 1237,828      8             316,407 
 1237,828      8             316,938 
 1237,828      8             317,5 
 1237,828      8             318,188 
 1237,828      8             318,75 
 1237,828      8             319,25 
 1237,828      8             319,719 
 1237,828      8             320,329 
 1237,828      8             320,813 
 1237,828      8             321,297 
 1237,828      8             322,016 
 1237,828      8             322,532 
 1237,828      8             323,063 
 1237,828      8             323,516 
 1237,828      8             324,11 
 1237,828      8             324,672 
 1237,828      8             325,329 
 1237,828      8             325,891 
 1237,828      8             326,422 
 1237,828      8             327,047 
 1237,828      8             327,563 
 1237,828      8             328,157 
 1237,828      8             328,688 
 1237,828      8             329,313 
 1237,828      8             329,875 
 1237,828      8             330,36 
 1237,828      8             330,938 
 1237,828      8             331,547 
 1237,828      8             332,032 
 1237,828      8             332,563 
 1237,828      8             333,047 
 1237,828      8             333,657 
 1237,828      8             334,11 
 1237,828      8             334,688 
 1237,828      8             335,204 
 1237,828      8             335,688 
 1237,828      8             336,313 
 1237,828      8             336,797 
 1237,828      8             337,375 
 1237,828      8             337,875 
 1237,828      8             338,391 
 1237,828      8             338,922 
 1237,828      8             339,485 
 1237,828      8             340,063 
 1237,828      8             340,5 
 1237,828      8             341,032 
 1237,828      8             341,547 
 1237,828      8             342,079 
 1237,828      8             342,657 
 1237,828      8             343,172 
 1237,828      8             343,75 
 1237,828      8             344,235 
 1237,828      8             344,719 
 1237,828      8             345,297 
 1237,828      8             345,954 
 1237,828      8             346,407 
 1237,828      8             346,891 
 1237,828      8             347,422 
 1237,828      8             348,047 
 1237,828      8             348,625 
 1237,828      8             349,188 
 1237,828      8             349,782 
 1237,828      8             350,344 
 1237,828      8             350,954 
 1237,828      8             351,5 
 1237,828      8             352 
 1237,828      8             352,547 
 1237,828      8             352,969 
 1237,828      8             353,469 
 1237,828      8             354,11 
 1237,828      8             354,625 
 1237,828      8             355,204 
 1237,828      8             355,704 
 1237,828      8             356,11 
 1237,828      8             356,719 
 1237,828      8             357,297 
 1237,828      8             357,813 
 1237,828      8             358,329 
 1237,828      8             358,797 
 1237,828      8             359,36 
 1237,828      8             359,844 
 1237,828      8             360,282 
 1237,828      8             360,938 
 1237,828      8             361,407 
 1237,828      8             361,985 
 1237,828      8             362,516 
 1237,828      8             363,125 
 1237,828      8             363,75 
 1237,828      8             364,219 
 1237,828      8             364,75 
 1237,828      8             365,266 
 1237,828      8             365,797 
 1237,828      8             366,266 
 1237,828      8             366,797 
 1237,828      8             367,422 
 1237,828      8             367,922 
 1237,828      8             368,391 
 1237,828      8             369,063 
 1237,828      8             369,485 
 1237,828      8             370,094 
 1237,828      8             370,688 
 1237,828      8             371,25 
 1237,828      8             371,844 
 1237,828      8             372,454 
 1237,828      8             372,907 
 1237,828      8             373,391 
 1237,828      8             373,86 
 1237,828      8             374,36 
 1237,828      8             374,969 
 1237,828      8             375,5 
 1237,828      8             376,047 
 1237,828      8             376,5 
 1237,828      8             377,047 
 1237,828      8             377,563 
 1237,828      8             378,047 
 1237,828      8             378,563 
 1237,828      8             379,36 
 1237,828      8             379,86 
 1237,828      8             380,375 
 1237,828      8             380,922 
 1237,828      8             381,594 
 1237,828      8             382,032 
 1237,828      8             382,61 
 1237,828      8             383,079 
 1237,828      8             383,672 
 1237,828      8             384,235 
 1237,828      8             384,688 
 1237,828      8             385,25 
 1237,828      8             385,766 
 1237,828      8             386,297 
 1237,828      8             386,813 
 1237,828      8             387,36 
 1237,828      8             387,891 
 1237,828      8             388,454 
 1237,828      8             388,954 
 1237,828      8             389,563 
 1237,828      8             390,188 
 1237,828      8             390,719 
 1237,828      8             391,141 
 1237,828      8             391,61 
 1237,828      8             392,172 
 1237,828      8             392,579 
 1237,828      8             393,219 
 1237,828      8             393,719 
 1237,828      8             394,157 
 1237,828      8             394,797 
 1237,828      8             395,375 
 1237,828      8             396,063 
 1237,828      8             396,5 
 1237,828      8             397,063 
 1237,828      8             397,594 
 1237,828      8             398,094 
 1237,828      8             398,688 
 1237,828      8             399,219 
 1237,828      8             399,782 
 1237,828      8             400,297 
 1237,828      8             400,829 
 1237,828      8             401,407 
 1237,828      8             401,969 
 1237,828      8             402,391 
 1237,828      8             402,844 
 1237,828      8             403,375 
 1237,828      8             403,875 
 1237,828      8             404,344 
 1237,828      8             404,813 
 1237,828      8             405,344 
 1237,828      8             405,875 
 1237,828      8             406,5 
 1237,828      8             406,985 
 1237,828      8             407,485 
 1237,828      8             408,079 
 1237,828      8             408,688 
 1237,828      8             409,25 
 1237,828      8             409,844 
 1237,828      8             410,469 
 1237,828      8             411,016 
 1237,828      8             411,469 
 1237,828      8             412,047 
 1237,828      8             412,563 
 1237,828      8             413,11 
 1237,828      8             413,625 
 1237,828      8             414,188 
 1237,828      8             414,688 
 1237,828      8             415,204 
 1237,828      8             415,766 
 1237,828      8             416,313 
 1237,828      8             416,782 
 1237,828      8             417,266 
 1237,828      8             417,797 
 1237,828      8             418,5 
 1237,828      8             419,032 
 1237,828      8             419,5 
 1237,828      8             419,938 
 1237,828      8             420,547 
 1237,828      8             421,141 
 1237,828      8             421,75 
 1237,828      8             422,282 
 1237,828      8             422,735 
 1237,828      8             423,297 
 1237,828      8             423,797 
 1237,828      8             424,438 
 1237,828      8             424,969 
 1237,828      8             425,485 
 1237,828      8             425,985 
 1237,828      8             426,516 
 1237,828      8             426,938 
 1237,828      8             427,422 
 1237,828      8             427,969 
 1234,013      8             428,719 
 1234,013      8             429,25 
 1234,013      8             429,797 
 1234,013      8             430,329 
 1234,013      8             430,938 
 1234,013      8             431,407 
 1234,013      8             431,969 
 1234,013      8             432,5 
 1234,013      8             433,032 
 1234,013      8             433,532 
 1234,013      8             434,047 
 1234,013      8             434,641 
 1234,013      8             435,204 
 1234,013      8             435,719 
 1234,013      8             436,157 
 1234,013      8             436,704 
 1234,013      8             437,282 
 1234,013      8             437,797 
 1234,013      8             438,204 
 1234,013      8             438,672 
 1234,013      8             439,282 
 1234,013      8             439,86 
 1234,013      8             440,329 
 1234,013      8             440,907 
 1234,013      8             441,532 
 1234,013      8             442,047 
 1234,013      8             442,469 
 1234,013      8             442,938 
 1234,013      8             443,422 
 1234,013      8             443,938 
 1234,013      8             444,516 
 1234,013      8             445,094 
 1234,013      8             445,61 
 1234,013      8             446,079 
 1234,013      8             446,579 
 1234,013      8             447,079 
 1234,013      8             447,61 
 1234,013      8             448,172 
 1188,933      8             448,766 
 1188,933      8             449,266 
 1188,933      8             449,907 
 1188,933      8             450,625 
 1188,933      8             451,172 
 1188,933      8             451,797 
 1188,933      8             452,422 
 1188,933      8             453,125 
 1188,933      8             453,672 
 1188,933      8             454,188 
 1188,933      8             454,766 
 1188,933      8             455,329 
 1188,933      8             455,891 
 1188,933      8             456,391 
 1188,933      8             456,844 
 1188,933      8             457,375 
 1188,933      8             457,985 
 1188,933      8             458,563 
 1188,933      8             459,188 
 1188,933      8             459,844 
 1188,933      8             460,375 
 1188,933      8             460,891 
 1188,933      8             461,407 
 1188,933      8             461,875 
 1188,933      8             462,438 
 1188,933      8             462,985 
 1188,933      8             463,485 
 1188,933      8             464,125 
 1188,933      8             464,782 
 1188,933      8             465,375 
 1188,933      8             465,922 
 1188,933      8             466,516 
 1188,933      8             467,063 
 1188,933      8             467,563 
 1188,933      8             468,079 
 1188,933      8             468,719 
 1188,933      8             469,329 
 1188,933      8             469,907 
 1188,933      8             470,438 
 1188,933      8             471 
 1188,933      8             471,532 
 1188,933      8             471,985 
 1188,933      8             472,36 
 1188,933      8             472,844 
 1188,933      8             473,422 
 1188,933      8             473,938 
 1188,933      8             474,438 
 1188,933      8             474,969 
 1188,933      8             475,594 
 1188,933      8             476,172 
 1188,933      8             476,719 
 1188,933      8             477,329 
 1188,933      8             477,829 
 1188,933      8             478,454 
 1188,933      8             479,079 
 1188,933      8             479,75 
 1188,933      8             480,454 
 1188,933      8             480,985 
 1188,933      8             481,5 
 1188,933      8             482,094 
 1188,933      8             482,61 
 1188,933      8             483,235 
 1188,933      8             483,75 
 1188,933      8             484,313 
 1188,933      8             484,844 
 1188,933      8             485,454 
 1188,933      8             486,079 
 1188,933      8             486,579 
 1188,933      8             487,11 
 1188,933      8             487,547 
 1188,933      8             488,266 
 1188,933      8             488,922 
 1188,933      8             489,485 
 1188,933      8             490,157 
 1188,933      8             490,844 
 1188,933      8             491,422 
 1188,933      8             491,985 
 1188,933      8             492,594 
 1188,933      8             493,235 
 1188,933      8             493,86 
 1188,933      8             494,532 
 1188,933      8             495,282 
 1188,933      8             495,985 
 1188,933      8             496,61 
 1188,933      8             497,235 
 1188,933      8             497,907 
 1188,933      8             498,469 
 1188,933      8             499,094 
 1188,933      8             499,844 
 1188,933      8             500,422 
 1188,933      8             501,047 
 1188,933      8             501,657 
 1188,933      8             502,297 
 1188,933      8             502,86 
 1188,933      8             503,532 
 1188,933      8             504,11 
 1188,933      8             504,719 
 1188,933      8             505,36 
 1188,933      8             506 
 1188,933      8             506,563 
 1188,933      8             507,235 
 1188,933      8             507,813 
 1188,933      8             508,5 
 1188,933      8             509,11 
 1188,933      8             509,688 
 1188,933      8             510,25 
 1188,933      8             510,86 
 1188,933      8             511,547 
 1188,933      8             512,235 
 1188,933      8             512,813 
 1188,933      8             513,485 
 1188,933      8             514,063 
 1188,933      8             514,672 
 1188,933      8             515,235 
 1188,933      8             515,86 
 1188,933      8             516,422 
 1188,933      8             517 
 1188,933      8             517,563 
 1188,933      8             518,172 
 1188,933      8             518,86 
 1188,933      8             519,485 
 1188,933      8             520,063 
 1188,933      8             520,797 
 1188,933      8             521,375 
 1188,933      8             521,985 
 1188,933      8             522,563 
 1188,933      8             523,11 
 1188,933      8             523,688 
 1188,933      8             524,313 
 1188,933      8             524,938 
 1188,933      8             525,563 
 1188,933      8             526,172 
 1188,933      8             526,86 
 1188,933      8             527,422 
 1188,933      8             528,047 
 1188,933      8             528,688 
 1188,933      8             529,266 
 1188,933      8             529,907 
 1188,933      8             530,641 
 1188,933      8             531,625 
 1188,933      8             532,375 
 1188,933      8             532,954 
 1188,933      8             533,641 
 1188,933      8             534,219 
 1188,933      8             534,907 
 1188,933      8             535,516 
 1188,933      8             536,204 
 1188,933      8             536,766 
 1188,933      8             537,344 
 1188,933      8             537,969 
 1188,933      8             538,579 
 1188,933      8             539,157 
 1188,933      8             539,907 
 1188,933      8             540,61 
 1188,933      8             541,266 
 1188,933      8             541,829 
 1188,933      8             542,454 
 1188,933      8             543,094 
 1188,933      8             543,782 
 1188,933      8             544,391 
 1188,933      8             544,969 
 1188,933      8             545,532 
 1188,933      8             546,141 
 1188,933      8             546,844 
 1188,933      8             547,454 
 1188,933      8             548,079 
 1188,933      8             548,704 
 1188,933      8             549,407 
 1188,933      8             550,032 
 1188,933      8             550,672 
 1188,933      8             551,235 
 1188,933      8             551,922 
 1188,933      8             552,485 
 1188,933      8             553,094 
 1188,933      8             553,735 
 1188,933      8             554,422 
 1188,933      8             555,094 
 1188,933      8             555,672 
 1188,933      8             556,36 
 1188,933      8             557,157 
 1188,933      8             557,735 
 1188,933      8             558,36 
 1188,933      8             558,985 
 1188,933      8             559,657 
 1188,933      8             560,282 
 1188,933      8             560,907 
 1188,933      8             561,547 
 1188,933      8             562,11 
 1188,933      8             562,672 
 1188,933      8             563,282 
 1188,933      8             563,844 
 1188,933      8             564,422 
 1188,933      8             564,985 
 1188,933      8             565,782 
 1188,933      8             566,407 
 1188,933      8             566,985 
 1188,933      8             567,61 
 1188,933      8             568,219 
 1188,933      8             569,032 
 1188,933      8             569,61 
 1188,933      8             570,172 
 1188,933      8             570,782 
 1188,933      8             571,407 
 1188,933      8             572,032 
 1188,933      8             572,61 
 1188,933      8             573,235 
 1188,933      8             573,86 
 1188,933      8             574,422 
 1188,933      8             575,032 
 1188,933      8             575,61 
 1188,933      8             576,157 
 1188,933      8             576,797 
 1188,933      8             577,532 
 1188,933      8             578,094 
 1188,933      8             578,657 
 1188,933      8             579,235 
 1188,933      8             579,86 
 1188,933      8             580,469 
 1188,933      8             581,11 
 1188,933      8             581,735 
 1188,933      8             582,36 
 1188,933      8             582,969 
 1188,933      8             583,547 
 1188,933      8             584,157 
 1188,933      8             584,719 
 1188,933      8             585,297 
 1188,933      8             585,86 
 1188,933      8             586,485 
 1188,933      8             587,094 
 1188,933      8             587,657 
 1188,933      8             588,282 
 1188,933      8             588,844 
 1188,933      8             589,422 
 1188,933      8             590,032 
 1188,933      8             590,61 
 1188,933      8             591,172 
 1188,933      8             591,735 
 1188,933      8             592,36 
 1188,933      8             593,094 
 1188,933      8             593,657 
 1188,933      8             594,282 
 1188,933      8             594,86 
 1188,933      8             595,422 
 1188,933      8             596,032 
 1188,933      8             596,61 
 1188,933      8             597,219 
 1188,933      8             597,735 
 1188,933      8             598,297 
 1188,933      8             598,922 
 1188,933      8             599,422 
 1188,933      8             600,047 
 1188,933      8             600,657 
 1188,933      8             601,219 
 1188,933      8             601,797 
 1188,933      8             602,422 
 1188,933      8             603,032 
 1188,933      8             603,61 
 1188,933      8             604,235 
 1188,933      8             604,86 
 1188,933      8             605,485 
 1188,933      8             606,157 
 1188,933      8             606,735 
 1188,933      8             607,36 
 1188,933      8             607,969 
 1188,933      8             608,594 
 1188,933      8             609,219 
 1188,933      8             609,782 
 1188,933      8             610,485 
 1188,933      8             611,047 
 1188,933      8             611,672 
 1188,933      8             612,297 
 1188,933      8             612,922 
 1188,933      8             613,532 
 1188,933      8             614,11 
 1188,933      8             614,719 
 1188,933      8             615,282 
 1188,933      8             615,86 
 1188,933      8             616,532 
 1188,933      8             617,11 
 1188,933      8             617,735 
 1188,933      8             618,36 
 1188,933      8             618,969 
 1188,933      8             619,532 
 1188,933      8             620,11 
 1188,933      8             620,735 
 1188,933      8             621,469 
 1188,933      8             622,11 
 1188,933      8             622,782 
 1188,933      8             623,407 
 1188,933      8             623,922 
 1188,933      8             624,594 
 1188,933      8             625,172 
 1188,933      8             625,782 
 1188,933      8             626,344 
 1188,933      8             626,922 
 1188,933      8             627,594 
 1188,933      8             628,219 
 1188,933      8             628,735 
 1188,933      8             629,344 
 1188,933      8             629,969 
 1188,933      8             630,547 
 1188,933      8             631,219 
 1188,933      8             631,844 
 1188,933      8             632,469 
 1188,933      8             632,985 
 1188,933      8             633,594 
 1188,933      8             634,235 
 1188,933      8             634,844 
 1188,933      8             635,422 
 1188,933      8             636,032 
 1188,933      8             636,61 
 1188,933      8             637,235 
 1188,933      8             637,844 
 1188,933      8             638,469 
 1188,933      8             639,094 
 1188,933      8             639,719 
 1188,933      8             640,36 
 1188,933      8             640,922 
 1188,933      8             641,547 
 1188,933      8             642,172 
 1188,933      8             642,782 
 1188,933      8             643,407 
 1188,933      8             643,969 
 1188,933      8             644,547 
 1188,933      8             645,157 
 1188,933      8             645,735 
 1188,933      8             646,422 
 1188,933      8             647,11 
 1188,933      8             647,672 
 1188,933      8             648,297 
 1188,933      8             648,985 
 1188,933      8             649,547 
 1188,933      8             650,172 
 1188,933      8             650,782 
 1188,933      8             651,36 
 1188,933      8             652,032 
 1188,933      8             652,719 
 1188,933      8             653,297 
 1188,933      8             653,86 
 1188,933      8             654,547 
 1188,933      8             655,219 
 1188,933      8             655,844 
 1188,933      8             656,469 
 1188,933      8             657,047 
 1188,933      8             657,657 
 1188,933      8             658,219 
 1188,933      8             658,907 
 1188,933      8             659,532 
 1188,933      8             660,11 
 1188,933      8             660,657 
 1188,933      8             661,297 
 1188,933      8             661,907 
 1188,933      8             662,485 
 1188,933      8             663,157 
 1188,933      8             663,719 
 1188,933      8             664,422 
 1188,933      8             665,047 
 1188,933      8             665,672 
 1188,933      8             666,297 
 1188,933      8             666,922 
 1188,933      8             667,547 
 1188,933      8             668,157 
 1188,933      8             668,782 
 1188,933      8             669,422 
 1188,933      8             670,032 
 1188,933      8             670,61 
 1188,933      8             671,297 
 1188,933      8             671,907 
 1188,933      8             672,469 
 1188,933      8             673,047 
 1188,933      8             673,61 
 1188,933      8             674,297 
 1188,933      8             674,86 
 1188,933      8             675,469 
 1188,933      8             676,11 
 1188,933      8             676,782 
 1188,933      8             677,344 
 1188,933      8             678,047 
 1188,933      8             678,657 
 1188,933      8             679,297 
 1188,933      8             679,907 
 1188,933      8             680,547 
 1188,933      8             681,11 
 1188,933      8             681,719 
 1188,933      8             682,297 
 1188,933      8             682,86 
 1188,933      8             683,469 
 1188,933      8             684,094 
 1188,933      8             684,657 
 1188,933      8             685,219 
 1188,933      8             686,032 
 1188,933      8             686,594 
 1188,933      8             687,219 
 1188,933      8             687,844 
 1188,933      8             688,422 
 1188,933      8             689,047 
 1188,933      8             689,672 
 1188,933      8             690,282 
 1188,933      8             690,907 
 1188,933      8             691,469 
 1188,933      8             692,11 
 1188,933      8             692,672 
 1188,933      8             693,36 
 1188,933      8             693,969 
 1188,933      8             694,547 
 1188,933      8             695,157 
 1188,933      8             695,719 
 1188,933      8             696,297 
 1188,933      8             696,907 
 1188,933      8             697,485 
 1188,933      8             698,11 
 1188,933      8             698,719 
 1188,933      8             699,344 
 1188,933      8             699,907 
 1188,933      8             700,485 
 1188,933      8             701,11 
 1188,933      8             701,735 
 1188,933      8             702,344 
 1188,933      8             702,985 
 1188,933      8             703,61 
 1188,933      8             704,172 
 1188,933      8             704,782 
 1188,933      8             705,344 
 1188,933      8             705,922 
 1188,933      8             706,532 
 1188,933      8             707,094 
 1188,933      8             707,657 
 1188,933      8             708,282 
 1188,933      8             708,797 
 1188,933      8             709,422 
 1188,933      8             710,047 
 1188,933      8             710,657 
 1188,933      8             711,219 
 1188,933      8             711,844 
 1188,933      8             712,422 
 1188,933      8             713,094 
 1188,933      8             713,844 
 1188,933      8             714,594 
 1188,933      8             715,235 
 1188,933      8             715,797 
 1188,933      8             716,36 
 1188,933      8             717,047 
 1188,933      8             717,61 
 1188,933      8             718,172 
 1188,933      8             718,782 
 1188,933      8             719,36 
 1188,933      8             720,032 
 1188,933      8             720,61 
 1188,933      8             721,235 
 1188,933      8             721,797 
 1188,933      8             722,407 
 1188,933      8             722,985 
 1188,933      8             723,657 
 1188,933      8             724,282 
 1188,933      8             724,907 
 1188,933      8             725,547 
 1188,933      8             726,172 
 1188,933      8             726,797 
 1188,933      8             727,407 
 1188,933      8             727,985 
 1188,933      8             728,547 
 1188,933      8             729,157 
 1188,933      8             729,735 
 1188,933      8             730,407 
 1188,933      8             730,985 
 1188,933      8             731,657 
 1188,933      8             732,235 
 1188,933      8             732,797 
 1188,933      8             733,422 
 1188,933      8             734,032 
 1188,933      8             734,657 
 1188,933      8             735,282 
 1188,933      8             735,907 
 1188,933      8             736,469 
 1188,933      8             737,047 
 1188,933      8             737,719 
 1188,933      8             738,282 
 1188,933      8             738,86 
 1188,933      8             739,594 
 1188,933      8             740,219 
 1188,933      8             740,797 
 1188,933      8             741,485 
 1188,933      8             742,094 
 1188,933      8             742,782 
 1188,933      8             743,344 
 1188,933      8             743,922 
 1188,933      8             744,532 
 1188,933      8             745,157 
 1188,933      8             745,735 
 1188,933      8             746,36 
 1188,933      8             746,985 
 1188,933      8             747,547 
 1188,933      8             748,11 
 1188,933      8             748,797 
 1188,933      8             749,407 
 1188,933      8             750,094 
 1188,933      8             750,719 
 1188,933      8             751,344 
 1188,933      8             751,86 
 1188,933      8             752,5 
 1188,933      8             753,125 
 1188,933      8             753,75 
 1188,933      8             754,329 
 1188,933      8             754,938 
 1188,933      8             755,579 
 1188,933      8             756,188 
 1188,933      8             756,875 
 1188,933      8             757,5 
 1188,933      8             758,188 
 1188,933      8             758,75 
 1188,933      8             759,329 
 1188,933      8             759,954 
 1188,933      8             760,563 
 1188,933      8             761,125 
 1188,933      8             761,704 
 1188,933      8             762,266 
 1188,933      8             762,891 
 1188,933      8             763,516 
 1188,933      8             764,125 
 1188,933      8             764,704 
 1188,933      8             765,266 
 1188,933      8             765,875 
 1188,933      8             766,438 
 1188,933      8             767,016 
 1188,933      8             767,579 
 1188,933      8             768,141 
 1188,933      8             768,75 
 1188,933      8             769,329 
 1188,933      8             769,891 
 1188,933      8             770,625 
 1188,933      8             771,25 
 1188,933      8             771,829 
 1188,933      8             772,438 
 1188,933      8             773,016 
 1188,933      8             773,704 
 1188,933      8             774,313 
 1188,933      8             774,938 
 1188,933      8             775,563 
 1188,933      8             776,141 
 1188,933      8             776,766 
 1188,933      8             777,391 
 1188,933      8             778,016 
 1188,933      8             778,641 
 1188,933      8             779,266 
 1188,933      8             779,875 
 1188,933      8             780,563 
 1188,933      8             781,188 
 1188,933      8             781,766 
 1188,933      8             782,329 
 1188,933      8             783 
 1188,933      8             783,625 
 1188,933      8             784,188 
 1188,933      8             784,813 
 1188,933      8             785,454 
 1188,933      8             786,079 
 1188,933      8             786,641 
 1188,933      8             787,25 
 1188,933      8             787,875 
 1188,933      8             788,532 
 1188,933      8             789,157 
 1188,933      8             789,782 
 1188,933      8             790,454 
 1188,933      8             791,032 
 1188,933      8             791,641 
 1188,933      8             792,204 
 1188,933      8             792,782 
 1188,933      8             793,407 
 1188,933      8             793,969 
 1188,933      8             794,657 
 1188,933      8             795,266 
 1188,933      8             795,875 
 1188,933      8             796,563 
 1188,933      8             797,188 
 1188,933      8             797,875 
 1188,933      8             798,485 
 1188,933      8             799,063 
 1188,933      8             799,688 
 1188,933      8             800,297 
 1188,933      8             800,86 
 1188,933      8             801,422 
 1188,933      8             802 
 1188,933      8             802,625 
 1188,933      8             803,204 
 1188,933      8             803,829 
 1188,933      8             804,438 
 1188,933      8             805,079 
 1188,933      8             805,719 
 1188,933      8             806,391 
 1188,933      8             806,969 
 1188,933      8             807,657 
 1188,933      8             808,282 
 1188,933      8             808,922 
 1188,933      8             809,5 
 1188,933      8             810,11 
 1188,933      8             810,75 
 1188,933      8             811,36 
 1188,933      8             811,938 
 1188,933      8             812,563 
 1188,933      8             813,188 
 1188,933      8             813,797 
 1188,933      8             814,375 
 1188,933      8             815,063 
 1188,933      8             815,688 
 1188,933      8             816,25 
 1188,933      8             816,86 
 1188,933      8             817,422 
 1188,933      8             818,047 
 1188,933      8             818,625 
 1188,933      8             819,235 
 1188,933      8             819,813 
 1188,933      8             820,422 
 1188,933      8             821,047 
 1188,933      8             821,735 
 1188,933      8             822,313 
 1188,933      8             822,985 
 1188,933      8             823,719 
 1188,933      8             824,36 
 1188,933      8             825,11 
 1188,933      8             825,844 
 1188,933      8             826,469 
 1188,933      8             827,032 
 1188,933      8             827,625 
 1188,933      8             828,297 
 1188,933      8             828,875 
 1188,933      8             829,5 
 1188,933      8             830,063 
 1188,933      8             830,75 
 1188,933      8             831,36 
 1188,933      8             832 
 1188,933      8             832,625 
 1188,933      8             833,25 
 1188,933      8             833,875 
 1188,933      8             834,547 
 1188,933      8             835,125 
 1188,933      8             835,688 
 1188,933      8             836,36 
 1188,933      8             836,985 
 1188,933      8             837,563 
 1188,933      8             838,172 
 1188,933      8             838,797 
 1188,933      8             839,36 
 1188,933      8             839,938 
 1188,933      8             840,563 
 1188,933      8             841,188 
 1188,933      8             841,75 
 1188,933      8             842,547 
 1188,933      8             843,235 
 1188,933      8             843,875 
 1188,933      8             844,438 
 1188,933      8             845,063 
 1188,933      8             845,672 
 1188,933      8             846,375 
 1188,933      8             846,985 
 1188,933      8             847,547 
 1188,933      8             848,125 
 1188,933      8             848,688 
 1188,933      8             849,297 
 1188,933      8             849,985 
 1188,933      8             850,563 
 1188,933      8             851,235 
 1188,933      8             851,813 
 1188,933      8             852,485 
 1188,933      8             853,063 
 1188,933      8             853,625 
 1188,933      8             854,235 
 1188,933      8             854,875 
 1188,933      8             855,438 
 1188,933      8             856,047 
 1188,933      8             856,61 
 1188,933      8             857,188 
 1188,933      8             857,797 
 1188,933      8             858,438 
 1188,933      8             859,063 
 1188,933      8             859,625 
 1188,933      8             860,188 
 1188,933      8             860,813 
 1188,933      8             861,485 
 1188,933      8             862 
 1188,933      8             862,625 
 1188,933      8             863,188 
 1188,933      8             863,797 
 1188,933      8             864,36 
 1188,933      8             864,938 
 1188,933      8             865,547 
 1188,933      8             866,188 
 1188,933      8             866,75 
 1188,933      8             867,36 
 1188,933      8             867,938 
 1188,933      8             868,5 
 1188,933      8             869,125 
 1188,933      8             869,75 
 1188,933      8             870,297 
 1188,933      8             870,86 
 1188,933      8             871,485 
 1188,933      8             872,11 
 1188,933      8             872,672 
 1188,933      8             873,25 
 1188,933      8             873,875 
 1188,933      8             874,438 
 1188,933      8             875,11 
 1188,933      8             875,688 
 1188,933      8             876,297 
 1188,933      8             876,938 
 1188,933      8             877,563 
 1188,933      8             878,188 
 1188,933      8             878,922 
 1188,933      8             879,563 
 1188,933      8             880,188 
 1188,933      8             880,813 
 1188,933      8             881,438 
 1188,933      8             882 
 1188,933      8             882,563 
 1188,933      8             883,188 
 1188,933      8             883,797 
 1188,933      8             884,375 
 1188,933      8             885,063 
 1188,933      8             885,75 
 1188,933      8             886,375 
 1188,933      8             886,985 
 1188,933      8             887,61 
 1188,933      8             888,297 
 1188,933      8             888,86 
 1188,933      8             889,438 
 1188,933      8             890,063 
 1188,933      8             890,688 
 1188,933      8             891,25 
 1188,933      8             891,922 
 1188,933      8             892,547 
 1188,933      8             893,188 
 1188,933      8             893,75 
 1188,933      8             894,297 
 1188,933      8             894,875 
 1188,933      8             895,438 
 1188,933      8             896,11 
 1188,933      8             896,735 
 1188,933      8             897,313 
 1188,933      8             898 
 1188,933      8             898,672 
 1188,933      8             899,25 
 1188,933      8             899,813 
 1188,933      8             900,485 
 1188,933      8             901,063 
 1188,933      8             901,688 
 1188,933      8             902,297 
 1188,933      8             902,985 
 1188,933      8             903,563 
 1188,933      8             904,125 
 1188,933      8             904,86 
 1188,933      8             905,547 
 1188,933      8             906,11 
 1188,933      8             906,688 
 1188,933      8             907,375 
 1188,933      8             908,11 
 1188,933      8             908,688 
 1188,933      8             909,36 
 1188,933      8             909,985 
 1188,933      8             910,547 
 1188,933      8             911,125 
 1188,933      8             911,75 
 1188,933      8             912,313 
 1188,933      8             912,922 
 1188,933      8             913,547 
 1188,933      8             914,172 
 1188,933      8             914,735 
 1188,933      8             915,36 
 1188,933      8             915,938 
 1188,933      8             916,5 
 1188,933      8             917,11 
 1188,933      8             917,75 
 1188,933      8             918,313 
 1188,933      8             919 
 1188,933      8             919,563 
 1188,933      8             920,188 
 1188,933      8             920,75 
 1188,933      8             921,375 
 1188,933      8             922,172 
 1188,933      8             922,985 
 1188,933      8             923,563 
 1188,933      8             924,188 
 1188,933      8             924,75 
 1188,933      8             925,36 
 1188,933      8             925,985 
 1188,933      8             926,61 
 1188,933      8             927,172 
 1188,933      8             927,797 
 1188,933      8             928,36 
 1188,933      8             929 
 1188,933      8             929,61 
 1188,933      8             930,235 
 1188,933      8             930,797 
 1188,933      8             931,422 
 1188,933      8             932,047 
 1188,933      8             932,625 
 1188,933      8             933,235 
 1188,933      8             933,813 
 1188,933      8             934,375 
 1188,933      8             935,063 
 1188,933      8             935,688 
 1188,933      8             936,297 
 1188,933      8             936,875 
 1188,933      8             937,438 
 1188,933      8             938,11 
 1188,933      8             938,672 
 1188,933      8             939,297 
 1188,933      8             939,985 
 1188,933      8             940,61 
 1188,933      8             941,172 
 1188,933      8             941,938 
 1188,933      8             942,547 
 1188,933      8             943,125 
 1188,933      8             943,735 
 1188,933      8             944,297 
 1188,933      8             944,813 
 1188,933      8             945,375 
 1188,933      8             946,063 
 1188,933      8             946,735 
 1188,933      8             947,313 
 1188,933      8             947,875 
 1188,933      8             948,563 
 1188,933      8             949,172 
 1188,933      8             949,797 
 1188,933      8             950,438 
 1188,933      8             951,172 
 1188,933      8             951,735 
 1188,933      8             952,313 
 1188,933      8             952,985 
 1188,933      8             953,61 
 1188,933      8             954,172 
 1188,933      8             954,797 
 1188,933      8             955,375 
 1188,933      8             955,985 
 1188,933      8             956,563 
 1188,933      8             957,172 
 1188,933      8             957,797 
 1188,933      8             958,313 
 1188,933      8             958,922 
 1188,933      8             959,547 
 1188,933      8             960,125 
 1188,933      8             960,797 
 1188,933      8             961,375 
 1188,933      8             962,047 
 1188,933      8             962,672 
 1188,933      8             963,235 
 1188,933      8             963,797 
 1188,933      8             964,485 
 1188,933      8             965,063 
 1188,933      8             965,735 
 1188,933      8             966,313 
 1188,933      8             966,922 
 1188,933      8             967,5 
 1188,933      8             968,125 
 1188,933      8             968,75 
 1188,933      8             969,547 
 1188,933      8             970,188 
 1188,933      8             970,75 
 1188,933      8             971,36 
 1188,933      8             971,875 
 1188,933      8             972,5 
 1188,933      8             973,063 
 1188,933      8             973,672 
 1188,933      8             974,297 
 1188,933      8             974,938 
 1188,933      8             975,5 
 1188,933      8             976,079 
 1188,933      8             976,438 
 1188,933      8             976,829 
 1188,933      8             977,204 
 1188,933      8             977,5 
 1188,933      8             977,782 
 1188,933      8             978,141 
 1188,933      8             978,454 
 1188,933      8             978,735 
 1188,933      8             979,032 
 1188,933      8             979,344 
 1188,933      8             979,625 
 1188,933      8             979,922 
 1188,933      8             980,36 
 1188,933      8             980,688 
 1188,933      8             981 
 1188,933      8             981,313 
 1188,933      8             981,61 
 1188,933      8             981,938 
 1188,933      8             982,266 
 1188,933      8             982,61 
 1188,933      8             982,922 
 1188,933      8             983,219 
 1188,933      8             983,61 
 1188,933      8             983,969 
 1188,933      8             984,25 
 1188,933      8             984,579 
 1188,933      8             984,922 
 1188,933      8             985,219 
 1188,933      8             985,594 
 1188,933      8             985,985 
 1188,933      8             986,344 
 1188,933      8             986,657 
 1188,933      8             986,954 
 1188,933      8             987,313 
 1188,933      8             987,61 
 1188,933      8             987,907 
 1188,933      8             988,204 
 1188,933      8             988,485 
 1188,933      8             988,782 
 1188,933      8             989,079 
 1188,933      8             989,375 
 1188,933      8             989,704 
 1188,933      8             990 
 1188,933      8             990,282 
 1188,933      8             990,625 
 1188,933      8             990,922 
 1188,933      8             991,235 
 1188,933      8             991,547 
 1188,933      8             991,86 
 1188,933      8             992,157 
 1188,933      8             992,454 
 1188,933      8             992,735 
 1188,933      8             993,032 
 1188,933      8             993,344 
 1188,933      8             993,657 
 1188,933      8             993,985 
 1188,933      8             994,266 
 1188,933      8             994,579 
 1188,933      8             994,875 
 1188,933      8             995,219 
 1188,933      8             995,532 
 1188,933      8             995,829 
 1188,933      8             996,141 
 1188,933      8             996,532 
 1188,933      8             996,969 
 1188,933      8             997,266 
 1188,933      8             997,579 
 1188,933      8             997,891 
 1188,933      8             998,204 
 1188,933      8             998,547 
 1188,933      8             998,922 
 1188,933      8             999,219 
 1188,933      8             999,532 
 1188,933      8             999,813 
 1188,933      8             1000,141 
 1188,933      8             1000,469 
 1188,933      8             1000,766 
 1188,933      8             1001,094 
 1188,933      8             1001,422 
 1188,933      8             1001,75 
 1188,933      8             1002,141 
 1188,933      8             1002,469 
 1188,933      8             1002,86 
 1188,933      8             1003,172 
 1188,933      8             1003,469 
 1188,933      8             1003,782 
 1188,933      8             1004,079 
 1188,933      8             1004,407 
 1188,933      8             1004,829 
 1188,933      8             1005,125 
 1188,933      8             1005,422 
 1188,933      8             1005,735 
 1188,933      8             1006,079 
 1188,933      8             1006,391 
 1188,933      8             1006,688 
 1188,933      8             1007 
 1188,933      8             1007,297 
 1188,933      8             1007,579 
 1188,933      8             1007,954 
 1188,933      8             1008,297 
 1188,933      8             1008,594 
 1188,933      8             1008,891 
 1188,933      8             1009,219 
 1188,933      8             1009,579 
 1188,933      8             1009,891 
 1188,933      8             1010,25 
 1188,933      8             1010,547 
 1188,933      8             1010,86 
 1188,933      8             1011,157 
 1188,933      8             1011,469 
 1188,933      8             1011,797 
 1188,933      8             1012,125 
 1188,933      8             1012,454 
 1188,933      8             1012,766 
 1188,933      8             1013,063 
 1188,933      8             1013,454 
 1188,933      8             1013,813 
 1188,933      8             1014,094 
 1188,933      8             1014,375 
 1188,933      8             1014,704 
 1188,933      8             1015,141 
 1188,933      8             1015,485 
 1188,933      8             1015,813 
 1188,933      8             1016,11 
 1188,933      8             1016,391 
 1188,933      8             1016,688 
 1188,933      8             1017 
 1188,933      8             1017,329 
 1188,933      8             1017,672 
 1188,933      8             1018,016 
 1188,933      8             1018,282 
 1188,933      8             1018,579 
 1188,933      8             1018,969 
 1188,933      8             1019,266 
 1188,933      8             1019,61 
 1188,933      8             1019,907 
 1188,933      8             1020,219 
