Iteraciones:   1014 

Costo         Vehículos     Tiempo [seg]
 0             0             0,607 
 925,901       10            1,121 
 925,901       10            1,698 
 919,569       10            2,415 
 876,266       10            3,522 
 876,266       10            4,503 
 876,266       10            5,407 
 876,266       10            6,265 
 876,266       10            7,325 
 876,266       10            8,54 
 876,266       10            9,429 
 876,266       10            10,286 
 876,266       10            11,143 
 852,449       10            12,141 
 852,449       10            13,122 
 852,449       10            14,104 
 852,449       10            15,102 
 852,449       10            15,975 
 852,449       10            16,972 
 852,449       10            18,032 
 852,449       10            19,076 
 852,449       10            20,261 
 852,449       10            21,274 
 852,449       10            22,116 
 852,449       10            23,222 
 852,449       10            24,111 
 852,449       10            24,983 
 852,449       10            25,841 
 852,449       10            26,604 
 852,449       10            27,477 
 852,449       10            28,334 
 852,449       10            29,316 
 852,449       10            30,22 
 852,449       10            31,202 
 852,449       10            32,387 
 852,449       10            33,135 
 852,449       10            34,101 
 852,449       10            34,958 
 852,449       10            35,816 
 852,449       10            36,813 
 852,449       10            37,655 
 852,449       10            38,637 
 852,449       10            39,51 
 852,449       10            40,601 
 852,449       10            41,707 
 852,449       10            42,689 
 852,449       10            43,546 
 852,449       10            44,31 
 852,449       10            45,276 
 852,449       10            46,274 
 852,449       10            47,24 
 852,449       10            48,238 
 852,449       10            49,204 
 852,449       10            50,186 
 852,449       10            51,184 
 852,449       10            52,025 
 852,449       10            52,882 
 852,449       10            53,74 
 852,449       10            54,488 
 852,449       10            55,47 
 852,449       10            56,218 
 852,449       10            57,309 
 852,449       10            58,057 
 852,449       10            59,023 
 852,449       10            59,88 
 852,449       10            60,738 
 852,449       10            61,486 
 852,449       10            62,452 
 852,449       10            63,341 
 852,449       10            64,307 
 852,449       10            65,289 
 852,449       10            66,021 
 852,449       10            66,894 
 852,449       10            67,876 
 852,449       10            68,609 
 852,449       10            69,591 
 852,449       10            70,448 
 852,449       10            71,321 
 852,449       10            72,178 
 852,449       10            73,144 
 852,449       10            74,126 
 852,449       10            74,874 
 852,449       10            75,716 
 852,449       10            76,698 
 852,449       10            77,555 
 852,449       10            78,537 
 852,449       10            79,41 
 852,449       10            80,267 
 852,449       10            81,249 
 852,449       10            82,106 
 852,449       10            82,854 
 852,449       10            83,821 
 852,449       10            84,678 
 852,449       10            85,535 
 852,449       10            86,517 
 852,449       10            87,499 
 852,449       10            88,387 
 852,449       10            89,354 
 852,449       10            90,226 
 852,449       10            91,193 
 852,449       10            92,066 
 852,449       10            93,032 
 852,449       10            94,014 
 852,449       10            94,996 
 852,449       10            95,978 
 852,449       10            96,85 
 852,449       10            97,832 
 852,449       10            98,69 
 852,449       10            99,781 
 852,449       10            100,653 
 852,449       10            101,511 
 852,449       10            102,477 
 852,449       10            103,241 
 852,449       10            104,207 
 852,449       10            105,08 
 852,449       10            106,046 
 852,449       10            106,81 
 852,449       10            107,667 
 852,449       10            108,524 
 852,449       10            109,366 
 852,449       10            110,13 
 852,449       10            110,987 
 852,449       10            111,953 
 852,449       10            112,951 
 852,449       10            113,917 
 852,449       10            114,79 
 852,449       10            115,647 
 852,449       10            116,614 
 852,449       10            117,471 
 852,449       10            118,328 
 852,449       10            119,216 
 852,449       10            120,183 
 852,449       10            121,18 
 852,449       10            122,178 
 852,449       10            123,144 
 852,449       10            124,017 
 852,449       10            124,999 
 852,449       10            125,965 
 852,449       10            126,947 
 852,449       10            127,82 
 852,449       10            128,786 
 852,449       10            129,768 
 852,449       10            130,641 
 852,449       10            131,607 
 852,449       10            132,511 
 852,449       10            133,368 
 852,449       10            134,335 
 852,449       10            135,099 
 852,449       10            136,19 
 852,449       10            137,062 
 852,449       10            137,904 
 852,449       10            138,777 
 852,449       10            139,634 
 852,449       10            140,491 
 852,449       10            141,473 
 852,449       10            142,564 
 852,449       10            143,421 
 852,449       10            144,279 
 852,449       10            145,152 
 852,449       10            146,009 
 852,449       10            147,256 
 852,449       10            148,128 
 852,449       10            149,001 
 852,449       10            149,858 
 852,449       10            150,716 
 852,449       10            151,682 
 852,449       10            152,43 
 852,449       10            153,287 
 852,449       10            154,16 
 852,449       10            155,049 
 852,449       10            156,015 
 852,449       10            157,153 
 852,449       10            158,01 
 852,449       10            158,992 
 852,449       10            159,974 
 852,449       10            160,956 
 852,449       10            161,938 
 852,449       10            162,966 
 852,449       10            163,886 
 852,449       10            164,868 
 852,449       10            165,772 
 852,449       10            166,629 
 852,449       10            167,517 
 852,449       10            168,375 
 852,449       10            169,216 
 852,449       10            170,198 
 852,449       10            171,196 
 852,449       10            172,209 
 852,449       10            173,082 
 852,449       10            173,83 
 852,449       10            174,687 
 852,449       10            175,575 
 852,449       10            176,557 
 852,449       10            177,43 
 852,449       10            178,568 
 852,449       10            179,316 
 852,449       10            180,298 
 852,449       10            181,28 
 852,449       10            182,262 
 852,449       10            183,119 
 852,449       10            183,867 
 852,449       10            184,724 
 852,449       10            185,706 
 852,449       10            186,564 
 852,449       10            187,545 
 852,449       10            188,512 
 852,449       10            189,385 
 852,449       10            190,351 
 852,449       10            191,224 
 852,449       10            192,081 
 852,449       10            192,954 
 852,449       10            194,045 
 852,449       10            194,902 
 852,449       10            195,759 
 852,449       10            196,757 
 852,449       10            197,598 
 852,449       10            198,471 
 852,449       10            199,453 
 852,449       10            200,435 
 852,449       10            201,401 
 852,449       10            202,274 
 852,449       10            203,256 
 852,449       10            204,004 
 852,449       10            204,986 
 852,449       10            206,077 
 852,449       10            206,934 
 852,449       10            207,807 
 852,449       10            208,789 
 852,449       10            209,755 
 852,449       10            210,504 
 852,449       10            211,47 
 852,449       10            212,327 
 852,449       10            213,2 
 852,449       10            214,166 
 852,449       10            215,039 
 852,449       10            215,896 
 852,449       10            216,878 
 852,449       10            217,736 
 852,449       10            218,593 
 852,449       10            219,45 
 852,449       10            220,323 
 852,449       10            221,289 
 852,449       10            222,271 
 852,449       10            223,128 
 852,449       10            224,001 
 852,449       10            224,858 
 852,449       10            225,716 
 852,449       10            226,588 
 852,449       10            227,57 
 852,449       10            228,537 
 852,449       10            229,394 
 852,449       10            230,376 
 852,449       10            231,233 
 852,449       10            232,09 
 852,449       10            232,963 
 852,449       10            233,945 
 852,449       10            234,818 
 852,449       10            235,675 
 852,449       10            236,641 
 852,449       10            237,499 
 852,449       10            238,496 
 852,449       10            239,462 
 852,449       10            240,335 
 852,449       10            241,192 
 852,449       10            242,159 
 852,449       10            243,016 
 852,449       10            243,889 
 852,449       10            244,871 
 852,449       10            245,744 
 852,449       10            246,741 
 852,449       10            247,723 
 852,449       10            248,705 
 852,449       10            249,578 
 852,449       10            250,56 
 852,449       10            251,417 
 852,449       10            252,633 
 852,449       10            253,614 
 852,449       10            254,487 
 852,449       10            255,454 
 852,449       10            256,451 
 852,449       10            257,293 
 852,449       10            258,166 
 852,449       10            259,116 
 852,449       10            260,005 
 852,449       10            260,893 
 852,449       10            261,906 
 852,449       10            262,826 
 852,449       10            263,808 
 852,449       10            264,665 
 852,449       10            265,803 
 852,449       10            266,644 
 852,449       10            267,626 
 852,449       10            268,546 
 852,449       10            269,419 
 852,449       10            270,401 
 852,449       10            271,305 
 852,449       10            272,287 
 852,449       10            273,128 
 852,449       10            274,172 
 852,449       10            275,154 
 852,449       10            276,261 
 852,449       10            277,134 
 852,449       10            277,975 
 852,449       10            278,864 
 852,449       10            279,721 
 852,449       10            280,578 
 852,449       10            281,42 
 852,449       10            282,308 
 852,449       10            283,275 
 852,449       10            284,147 
 852,449       10            285,129 
 852,449       10            286,002 
 852,449       10            286,875 
 852,449       10            287,841 
 852,449       10            288,839 
 852,449       10            289,821 
 852,449       10            290,803 
 852,449       10            291,66 
 852,449       10            292,533 
 852,449       10            293,499 
 852,449       10            294,481 
 852,449       10            295,369 
 852,449       10            296,227 
 852,449       10            297,084 
 852,449       10            297,941 
 852,449       10            298,814 
 852,449       10            299,796 
 852,449       10            300,669 
 852,449       10            301,651 
 852,449       10            302,632 
 852,449       10            303,505 
 852,449       10            304,362 
 852,449       10            305,329 
 852,449       10            306,186 
 852,449       10            307,043 
 852,449       10            307,916 
 852,449       10            308,789 
 852,449       10            309,631 
 852,449       10            310,503 
 852,449       10            311,345 
 852,449       10            312,327 
 852,449       10            313,309 
 852,449       10            314,182 
 852,449       10            315,148 
 852,449       10            316,005 
 852,449       10            316,878 
 852,449       10            317,751 
 852,449       10            318,748 
 852,449       10            319,746 
 852,449       10            320,603 
 852,449       10            321,46 
 852,449       10            322,567 
 852,449       10            323,658 
 852,449       10            324,515 
 852,449       10            325,388 
 852,449       10            326,354 
 852,449       10            327,227 
 852,449       10            328,24 
 852,449       10            329,082 
 852,449       10            330,064 
 852,449       10            330,921 
 852,449       10            331,841 
 852,449       10            332,807 
 852,449       10            333,742 
 852,449       10            334,49 
 852,449       10            335,347 
 852,449       10            336,205 
 852,449       10            337,124 
 852,449       10            338,122 
 852,449       10            339,275 
 852,449       10            340,273 
 852,449       10            341,27 
 852,449       10            342,252 
 852,449       10            343,125 
 852,449       10            344,263 
 852,449       10            345,26 
 852,449       10            346,133 
 852,449       10            347,224 
 852,449       10            348,206 
 852,449       10            349,188 
 852,449       10            350,045 
 852,449       10            350,918 
 852,449       10            351,775 
 852,449       10            352,648 
 852,449       10            353,38 
 852,449       10            354,362 
 852,449       10            355,344 
 852,449       10            356,311 
 852,449       10            357,183 
 852,449       10            358,15 
 852,449       10            359,023 
 852,449       10            359,88 
 852,449       10            360,737 
 852,449       10            361,61 
 852,449       10            362,467 
 852,449       10            363,324 
 852,449       10            364,291 
 852,449       10            365,163 
 852,449       10            366,021 
 852,449       10            366,987 
 852,449       10            367,844 
 852,449       10            368,608 
 852,449       10            369,45 
 852,449       10            370,432 
 852,449       10            371,289 
 852,449       10            372,286 
 852,449       10            373,253 
 852,449       10            373,985 
 852,449       10            374,842 
 852,449       10            375,7 
 852,449       10            376,572 
 852,449       10            377,57 
 852,449       10            378,552 
 852,449       10            379,409 
 852,449       10            380,391 
 852,449       10            381,248 
 852,449       10            382,215 
 852,449       10            383,087 
 852,449       10            384,054 
 852,449       10            384,927 
 852,449       10            385,908 
 852,449       10            386,781 
 852,449       10            387,872 
 852,449       10            388,839 
 852,449       10            389,696 
 852,449       10            390,584 
 852,449       10            391,566 
 852,449       10            392,33 
 852,449       10            393,249 
 852,449       10            394,231 
 852,449       10            395,12 
 852,449       10            396,164 
 852,449       10            397,13 
 852,449       10            398,112 
 852,449       10            398,985 
 852,449       10            399,951 
 852,449       10            400,7 
 852,449       10            401,681 
 852,449       10            402,648 
 852,449       10            403,412 
 852,449       10            404,269 
 852,449       10            405,11 
 852,449       10            406,108 
 852,449       10            407,074 
 852,449       10            407,947 
 852,449       10            408,913 
 852,449       10            409,677 
 852,449       10            410,659 
 852,449       10            411,594 
 852,449       10            412,483 
 852,449       10            413,464 
 852,449       10            414,259 
 852,449       10            415,179 
 852,449       10            416,099 
 852,449       10            417,08 
 852,449       10            418,078 
 852,449       10            418,951 
 852,449       10            419,948 
 852,449       10            420,774 
 852,449       10            421,647 
 852,449       10            422,613 
 852,449       10            423,502 
 852,449       10            424,515 
 852,449       10            425,419 
 852,449       10            426,292 
 852,449       10            427,274 
 852,449       10            428,131 
 852,449       10            429,128 
 852,449       10            430,157 
 852,449       10            431,295 
 852,449       10            432,37 
 852,449       10            433,43 
 852,449       10            434,428 
 852,449       10            435,519 
 852,449       10            436,282 
 852,449       10            437,264 
 852,449       10            438,418 
 852,449       10            439,322 
 852,449       10            440,194 
 852,449       10            441,176 
 852,449       10            442,158 
 852,449       10            443,016 
 852,449       10            443,873 
 852,449       10            444,746 
 852,449       10            445,837 
 852,449       10            446,85 
 852,449       10            447,832 
 852,449       10            448,86 
 852,449       10            449,951 
 852,449       10            450,886 
 852,449       10            451,868 
 852,449       10            452,741 
 852,449       10            453,536 
 852,449       10            454,518 
 852,449       10            455,469 
 852,449       10            456,513 
 852,449       10            457,542 
 852,449       10            458,461 
 852,449       10            459,319 
 852,449       10            460,254 
 852,449       10            461,22 
 852,449       10            461,968 
 852,449       10            462,934 
 852,449       10            463,838 
 852,449       10            464,805 
 852,449       10            465,756 
 852,449       10            466,628 
 852,449       10            467,517 
 852,449       10            468,374 
 852,449       10            469,371 
 852,449       10            470,26 
 852,449       10            471,117 
 852,449       10            472,099 
 852,449       10            472,847 
 852,449       10            473,689 
 852,449       10            474,546 
 852,449       10            475,528 
 852,449       10            476,525 
 852,449       10            477,492 
 852,449       10            478,302 
 852,449       10            479,534 
 852,449       10            480,422 
 852,449       10            481,295 
 852,449       10            482,168 
 852,449       10            483,165 
 852,449       10            484,038 
 852,449       10            484,911 
 852,449       10            486,017 
 852,449       10            486,875 
 852,449       10            487,747 
 852,449       10            488,605 
 852,449       10            489,633 
 852,449       10            490,646 
 852,449       10            491,55 
 852,449       10            492,47 
 852,449       10            493,343 
 852,449       10            494,34 
 852,449       10            495,104 
 852,449       10            496,07 
 852,449       10            496,99 
 852,449       10            498,003 
 852,449       10            499,11 
 852,449       10            499,982 
 852,449       10            500,949 
 852,449       10            501,931 
 852,449       10            502,819 
 852,449       10            503,692 
 852,449       10            504,705 
 852,449       10            505,718 
 852,449       10            506,606 
 852,449       10            507,479 
 852,449       10            508,352 
 852,449       10            509,209 
 852,449       10            510,191 
 852,449       10            511,064 
 852,449       10            511,921 
 852,449       10            512,841 
 852,449       10            513,823 
 852,449       10            514,68 
 852,449       10            515,646 
 852,449       10            516,55 
 852,449       10            517,439 
 852,449       10            518,436 
 852,449       10            519,418 
 852,449       10            520,182 
 852,449       10            521,055 
 852,449       10            521,912 
 852,449       10            522,785 
 852,449       10            523,642 
 852,449       10            524,608 
 852,449       10            525,481 
 852,449       10            526,338 
 852,449       10            527,211 
 852,449       10            528,068 
 852,449       10            529,175 
 852,449       10            530,048 
 852,449       10            531,17 
 852,449       10            532,027 
 852,449       10            532,884 
 852,449       10            533,773 
 852,449       10            534,677 
 852,449       10            535,643 
 852,449       10            536,656 
 852,449       10            537,685 
 852,449       10            538,573 
 852,449       10            539,555 
 852,449       10            540,444 
 852,449       10            541,348 
 852,449       10            542,47 
 852,449       10            543,452 
 852,449       10            544,309 
 852,449       10            545,197 
 852,449       10            546,179 
 852,449       10            547,099 
 852,449       10            547,972 
 852,449       10            548,969 
 852,449       10            549,967 
 852,449       10            550,839 
 852,449       10            551,821 
 852,449       10            552,679 
 852,449       10            553,52 
 852,449       10            554,284 
 852,449       10            555,266 
 852,449       10            556,248 
 852,449       10            557,386 
 852,449       10            558,539 
 852,449       10            559,599 
 852,449       10            560,503 
 852,449       10            561,469 
 852,449       10            562,451 
 852,449       10            563,324 
 852,449       10            564,306 
 852,449       10            565,179 
 852,449       10            566,207 
 852,449       10            567,08 
 852,449       10            568,202 
 852,449       10            569,091 
 852,449       10            569,964 
 852,449       10            570,821 
 852,449       10            571,803 
 852,449       10            572,769 
 852,449       10            573,657 
 852,449       10            574,624 
 852,449       10            575,356 
 852,449       10            576,229 
 852,449       10            577,133 
 852,449       10            577,866 
 852,449       10            578,723 
 852,449       10            579,596 
 852,449       10            580,453 
 852,449       10            581,31 
 852,449       10            582,074 
 852,449       10            583,056 
 852,449       10            584,053 
 852,449       10            584,942 
 852,449       10            585,955 
 852,449       10            586,812 
 852,449       10            587,7 
 852,449       10            588,558 
 852,449       10            589,493 
 852,449       10            590,553 
 852,449       10            591,535 
 852,449       10            592,439 
 852,449       10            593,42 
 852,449       10            594,48 
 852,449       10            595,493 
 852,449       10            596,366 
 852,449       10            597,348 
 852,449       10            598,314 
 852,449       10            599,203 
 852,449       10            600,076 
 852,449       10            600,933 
 852,449       10            601,79 
 852,449       10            602,647 
 852,449       10            603,536 
 852,449       10            604,611 
 852,449       10            605,593 
 852,449       10            606,606 
 852,449       10            607,588 
 852,449       10            608,586 
 852,449       10            609,458 
 852,449       10            610,643 
 852,449       10            611,656 
 852,449       10            612,654 
 852,449       10            613,635 
 852,449       10            614,617 
 852,449       10            615,49 
 852,449       10            616,347 
 852,449       10            617,205 
 852,449       10            618,233 
 852,449       10            619,091 
 852,449       10            619,963 
 852,449       10            621,054 
 852,449       10            621,927 
 852,449       10            622,831 
 852,449       10            623,86 
 852,449       10            624,857 
 852,449       10            625,715 
 852,449       10            626,712 
 852,449       10            627,523 
 852,449       10            628,489 
 852,449       10            629,44 
 852,449       10            630,422 
 852,449       10            631,279 
 852,449       10            632,167 
 852,449       10            633,258 
 852,449       10            634,147 
 852,449       10            635,113 
 852,449       10            635,877 
 852,449       10            636,843 
 852,449       10            637,716 
 852,449       10            638,854 
 852,449       10            639,726 
 852,449       10            640,786 
 852,449       10            641,675 
 852,449       10            642,719 
 852,449       10            643,592 
 852,449       10            644,527 
 852,449       10            645,291 
 852,449       10            646,304 
 852,449       10            647,161 
 852,449       10            648,268 
 852,449       10            649,249 
 852,449       10            650,013 
 852,449       10            650,886 
 852,449       10            651,868 
 852,449       10            652,881 
 852,449       10            653,988 
 852,449       10            654,845 
 852,449       10            655,827 
 852,449       10            656,762 
 852,449       10            657,884 
 852,449       10            658,975 
 852,449       10            660,035 
 852,449       10            660,939 
 852,449       10            661,859 
 852,449       10            662,825 
 852,449       10            663,807 
 852,449       10            664,789 
 852,449       10            665,677 
 852,449       10            666,753 
 852,449       10            667,61 
 852,449       10            668,358 
 852,449       10            669,215 
 852,449       10            670,072 
 852,449       10            671,039 
 852,449       10            671,802 
 852,449       10            672,862 
 852,449       10            673,86 
 852,449       10            674,733 
 852,449       10            675,699 
 852,449       10            676,681 
 852,449       10            677,538 
 852,449       10            678,411 
 852,449       10            679,362 
 852,449       10            680,125 
 852,449       10            681,185 
 852,449       10            682,12 
 852,449       10            683,118 
 852,449       10            684,022 
 852,449       10            685,019 
 852,449       10            686,219 
 852,449       10            687,295 
 852,449       10            688,183 
 852,449       10            689,041 
 852,449       10            689,913 
 852,449       10            690,786 
 852,449       10            691,69 
 852,449       10            692,672 
 852,449       10            693,56 
 852,449       10            694,62 
 852,449       10            695,493 
 852,449       10            696,366 
 852,449       10            697,363 
 852,449       10            698,267 
 852,449       10            699,156 
 852,449       10            700,013 
 852,449       10            701,011 
 852,449       10            702,164 
 852,449       10            703,115 
 852,449       10            704,019 
 852,449       10            705,047 
 852,449       10            705,983 
 852,449       10            706,731 
 852,449       10            707,728 
 852,449       10            708,585 
 852,449       10            709,567 
 852,449       10            710,409 
 852,449       10            711,266 
 852,449       10            712,139 
 852,449       10            713,246 
 852,449       10            714,118 
 852,449       10            715,085 
 852,449       10            715,958 
 852,449       10            716,83 
 852,449       10            717,812 
 852,449       10            718,794 
 852,449       10            719,776 
 852,449       10            720,633 
 852,449       10            721,491 
 852,449       10            722,348 
 852,449       10            723,205 
 852,449       10            724,062 
 852,449       10            724,935 
 852,449       10            725,901 
 852,449       10            726,774 
 852,449       10            727,631 
 852,449       10            728,38 
 852,449       10            729,252 
 852,449       10            730,11 
 852,449       10            730,967 
 852,449       10            731,824 
 852,449       10            732,697 
 852,449       10            733,554 
 852,449       10            734,521 
 852,449       10            735,502 
 852,449       10            736,36 
 852,449       10            737,232 
 852,449       10            738,199 
 852,449       10            739,056 
 852,449       10            739,913 
 852,449       10            740,786 
 852,449       10            741,69 
 852,449       10            742,656 
 852,449       10            743,405 
 852,449       10            744,386 
 852,449       10            745,353 
 852,449       10            746,226 
 852,449       10            747,208 
 852,449       10            748,189 
 852,449       10            749,156 
 852,449       10            750,013 
 852,449       10            750,886 
 852,449       10            751,883 
 852,449       10            752,647 
 852,449       10            753,489 
 852,449       10            754,361 
 852,449       10            755,219 
 852,449       10            756,076 
 852,449       10            757,011 
 852,449       10            757,884 
 852,449       10            758,741 
 852,449       10            759,598 
 852,449       10            760,58 
 852,449       10            761,515 
 852,449       10            762,357 
 852,449       10            763,214 
 852,449       10            764,087 
 852,449       10            765,178 
 852,449       10            766,051 
 852,449       10            767,048 
 852,449       10            767,921 
 852,449       10            768,779 
 852,449       10            769,651 
 852,449       10            770,493 
 852,449       10            771,35 
 852,449       10            772,207 
 852,449       10            773,065 
 852,449       10            774,047 
 852,449       10            774,919 
 852,449       10            775,886 
 852,449       10            776,759 
 852,449       10            777,631 
 852,449       10            778,473 
 852,449       10            779,33 
 852,449       10            780,312 
 852,449       10            781,06 
 852,449       10            782,042 
 852,449       10            782,915 
 852,449       10            783,897 
 852,449       10            784,894 
 852,449       10            785,767 
 852,449       10            786,765 
 852,449       10            787,638 
 852,449       10            788,495 
 852,449       10            789,336 
 852,449       10            790,085 
 852,449       10            791,176 
 852,449       10            792,08 
 852,449       10            792,999 
 852,449       10            793,966 
 852,449       10            794,823 
 852,449       10            795,68 
 852,449       10            796,615 
 852,449       10            797,488 
 852,449       10            798,548 
 852,449       10            799,514 
 852,449       10            800,496 
 852,449       10            801,369 
 852,449       10            802,226 
 852,449       10            803,208 
 852,449       10            804,081 
 852,449       10            804,938 
 852,449       10            805,78 
 852,449       10            806,637 
 852,449       10            807,557 
 852,449       10            808,414 
 852,449       10            809,177 
 852,449       10            810,019 
 852,449       10            810,876 
 852,449       10            811,734 
 852,449       10            812,497 
 852,449       10            813,464 
 852,449       10            814,336 
 852,449       10            815,334 
 852,449       10            816,238 
 852,449       10            817,095 
 852,449       10            817,952 
 852,449       10            818,95 
 852,449       10            819,823 
 852,449       10            820,68 
 852,449       10            821,553 
 852,449       10            822,332 
 852,449       10            823,298 
 852,449       10            824,311 
 852,449       10            825,34 
 852,449       10            826,306 
 852,449       10            827,164 
 852,449       10            828,146 
 852,449       10            829,143 
 852,449       10            830,25 
 852,449       10            830,998 
 852,449       10            831,964 
 852,449       10            832,853 
 852,449       10            833,819 
 852,449       10            834,583 
 852,449       10            835,549 
 852,449       10            836,313 
 852,449       10            837,279 
 852,449       10            838,277 
 852,449       10            839,134 
 852,449       10            839,991 
 852,449       10            840,833 
 852,449       10            841,705 
 852,449       10            842,547 
 852,449       10            843,435 
 852,449       10            844,293 
 852,449       10            845,134 
 852,449       10            846,116 
 852,449       10            846,989 
 852,449       10            847,846 
 852,449       10            848,813 
 852,449       10            849,67 
 852,449       10            850,652 
 852,449       10            851,525 
 852,449       10            852,397 
 852,449       10            853,255 
 852,449       10            854,221 
 852,449       10            855,203 
 852,449       10            856,076 
 852,449       10            857,058 
 852,449       10            857,915 
 852,449       10            858,772 
 852,449       10            859,645 
 852,449       10            860,611 
 852,449       10            861,375 
 852,449       10            862,217 
 852,449       10            862,98 
 852,449       10            863,822 
 852,449       10            864,929 
 852,449       10            865,786 
 852,449       10            866,659 
 852,449       10            867,5 
 852,449       10            868,373 
 852,449       10            869,23 
 852,449       10            870,088 
 852,449       10            870,96 
 852,449       10            871,802 
 852,449       10            872,675 
 852,449       10            873,641 
 852,449       10            874,389 
 852,449       10            875,246 
 852,449       10            876,119 
 852,449       10            877,086 
 852,449       10            877,834 
 852,449       10            878,675 
 852,449       10            879,548 
 852,449       10            880,53 
 852,449       10            881,403 
 852,449       10            882,26 
 852,449       10            883,117 
 852,449       10            883,975 
 852,449       10            884,832 
 852,449       10            885,689 
 852,449       10            886,531 
 852,449       10            887,513 
 852,449       10            888,385 
 852,449       10            889,258 
 852,449       10            890,116 
 852,449       10            890,957 
 852,449       10            891,83 
 852,449       10            892,796 
 852,449       10            893,654 
 852,449       10            894,651 
 852,449       10            895,617 
 852,449       10            896,475 
 852,449       10            897,363 
 852,449       10            898,345 
 852,449       10            899,202 
 852,449       10            899,95 
 852,449       10            901,041 
 852,449       10            901,899 
 852,449       10            902,756 
 852,449       10            903,769 
 852,449       10            904,626 
 852,449       10            905,468 
 852,449       10            906,434 
 852,449       10            907,307 
 852,449       10            908,071 
 852,449       10            909,037 
 852,449       10            909,91 
 852,449       10            910,892 
 852,449       10            911,858 
 852,449       10            912,715 
 852,449       10            913,697 
 852,449       10            914,695 
 852,449       10            915,677 
 852,449       10            916,534 
 852,449       10            917,391 
 852,449       10            918,248 
 852,449       10            919,121 
 852,449       10            920,103 
 852,449       10            920,945 
 852,449       10            921,817 
 852,449       10            922,799 
 852,449       10            923,844 
 852,449       10            924,826 
 852,449       10            925,901 
 852,449       10            926,758 
 852,449       10            927,615 
 852,449       10            928,473 
 852,449       10            929,346 
 852,449       10            930,327 
 852,449       10            931,076 
