Costo de la solución:
 1376,67327687787 

1	1	57,721	179	0	175	46	65	176	8	102	178	35	51	26	0
1	2	123,15	199	0	109	39	9	110	56	25	163	148	92	135	118	72	106	0
1	3	118,682	195	0	7	69	84	134	85	164	170	165	38	119	77	71	168	0
1	4	101,48	194	0	120	47	155	36	122	166	20	124	154	15	79	153	27	0
1	5	94,409	193	0	199	43	42	68	113	137	89	143	90	41	190	192	53	105	0
1	6	93,056	197	0	17	57	189	75	162	31	131	80	10	129	169	50	12	0
1	7	76,531	186	0	126	81	100	150	52	11	108	180	132	149	60	0
1	8	98,344	198	0	34	167	99	179	83	13	123	128	70	19	133	14	177	78	0
1	9	81,275	197	0	195	198	160	115	185	62	116	104	67	159	188	0
1	10	88,641	199	0	182	74	144	24	145	73	146	18	147	181	151	95	0
1	11	80,283	193	0	86	186	93	22	141	91	142	114	156	28	64	101	157	2	0
1	12	60,177	191	0	76	40	130	187	97	161	32	44	55	3	0
1	13	71,218	198	0	98	29	103	5	88	37	138	59	48	30	54	0
1	14	43,707	178	0	6	61	96	33	194	191	1	196	66	112	0
1	15	38,411	129	0	125	45	58	111	87	4	127	0
1	16	78,479	193	0	16	117	63	107	49	183	23	184	197	136	158	193	0
1	17	71,1	167	0	94	140	121	82	174	173	21	171	172	139	152	0
1	18	0	0	0	0
1	19	0	0	0	0
1	20	0	0	0	0

Tiempo de ejecución:
 2637,02559375 
