Costo de la solución:
 843,201638935044 

1	1	139,688	189	0	27	69	1	70	30	20	66	65	71	35	34	78	29	24	80	12	0
1	2	145,458	187	0	10	32	90	63	64	49	36	47	46	8	45	83	18	89	0
1	3	116,234	198	0	26	54	4	55	25	39	67	23	56	75	73	58	0
1	4	115,742	181	0	2	57	15	43	42	14	38	44	91	100	98	37	92	59	94	0
1	5	74,617	171	0	53	40	21	72	74	22	41	87	97	95	13	0
1	6	83,332	191	0	60	5	84	17	86	16	61	85	93	99	96	6	0
1	7	83,53	191	0	50	51	9	81	33	79	3	68	77	76	28	0
1	8	84,597	150	0	31	88	62	11	19	48	82	7	52	0
1	9	0	0	0	0
1	10	0	0	0	0

Tiempo de ejecución:
 5206,72328125 
