Iteraciones:   1409 

Costo         Vehículos     Tiempo [seg]
 1986,649      13            3,46 
 1907,683      13            8,868 
 1907,683      13            13,653 
 1812,726      13            17,939 
 1812,726      13            21,805 
 1812,726      13            25,701 
 1812,726      13            29,161 
 1804,267      13            32,45 
 1804,267      13            36,206 
 1804,267      13            39,323 
 1770,801      13            43,017 
 1770,801      13            46,618 
 1770,801      13            50,53 
 1770,801      13            53,99 
 1770,801      13            57,512 
 1697,598      13            61,315 
 1697,598      13            64,791 
 1697,598      13            68,251 
 1697,598      13            71,867 
 1697,598      13            75,327 
 1697,598      13            79,13 
 1697,598      13            82,84 
 1697,598      13            86,144 
 1697,598      13            89,479 
 1697,598      13            92,908 
 1697,598      13            96,508 
 1697,598      13            99,782 
 1697,598      13            103,039 
 1697,598      13            106,484 
 1697,598      13            109,835 
 1697,598      13            113,154 
 1697,598      13            116,1 
 1697,598      13            119,186 
 1697,598      13            122,646 
 1697,598      13            125,966 
 1697,598      13            129,177 
 1697,598      13            132,637 
 1666,702      13            135,941 
 1666,702      13            139,261 
 1666,702      13            142,456 
 1666,702      13            145,885 
 1666,702      13            149,22 
 1666,702      13            152,306 
 1666,702      13            155,735 
 1666,702      13            159,18 
 1666,702      13            162,733 
 1666,702      13            165,944 
 1666,702      13            169,498 
 1666,702      13            172,833 
 1666,702      13            176,293 
 1666,702      13            179,629 
 1666,702      13            182,933 
 1666,702      13            186,736 
 1666,702      13            189,931 
 1666,702      13            193,375 
 1666,702      13            196,913 
 1666,702      13            200,233 
 1666,702      13            203,678 
 1666,702      13            206,39 
 1666,702      13            209,273 
 1666,702      13            211,751 
 1666,702      13            214,152 
 1666,702      13            216,614 
 1666,702      13            219,03 
 1666,702      13            221,43 
 1666,702      13            223,893 
 1666,702      13            226,387 
 1666,702      13            228,88 
 1666,702      13            231,468 
 1666,702      13            233,93 
 1666,702      13            236,362 
 1666,702      13            238,746 
 1666,702      13            241,334 
 1666,702      13            243,703 
 1666,702      13            246,196 
 1666,702      13            248,955 
 1666,702      13            251,449 
 1666,702      13            253,927 
 1666,702      13            256,249 
 1666,702      13            258,915 
 1666,702      13            261,206 
 1666,702      13            263,684 
 1666,702      13            266,1 
 1666,702      13            268,329 
 1666,702      13            270,9 
 1666,702      13            273,378 
 1666,702      13            275,857 
 1666,702      13            278,179 
 1666,702      13            280,564 
 1666,702      13            282,948 
 1666,702      13            285,613 
 1666,702      13            288,201 
 1666,702      13            290,726 
 1666,702      13            293,126 
 1666,702      13            296,15 
 1666,702      13            298,706 
 1666,702      13            301,262 
 1666,702      13            303,958 
 1666,702      13            306,452 
 1662,28       13            309,024 
 1662,28       13            311,611 
 1662,28       13            314,027 
 1662,28       13            316,52 
 1662,28       13            318,921 
 1662,28       13            321,477 
 1662,28       13            323,986 
 1662,28       13            326,449 
 1662,28       13            328,942 
 1662,28       13            331,421 
 1662,28       13            333,93 
 1662,28       13            336,424 
 1662,28       13            338,918 
 1662,28       13            341,287 
 1662,28       13            343,718 
 1662,28       13            346,196 
 1662,28       13            348,596 
 1662,28       13            351,168 
 1662,28       13            353,459 
 1662,28       13            355,875 
 1662,28       13            358,338 
 1662,28       13            360,754 
 1658,028      13            363,06 
 1658,028      13            365,445 
 1658,028      13            368,126 
 1658,028      13            370,401 
 1658,028      13            373,176 
 1658,028      13            375,654 
 1658,028      13            378,225 
 1658,028      13            380,813 
 1658,028      13            383,135 
 1658,028      13            385,598 
 1658,028      13            387,904 
 1658,028      13            390,211 
 1658,028      13            392,705 
 1658,028      13            395,183 
 1658,028      13            397,583 
 1658,028      13            400,217 
 1658,028      13            402,68 
 1658,028      13            405,127 
 1658,028      13            407,558 
 1658,028      13            410,239 
 1658,028      13            412,639 
 1658,028      13            415,305 
 1658,028      13            418,079 
 1658,028      13            420,635 
 1658,028      13            423,129 
 1658,028      13            425,7 
 1658,028      13            427,914 
 1658,028      13            430,485 
 1658,028      13            432,886 
 1658,028      13            435,27 
 1658,028      13            437,764 
 1658,028      13            440,258 
 1658,028      13            442,736 
 1658,028      13            445,136 
 1658,028      13            447,739 
 1658,028      13            449,952 
 1658,028      13            452,524 
 1658,028      13            454,986 
 1658,028      13            457,293 
 1658,028      13            459,787 
 1658,028      13            462,187 
 1658,028      13            464,759 
 1658,028      13            467,518 
 1658,028      13            469,824 
 1658,028      13            472,209 
 1658,028      13            474,75 
 1658,028      13            477,524 
 1658,028      13            479,908 
 1658,028      13            482,309 
 1658,028      13            484,88 
 1658,028      13            487,265 
 1658,028      13            489,774 
 1658,028      13            492,253 
 1658,028      13            494,559 
 1658,028      13            497,178 
 1658,028      13            499,578 
 1658,028      13            501,978 
 1658,028      13            504,394 
 1658,028      13            506,997 
 1658,028      13            509,475 
 1658,028      13            511,984 
 1658,028      13            514,509 
 1658,028      13            517,112 
 1658,028      13            519,544 
 1658,028      13            522,224 
 1658,028      13            524,796 
 1658,028      13            527,415 
 1658,028      13            529,893 
 1658,028      13            532,293 
 1658,028      13            535,036 
 1658,028      13            537,655 
 1658,028      13            540,133 
 1658,028      13            542,814 
 1658,028      13            545,307 
 1658,028      13            550,575 
 1658,028      13            554,207 
 1658,028      13            557,464 
 1658,028      13            560,909 
 1658,028      13            564,525 
 1658,028      13            567,736 
 1658,028      13            571,242 
 1658,028      13            574,734 
 1658,028      13            578,069 
 1658,028      13            581,015 
 1658,028      13            584,21 
 1658,028      13            587,358 
 1658,028      13            590,444 
 1658,028      13            593,951 
 1658,028      13            598,128 
 1658,028      13            601,651 
 1658,028      13            604,986 
 1658,028      13            608,368 
 1658,028      13            611,641 
 1658,028      13            614,774 
 1658,028      13            619,31 
 1658,028      13            623,144 
 1658,028      13            626,479 
 1658,028      13            629,83 
 1658,028      13            633,025 
 1658,028      13            636,361 
 1658,028      13            639,478 
 1658,028      13            643,047 
 1658,028      13            646,008 
 1658,028      13            649,328 
 1658,028      13            652,523 
 1658,028      13            655,719 
 1658,028      13            659,038 
 1658,028      13            662,218 
 1658,028      13            665,413 
 1658,028      13            668,593 
 1658,028      13            671,912 
 1658,028      13            675,139 
 1658,028      13            678,334 
 1658,028      13            681,513 
 1658,028      13            684,709 
 1658,028      13            688,153 
 1658,028      13            691,457 
 1658,028      13            694,762 
 1658,028      13            698,44 
 1658,028      13            701,51 
 1658,028      13            704,846 
 1658,028      13            708,29 
 1658,028      13            711,47 
 1658,028      13            714,696 
 1658,028      13            718,483 
 1658,028      13            721,554 
 1648,926      13            724,749 
 1648,926      13            727,71 
 1648,926      13            730,89 
 1648,926      13            734,101 
 1648,926      13            737,28 
 1648,926      13            740,6 
 1648,926      13            743,67 
 1648,926      13            747,598 
 1648,926      13            750,793 
 1648,926      13            754,253 
 1648,926      13            757,698 
 1648,926      13            761,158 
 1648,926      13            764,337 
 1648,926      13            767,642 
 1648,926      13            770,728 
 1648,926      13            774,157 
 1648,926      13            777,617 
 1648,926      13            780,936 
 1648,926      13            784,771 
 1648,926      13            788,2 
 1648,926      13            791,286 
 1648,926      13            795,089 
 1648,926      13            798,143 
 1648,926      13            801,105 
 1648,926      13            804,3 
 1648,926      13            807,355 
 1648,926      13            810,799 
 1648,926      13            814,01 
 1648,926      13            817,19 
 1648,926      13            820,509 
 1648,926      13            823,954 
 1648,926      13            827,243 
 1648,926      13            830,562 
 1648,926      13            833,773 
 1648,926      13            836,953 
 1648,926      13            840,397 
 1648,926      13            843,826 
 1648,926      13            847,021 
 1648,926      13            850,201 
 1648,926      13            853,63 
 1648,926      13            856,825 
 1648,926      13            860,004 
 1648,926      13            863,09 
 1648,926      13            866,395 
 1648,926      13            869,933 
 1648,926      13            873,377 
 1648,926      13            876,51 
 1648,926      13            879,705 
 1648,926      13            882,775 
 1648,926      13            886,064 
 1648,926      13            889,025 
 1648,926      13            892,205 
 1648,926      13            895,556 
 1648,926      13            898,642 
 1648,926      13            902,071 
 1648,926      13            905,406 
 1648,926      13            908,866 
 1648,926      13            912,093 
 1648,926      13            915,335 
 1648,926      13            918,873 
 1648,926      13            922,379 
 1648,926      13            925,73 
 1648,926      13            928,676 
 1648,926      13            932,354 
 1648,926      13            935,55 
 1648,926      13            939,088 
 1648,926      13            942,298 
 1648,926      13            945,618 
 1648,926      13            948,907 
 1648,926      13            952,492 
 1648,926      13            955,562 
 1648,926      13            958,757 
 1648,926      13            961,812 
 1648,926      13            965,132 
 1648,926      13            968,436 
 1648,926      13            971,647 
 1648,926      13            974,951 
 1648,926      13            978,364 
 1648,926      13            982,058 
 1648,926      13            985,144 
 1648,926      13            988,698 
 1648,926      13            991,768 
 1648,926      13            995,696 
 1648,926      13            998,876 
 1648,926      13            1002,211 
 1648,926      13            1005,157 
 1648,926      13            1008,586 
 1648,926      13            1012,155 
 1648,926      13            1015,49 
 1648,926      13            1019,153 
 1648,926      13            1022,223 
 1648,926      13            1025,434 
 1648,926      13            1028,614 
 1648,926      13            1032,043 
 1648,926      13            1035,238 
 1648,926      13            1038,433 
 1648,926      13            1041,612 
 1648,926      13            1044,807 
 1648,926      13            1047,769 
 1648,926      13            1051,089 
 1648,926      13            1054,408 
 1648,926      13            1057,604 
 1648,926      13            1060,783 
 1648,926      13            1064,009 
 1648,926      13            1067,173 
 1648,926      13            1070,649 
 1648,926      13            1074,094 
 1648,926      13            1077,522 
 1648,926      13            1080,811 
 1648,926      13            1084,302 
 1648,926      13            1087,42 
 1648,926      13            1090,537 
 1648,926      13            1093,825 
 1648,926      13            1097,27 
 1648,926      13            1100,449 
 1648,926      13            1103,723 
 1648,926      13            1107,058 
 1648,926      13            1110,362 
 1648,926      13            1113,542 
 1648,926      13            1116,737 
 1648,926      13            1119,948 
 1648,926      13            1123,501 
 1648,926      13            1126,681 
 1648,926      13            1129,985 
 1648,926      13            1133,227 
 1648,926      13            1137,014 
 1648,926      13            1140,428 
 1648,926      13            1143,701 
 1648,926      13            1147,207 
 1648,926      13            1150,605 
 1648,926      13            1154,424 
 1648,926      13            1157,541 
 1648,926      13            1160,908 
 1648,926      13            1164,165 
 1648,926      13            1167,236 
 1648,926      13            1170,649 
 1648,926      13            1174,125 
 1648,926      13            1177,507 
 1648,926      13            1180,639 
 1648,926      13            1184,022 
 1648,926      13            1187,357 
 1648,926      13            1190,646 
 1648,926      13            1194,246 
 1648,926      13            1197,815 
 1648,926      13            1200,932 
 1648,926      13            1204,05 
 1648,926      13            1207,401 
 1648,926      13            1210,83 
 1648,926      13            1214,103 
 1648,926      13            1217,36 
 1648,926      13            1220,992 
 1648,926      13            1224,67 
 1648,926      13            1228,068 
 1648,926      13            1231,933 
 1648,926      13            1235,611 
 1648,926      13            1239,461 
 1648,926      13            1242,625 
 1648,926      13            1246,147 
 1648,926      13            1249,28 
 1648,926      13            1252,6 
 1648,926      13            1256,029 
 1585,454      13            1259,24 
 1585,454      13            1262,435 
 1585,454      13            1265,505 
 1585,454      13            1268,576 
 1585,454      13            1272,02 
 1585,454      13            1275,215 
 1585,454      13            1278,395 
 1585,454      13            1281,715 
 1585,454      13            1284,894 
 1585,454      13            1288,323 
 1585,454      13            1291,659 
 1585,454      13            1295,212 
 1585,454      13            1298,516 
 1585,454      13            1301,712 
 1585,454      13            1304,907 
 1585,454      13            1308,086 
 1585,454      13            1311,297 
 1585,454      13            1314,476 
 1585,454      13            1317,547 
 1585,454      13            1320,633 
 1585,454      13            1323,812 
 1585,454      13            1327,366 
 1585,454      13            1330,561 
 1585,454      13            1333,647 
 1585,454      13            1337,357 
 1585,454      13            1340,536 
 1585,454      13            1343,965 
 1585,454      13            1347,16 
 1585,454      13            1350,48 
 1585,454      13            1353,784 
 1585,454      13            1356,746 
 1585,454      13            1359,941 
 1585,454      13            1362,887 
 1585,454      13            1366,097 
 1585,454      13            1369,386 
 1585,454      13            1372,753 
 1585,454      13            1376,213 
 1585,454      13            1379,267 
 1585,454      13            1382,696 
 1585,454      13            1385,642 
 1585,454      13            1389,04 
 1585,454      13            1392,375 
 1585,454      13            1395,57 
 1585,454      13            1399,062 
 1585,454      13            1402,366 
 1585,454      13            1405,951 
 1585,454      13            1409,458 
 1585,454      13            1412,918 
 1585,454      13            1416,534 
 1585,454      13            1419,713 
 1585,454      13            1422,784 
 1585,454      13            1425,994 
 1585,454      13            1429,189 
 1585,454      13            1432,494 
 1585,454      13            1435,673 
 1585,454      13            1438,868 
 1585,454      13            1442,375 
 1585,454      13            1445,555 
 1585,454      13            1448,812 
 1585,454      13            1452,241 
 1585,454      13            1455,701 
 1585,454      13            1458,896 
 1585,454      13            1462,091 
 1585,454      13            1465,193 
 1585,454      13            1468,388 
 1585,454      13            1471,817 
 1585,454      13            1475,153 
 1585,454      13            1478,691 
 1585,454      13            1482,042 
 1585,454      13            1485,361 
 1585,454      13            1488,432 
 1585,454      13            1491,845 
 1585,454      13            1494,916 
 1585,454      13            1498,142 
 1585,454      13            1501,228 
 1585,454      13            1504,517 
 1585,454      13            1507,945 
 1585,454      13            1511,452 
 1585,454      13            1514,772 
 1585,454      13            1517,858 
 1585,454      13            1521,084 
 1585,454      13            1524,638 
 1585,454      13            1527,833 
 1585,454      13            1531,169 
 1585,454      13            1534,613 
 1585,454      13            1537,793 
 1585,454      13            1540,863 
 1585,454      13            1544,074 
 1585,454      13            1547,472 
 1585,454      13            1550,682 
 1585,454      13            1553,659 
 1585,454      13            1557,104 
 1585,454      13            1560,657 
 1585,454      13            1563,977 
 1585,454      13            1567,531 
 1585,454      13            1570,476 
 1585,454      13            1573,64 
 1585,454      13            1576,976 
 1585,454      13            1580,046 
 1585,454      13            1583,6 
 1585,454      13            1586,982 
 1585,454      13            1590,084 
 1585,454      13            1593,357 
 1585,454      13            1596,677 
 1585,454      13            1599,918 
 1585,454      13            1603,051 
 1585,454      13            1606,215 
 1585,454      13            1609,675 
 1585,454      13            1612,87 
 1585,454      13            1616,05 
 1585,454      13            1619,12 
 1585,454      13            1622,316 
 1585,454      13            1625,62 
 1585,454      13            1628,799 
 1585,454      13            1632,104 
 1585,454      13            1635,174 
 1585,454      13            1638,509 
 1585,454      13            1641,938 
 1585,454      13            1645,133 
 1585,454      13            1648,329 
 1585,454      13            1651,508 
 1585,454      13            1654,828 
 1585,454      13            1658,163 
 1585,454      13            1661,234 
 1585,454      13            1664,554 
 1585,454      13            1667,998 
 1585,454      13            1671,302 
 1585,454      13            1674,872 
 1585,454      13            1678,067 
 1585,454      13            1681,246 
 1585,454      13            1684,473 
 1585,454      13            1687,808 
 1585,454      13            1691,097 
 1585,454      13            1694,292 
 1585,454      13            1697,502 
 1585,454      13            1700,838 
 1585,454      13            1704,002 
 1585,454      13            1707,088 
 1585,454      13            1710,283 
 1585,454      13            1713,338 
 1585,454      13            1716,658 
 1585,454      13            1719,853 
 1585,454      13            1723,547 
 1585,454      13            1726,866 
 1585,454      13            1730,077 
 1585,454      13            1733,381 
 1585,454      13            1736,81 
 1585,454      13            1739,881 
 1585,454      13            1743,076 
 1585,454      13            1746,131 
 1585,454      13            1749,451 
 1585,454      13            1752,77 
 1585,454      13            1755,856 
 1585,454      13            1759,052 
 1585,454      13            1762,247 
 1585,454      13            1765,442 
 1585,454      13            1768,73 
 1585,454      13            1771,816 
 1585,454      13            1775,214 
 1585,454      13            1778,581 
 1585,454      13            1781,869 
 1585,454      13            1785,314 
 1585,454      13            1788,805 
 1585,454      13            1792,203 
 1585,454      13            1795,445 
 1585,454      13            1798,811 
 1585,454      13            1802,178 
 1585,454      13            1805,42 
 1585,454      13            1808,709 
 1585,454      13            1812,278 
 1585,454      13            1815,41 
 1585,454      13            1818,372 
 1585,454      13            1821,551 
 1585,454      13            1825,011 
 1585,454      13            1828,082 
 1585,454      13            1832,134 
 1585,454      13            1835,688 
 1585,454      13            1838,758 
 1585,454      13            1841,922 
 1585,454      13            1845,336 
 1585,454      13            1848,593 
 1585,454      13            1851,819 
 1585,454      13            1855,061 
 1585,454      13            1858,553 
 1585,454      13            1861,919 
 1585,454      13            1865,255 
 1585,454      13            1868,683 
 1585,454      13            1872,253 
 1585,454      13            1875,432 
 1585,454      13            1878,736 
 1585,454      13            1881,822 
 1585,454      13            1885,142 
 1585,454      13            1888,337 
 1585,454      13            1891,626 
 1585,454      13            1894,852 
 1585,454      13            1898,157 
 1585,454      13            1901,227 
 1585,454      13            1904,765 
 1585,454      13            1907,835 
 1585,454      13            1911,28 
 1585,454      13            1914,46 
 1585,454      13            1917,795 
 1585,454      13            1920,99 
 1585,454      13            1924,294 
 1585,454      13            1927,988 
 1585,454      13            1931,183 
 1585,454      13            1934,378 
 1585,454      13            1937,574 
 1585,454      13            1941,065 
 1585,454      13            1944,587 
 1585,454      13            1948,11 
 1585,454      13            1951,663 
 1585,454      13            1954,609 
 1585,454      13            1958,054 
 1585,454      13            1961,124 
 1585,454      13            1964,459 
 1585,454      13            1967,639 
 1585,454      13            1970,725 
 1585,454      13            1973,811 
 1585,454      13            1977,115 
 1585,454      13            1980,435 
 1585,454      13            1983,505 
 1585,454      13            1986,716 
 1585,454      13            1990,332 
 1585,454      13            1993,823 
 1585,454      13            1997,19 
 1585,454      13            2000,385 
 1585,454      13            2003,814 
 1585,454      13            2007,259 
 1585,454      13            2010,313 
 1585,454      13            2013,509 
 1585,454      13            2016,719 
 1585,454      13            2020,133 
 1585,454      13            2023,343 
 1585,454      13            2026,414 
 1585,454      13            2029,718 
 1585,454      13            2032,929 
 1585,454      13            2036,233 
 1585,454      13            2039,412 
 1585,454      13            2042,608 
 1585,454      13            2045,818 
 1585,454      13            2049,123 
 1585,454      13            2052,302 
 1585,454      13            2055,622 
 1585,454      13            2058,708 
 1585,454      13            2061,903 
 1585,454      13            2065,363 
 1585,454      13            2068,449 
 1585,454      13            2071,582 
 1585,454      13            2074,777 
 1585,454      13            2078,097 
 1585,454      13            2081,651 
 1585,454      13            2085,204 
 1585,454      13            2088,306 
 1585,454      13            2091,392 
 1585,454      13            2094,821 
 1585,454      13            2098 
 1585,454      13            2101,336 
 1585,454      13            2104,515 
 1585,454      13            2107,726 
 1585,454      13            2111,139 
 1585,454      13            2114,132 
 1585,454      13            2117,202 
 1585,454      13            2120,522 
 1585,454      13            2124,122 
 1585,454      13            2127,208 
 1585,454      13            2130,762 
 1585,454      13            2134,222 
 1585,454      13            2137,433 
 1585,454      13            2140,612 
 1585,454      13            2143,808 
 1585,454      13            2147,003 
 1585,454      13            2150,198 
 1585,454      13            2153,518 
 1585,454      13            2156,713 
 1585,454      13            2160,017 
 1585,454      13            2163,228 
 1585,454      13            2166,329 
 1585,454      13            2169,524 
 1585,454      13            2172,829 
 1585,454      13            2176,258 
 1585,454      13            2179,344 
 1585,454      13            2182,414 
 1585,454      13            2185,827 
 1585,454      13            2189,069 
 1585,454      13            2192,623 
 1585,454      13            2195,834 
 1585,454      13            2198,904 
 1585,454      13            2201,959 
 1585,454      13            2205,528 
 1585,454      13            2208,708 
 1585,454      13            2212,183 
 1585,454      13            2215,612 
 1585,454      13            2218,916 
 1585,454      13            2222,486 
 1585,454      13            2225,556 
 1585,454      13            2228,876 
 1585,454      13            2232,071 
 1585,454      13            2235,266 
 1585,454      13            2238,57 
 1585,454      13            2241,921 
 1585,454      13            2245,335 
 1585,454      13            2248,514 
 1585,454      13            2252,161 
 1585,454      13            2255,466 
 1585,454      13            2258,676 
 1585,454      13            2262,043 
 1585,454      13            2265,612 
 1585,454      13            2268,948 
 1585,454      13            2272,298 
 1585,454      13            2275,369 
 1585,454      13            2278,58 
 1585,454      13            2282,04 
 1585,454      13            2285,625 
 1585,454      13            2288,835 
 1585,454      13            2292,155 
 1585,454      13            2295,709 
 1585,454      13            2298,686 
 1585,454      13            2301,756 
 1585,454      13            2305,185 
 1585,454      13            2308,77 
 1585,454      13            2311,949 
 1585,454      13            2315,16 
 1585,454      13            2319,072 
 1585,454      13            2322,392 
 1585,454      13            2325,821 
 1585,454      13            2329,265 
 1585,454      13            2332,336 
 1585,454      13            2335,515 
 1585,454      13            2338,726 
 1585,454      13            2342,389 
 1585,454      13            2345,599 
 1585,454      13            2349,028 
 1585,454      13            2351,865 
 1585,454      13            2355,543 
 1585,454      13            2358,738 
 1585,454      13            2362,058 
 1585,454      13            2365,316 
 1585,454      13            2368,573 
 1585,454      13            2372,002 
 1585,454      13            2374,995 
 1585,454      13            2378,174 
 1585,454      13            2381,323 
 1585,454      13            2384,798 
 1585,454      13            2388,367 
 1585,454      13            2391,563 
 1585,454      13            2394,898 
 1585,454      13            2398,171 
 1585,454      13            2401,397 
 1585,454      13            2404,717 
 1585,454      13            2408,255 
 1585,454      13            2411,575 
 1585,454      13            2414,661 
 1585,454      13            2418,012 
 1585,454      13            2421,316 
 1585,454      13            2424,776 
 1585,454      13            2428,346 
 1585,454      13            2431,432 
 1585,454      13            2434,471 
 1585,454      13            2437,869 
 1585,454      13            2441,235 
 1585,454      13            2444,508 
 1585,454      13            2447,937 
 1585,454      13            2451,132 
 1585,454      13            2454,577 
 1585,454      13            2457,881 
 1585,454      13            2460,842 
 1585,454      13            2464,271 
 1585,454      13            2467,233 
 1585,454      13            2470,49 
 1585,454      13            2473,748 
 1585,454      13            2477,27 
 1585,454      13            2480,559 
 1585,454      13            2483,847 
 1585,454      13            2487,198 
 1585,454      13            2490,534 
 1585,454      13            2493,963 
 1585,454      13            2497,033 
 1585,454      13            2500,337 
 1585,454      13            2503,548 
 1585,454      13            2506,868 
 1585,454      13            2510,266 
 1585,454      13            2513,523 
 1585,454      13            2516,812 
 1585,454      13            2520,007 
 1585,454      13            2523,062 
 1585,454      13            2526,272 
 1585,454      13            2529,842 
 1585,454      13            2533,146 
 1585,454      13            2536,481 
 1585,454      13            2539,91 
 1585,454      13            2542,981 
 1585,454      13            2546,3 
 1585,454      13            2549,231 
 1585,454      13            2552,582 
 1585,454      13            2555,59 
 1585,454      13            2559,206 
 1585,454      13            2562,79 
 1585,454      13            2566,344 
 1585,454      13            2569,96 
 1585,454      13            2573,763 
 1585,454      13            2576,865 
 1585,454      13            2580,044 
 1585,454      13            2583,27 
 1585,454      13            2586,341 
 1585,454      13            2589,894 
 1585,454      13            2592,965 
 1585,454      13            2596,051 
 1585,454      13            2599,527 
 1585,454      13            2602,94 
 1585,454      13            2606,135 
 1585,454      13            2609,221 
 1585,454      13            2612,775 
 1585,454      13            2615,72 
 1585,454      13            2618,916 
 1585,454      13            2622,173 
 1585,454      13            2625,664 
 1585,454      13            2628,937 
 1585,454      13            2632,055 
 1585,454      13            2635,359 
 1585,454      13            2638,429 
 1585,454      13            2641,718 
 1585,454      13            2645,162 
 1585,454      13            2648,357 
 1585,454      13            2651,662 
 1585,454      13            2654,857 
 1585,454      13            2657,943 
 1585,454      13            2661,481 
 1585,454      13            2664,801 
 1585,454      13            2667,887 
 1585,454      13            2670,833 
 1585,454      13            2674,012 
 1585,454      13            2677,176 
 1585,454      13            2680,792 
 1585,454      13            2684,143 
 1585,454      13            2687,463 
 1585,454      13            2690,673 
 1585,454      13            2693,744 
 1585,454      13            2696,939 
 1585,454      13            2700,15 
 1585,454      13            2703,236 
 1585,454      13            2706,524 
 1585,454      13            2709,486 
 1585,454      13            2712,697 
 1585,454      13            2716,25 
 1585,454      13            2719,445 
 1585,454      13            2722,937 
 1585,454      13            2726,35 
 1585,454      13            2729,545 
 1585,454      13            2732,693 
 1585,454      13            2736,621 
 1585,454      13            2739,816 
 1585,454      13            2743,307 
 1585,454      13            2746,393 
 1585,454      13            2749,713 
 1585,454      13            2752,908 
 1585,454      13            2756,228 
 1585,454      13            2759,532 
 1585,454      13            2762,494 
 1585,454      13            2765,58 
 1585,454      13            2768,9 
 1585,454      13            2772,095 
 1585,454      13            2775,415 
 1585,454      13            2778,984 
 1585,454      13            2781,961 
 1585,454      13            2784,906 
 1585,454      13            2788,195 
 1585,454      13            2791,406 
 1585,454      13            2794,476 
 1585,454      13            2797,827 
 1585,454      13            2800,882 
 1585,454      13            2804,327 
 1585,454      13            2807,397 
 1585,454      13            2810,842 
 1585,454      13            2814,13 
 1585,454      13            2817,341 
 1585,454      13            2820,52 
 1585,454      13            2823,84 
 1585,454      13            2826,802 
 1585,454      13            2829,981 
 1585,454      13            2833,161 
 1585,454      13            2836,231 
 1585,454      13            2839,426 
 1585,454      13            2842,497 
 1585,454      13            2845,832 
 1585,454      13            2848,903 
 1585,454      13            2852,191 
 1585,454      13            2855,402 
 1585,454      13            2858,722 
 1585,454      13            2862,026 
 1585,454      13            2865,47 
 1585,454      13            2868,79 
 1585,454      13            2871,845 
 1585,454      13            2875,29 
 1585,454      13            2878,641 
 1585,454      13            2882,335 
 1585,454      13            2885,327 
 1585,454      13            2888,803 
 1585,454      13            2892,091 
 1585,454      13            2895,427 
 1585,454      13            2899,277 
 1585,454      13            2902,378 
 1585,454      13            2905,48 
 1585,454      13            2908,784 
 1585,454      13            2911,964 
 1585,454      13            2915,05 
 1585,454      13            2918,494 
 1585,454      13            2921,564 
 1585,454      13            2924,775 
 1585,454      13            2928,079 
 1585,454      13            2931,508 
 1585,454      13            2934,579 
 1585,454      13            2937,665 
 1585,454      13            2941,203 
 1585,454      13            2944,429 
 1585,454      13            2948,107 
 1585,454      13            2951,692 
 1585,454      13            2954,95 
 1585,454      13            2958,425 
 1585,454      13            2961,621 
 1585,454      13            2964,94 
 1585,454      13            2968,12 
 1585,454      13            2971,455 
 1585,454      13            2974,744 
 1585,454      13            2978,048 
 1585,454      13            2981,259 
 1585,454      13            2984,563 
 1585,454      13            2987,524 
 1585,454      13            2990,813 
 1585,454      13            2993,884 
 1585,454      13            2997,328 
 1585,454      13            3000,773 
 1585,454      13            3004,591 
 1585,454      13            3007,911 
 1585,454      13            3011,122 
 1585,454      13            3014,925 
 1585,454      13            3017,995 
 1585,454      13            3021,097 
 1585,454      13            3024,9 
 1585,454      13            3028,079 
 1585,454      13            3031,274 
 1585,454      13            3034,454 
 1585,454      13            3037,852 
 1585,454      13            3041,062 
 1585,454      13            3044,257 
 1585,454      13            3047,453 
 1585,454      13            3050,757 
 1585,454      13            3054,092 
 1585,454      13            3057,428 
 1585,454      13            3060,467 
 1585,454      13            3063,771 
 1585,454      13            3066,966 
 1585,454      13            3070,177 
 1585,454      13            3073,466 
 1585,454      13            3076,785 
 1585,454      13            3079,856 
 1585,454      13            3082,942 
 1585,454      13            3086,012 
 1585,454      13            3089,192 
 1585,454      13            3092,746 
 1585,454      13            3096,065 
 1585,454      13            3099,12 
 1585,454      13            3102,456 
 1585,454      13            3105,885 
 1585,454      13            3109,22 
 1585,454      13            3112,399 
 1585,454      13            3115,579 
 1585,454      13            3118,899 
 1585,454      13            3122,11 
 1585,454      13            3125,18 
 1585,454      13            3128,36 
 1585,454      13            3131,788 
 1585,454      13            3135,108 
 1585,454      13            3138,444 
 1585,454      13            3141,514 
 1585,454      13            3144,694 
 1585,454      13            3147,889 
 1585,454      13            3151,1 
 1585,454      13            3154,528 
 1585,454      13            3157,583 
 1585,454      13            3160,919 
 1585,454      13            3164,098 
 1585,454      13            3167,418 
 1585,454      13            3170,722 
 1585,454      13            3173,933 
 1585,454      13            3177,346 
 1585,454      13            3180,573 
 1585,454      13            3183,768 
 1585,454      13            3186,854 
 1585,454      13            3190,033 
 1585,454      13            3192,979 
 1585,454      13            3196,299 
 1585,454      13            3199,385 
 1585,454      13            3202,487 
 1585,454      13            3205,713 
 1585,454      13            3209,033 
 1585,454      13            3212,337 
 1585,454      13            3215,532 
 1585,454      13            3218,602 
 1585,454      13            3221,798 
 1585,454      13            3224,884 
 1585,454      13            3228,063 
 1585,454      13            3231,617 
 1585,454      13            3234,578 
 1585,454      13            3238,241 
 1585,454      13            3241,436 
 1585,454      13            3244,522 
 1585,454      13            3247,702 
 1585,454      13            3250,788 
 1585,454      13            3253,858 
 1585,454      13            3257,162 
 1585,454      13            3260,856 
 1585,454      13            3263,911 
 1585,454      13            3266,966 
 1585,454      13            3270,036 
 1585,454      13            3273,356 
 1585,454      13            3277,175 
 1585,454      13            3280,479 
 1585,454      13            3283,923 
 1585,454      13            3287,103 
 1585,454      13            3290,423 
 1585,454      13            3293,618 
 1585,454      13            3297,047 
 1585,454      13            3300,351 
 1585,454      13            3303,577 
 1585,454      13            3306,913 
 1585,454      13            3310,092 
 1585,454      13            3313,443 
 1585,454      13            3316,763 
 1585,454      13            3320,067 
 1585,454      13            3323,138 
 1585,454      13            3326,333 
 1585,454      13            3329,559 
 1585,454      13            3332,863 
 1585,454      13            3336,043 
 1585,454      13            3339,223 
 1585,454      13            3342,293 
 1585,454      13            3345,535 
 1585,454      13            3348,948 
 1585,454      13            3352,439 
 1585,454      13            3355,744 
 1585,454      13            3358,939 
 1585,454      13            3362,274 
 1585,454      13            3365,594 
 1585,454      13            3368,758 
 1585,454      13            3371,735 
 1585,454      13            3374,914 
 1585,454      13            3378,125 
 1585,454      13            3381,32 
 1585,454      13            3385,108 
 1585,454      13            3388,318 
 1585,454      13            3391,498 
 1585,454      13            3394,802 
 1585,454      13            3398,138 
 1585,454      13            3401,582 
 1585,454      13            3404,871 
 1585,454      13            3408,066 
 1585,454      13            3411,401 
 1585,454      13            3414,472 
 1585,454      13            3417,776 
 1585,454      13            3421,08 
 1585,454      13            3424,166 
 1585,454      13            3427,361 
 1585,454      13            3430,556 
 1585,454      13            3433,985 
 1585,454      13            3437,321 
 1585,454      13            3441,093 
 1585,454      13            3444,444 
 1585,454      13            3447,623 
 1585,454      13            3450,818 
 1585,454      13            3453,78 
 1585,454      13            3456,975 
 1585,454      13            3460,513 
 1585,454      13            3463,599 
 1585,454      13            3466,794 
 1585,454      13            3469,973 
 1585,454      13            3473,543 
 1585,454      13            3476,753 
 1585,454      13            3479,808 
 1585,454      13            3482,894 
 1585,454      13            3485,965 
 1585,454      13            3489,051 
 1585,454      13            3492,23 
 1585,454      13            3495,441 
 1585,454      13            3498,995 
 1585,454      13            3502,314 
 1585,454      13            3505,369 
 1585,454      13            3508,564 
 1585,454      13            3511,76 
 1585,454      13            3514,97 
 1585,454      13            3518,197 
 1585,454      13            3521,641 
 1585,454      13            3525,086 
 1585,454      13            3528,265 
 1585,454      13            3531,367 
 1585,454      13            3534,437 
 1585,454      13            3537,741 
 1585,454      13            3540,937 
 1585,454      13            3544,132 
 1585,454      13            3547,576 
 1585,454      13            3550,647 
 1585,454      13            3553,966 
 1585,454      13            3557,177 
 1585,454      13            3560,357 
 1585,454      13            3563,926 
 1585,454      13            3567,215 
 1585,454      13            3570,285 
 1585,454      13            3573,246 
 1585,454      13            3576,706 
 1585,454      13            3580,011 
 1585,454      13            3583,33 
 1585,454      13            3586,526 
 1585,454      13            3590,079 
 1585,454      13            3593,15 
 1585,454      13            3596,579 
 1585,454      13            3599,415 
 1585,454      13            3602,47 
 1585,454      13            3605,915 
 1585,454      13            3609,141 
 1585,454      13            3612,461 
 1585,454      13            3615,905 
 1585,454      13            3618,976 
 1585,454      13            3622,155 
 1585,454      13            3625,974 
 1585,454      13            3629,153 
 1585,454      13            3632,38 
 1585,454      13            3635,45 
 1585,454      13            3639,253 
 1585,454      13            3643,165 
 1585,454      13            3646,501 
 1585,454      13            3649,852 
 1585,454      13            3653,156 
 1585,454      13            3656,507 
 1585,454      13            3659,733 
 1585,454      13            3663,037 
 1585,454      13            3666,123 
 1585,454      13            3669,568 
 1585,454      13            3672,981 
 1585,454      13            3676,426 
 1585,454      13            3679,512 
 1585,454      13            3682,863 
 1585,454      13            3686,167 
 1585,454      13            3689,502 
 1585,454      13            3692,838 
 1585,454      13            3696,002 
 1585,454      13            3699,181 
 1585,454      13            3702,392 
 1585,454      13            3705,571 
 1585,454      13            3709 
 1585,454      13            3712,086 
 1585,454      13            3715,515 
 1585,454      13            3718,71 
 1585,454      13            3722,03 
 1585,454      13            3725,584 
 1585,454      13            3728,654 
 1585,454      13            3732,208 
 1585,454      13            3736,136 
 1585,454      13            3739,58 
 1585,454      13            3742,666 
 1585,454      13            3745,83 
 1585,454      13            3748,932 
 1585,454      13            3752,376 
 1585,454      13            3755,68 
 1585,454      13            3758,751 
 1585,454      13            3762,055 
 1585,454      13            3765,141 
 1585,454      13            3768,57 
 1585,454      13            3771,765 
 1585,454      13            3774,96 
 1585,454      13            3778,155 
 1585,454      13            3781,709 
 1585,454      13            3784,795 
 1585,454      13            3787,99 
 1585,454      13            3791,326 
 1585,454      13            3794,521 
 1585,454      13            3797,95 
 1585,454      13            3801,192 
 1585,454      13            3804,387 
 1585,454      13            3807,457 
 1585,454      13            3810,87 
 1585,454      13            3813,832 
 1585,454      13            3817,385 
 1585,454      13            3820,768 
 1585,454      13            3824,087 
 1585,454      13            3827,142 
 1585,454      13            3830,213 
 1585,454      13            3833,423 
 1585,454      13            3836,868 
 1585,454      13            3839,938 
 1585,454      13            3842,993 
 1585,454      13            3846,313 
 1585,454      13            3849,399 
 1585,454      13            3852,454 
 1585,454      13            3855,633 
 1585,454      13            3858,704 
 1585,454      13            3861,79 
 1585,454      13            3865,11 
 1585,454      13            3868,788 
 1585,454      13            3872,092 
 1585,454      13            3875,178 
 1585,454      13            3878,483 
 1585,454      13            3881,802 
 1585,454      13            3885,122 
 1585,454      13            3888,426 
 1585,454      13            3891,606 
 1585,454      13            3894,941 
 1585,454      13            3898,246 
 1585,454      13            3901,799 
 1585,454      13            3904,994 
 1585,454      13            3908,439 
 1585,454      13            3911,899 
 1585,454      13            3915,219 
 1585,454      13            3918,414 
 1585,454      13            3921,858 
 1585,454      13            3925,038 
 1585,454      13            3928,732 
 1585,454      13            3931,927 
 1585,454      13            3935,231 
 1585,454      13            3938,333 
 1585,454      13            3941,388 
 1585,454      13            3944,598 
 1585,454      13            3948,23 
 1585,454      13            3951,3 
 1585,454      13            3955,041 
 1585,454      13            3958,143 
 1585,454      13            3961,431 
 1585,454      13            3964,907 
 1585,454      13            3968,367 
 1585,454      13            3971,562 
 1585,454      13            3974,882 
 1585,454      13            3978,062 
 1585,454      13            3981,241 
 1585,454      13            3984,202 
 1585,454      13            3987,039 
 1585,454      13            3990,468 
 1585,454      13            3993,679 
 1585,454      13            3997,232 
 1585,454      13            4000,692 
 1585,454      13            4003,888 
 1585,454      13            4006,974 
 1585,454      13            4010,153 
 1585,454      13            4013,239 
 1585,454      13            4016,419 
 1585,454      13            4019,848 
 1585,454      13            4023,417 
 1585,454      13            4026,861 
 1585,454      13            4030,275 
 1585,454      13            4033,47 
 1585,454      13            4036,556 
 1585,454      13            4040,094 
 1585,454      13            4043,554 
 1585,454      13            4046,78 
 1585,454      13            4049,742 
 1585,454      13            4053,435 
 1585,454      13            4056,755 
 1585,454      13            4059,95 
 1585,454      13            4063,145 
 1585,454      13            4066,091 
 1585,454      13            4069,302 
 1585,454      13            4072,497 
 1585,454      13            4075,91 
 1585,454      13            4079,355 
 1585,454      13            4082,675 
 1585,454      13            4086,057 
 1585,454      13            4089,595 
 1585,454      13            4093,476 
 1585,454      13            4097,279 
 1585,454      13            4100,38 
 1585,454      13            4103,918 
 1585,454      13            4107,114 
 1585,454      13            4110,2 
 1585,454      13            4113,426 
 1585,454      13            4116,605 
 1585,454      13            4119,785 
 1585,454      13            4122,996 
 1585,454      13            4126,316 
 1585,454      13            4129,511 
 1585,454      13            4132,955 
 1585,454      13            4136,4 
 1585,454      13            4140,078 
 1585,454      13            4143,772 
 1585,454      13            4146,842 
 1585,454      13            4150,037 
 1585,454      13            4153,17 
 1585,454      13            4157,113 
 1585,454      13            4160,449 
 1585,454      13            4163,8 
 1585,454      13            4167,276 
 1585,454      13            4170,782 
 1585,454      13            4174,087 
 1585,454      13            4177,406 
 1585,454      13            4180,711 
 1585,454      13            4183,766 
 1585,454      13            4187,085 
 1585,454      13            4190,171 
 1585,454      13            4193,491 
 1585,454      13            4196,655 
 1585,454      13            4200,115 
 1585,454      13            4203,419 
 1585,454      13            4206,724 
 1585,454      13            4209,919 
 1585,454      13            4213,13 
 1585,454      13            4216,933 
 1585,454      13            4220,626 
 1585,454      13            4223,588 
 1585,454      13            4226,783 
 1585,454      13            4229,962 
 1585,454      13            4233,282 
 1585,454      13            4236,571 
 1585,454      13            4239,891 
 1585,454      13            4243,226 
 1585,454      13            4246,406 
 1585,454      13            4249,523 
 1585,454      13            4253,232 
 1585,454      13            4256,381 
 1585,454      13            4259,529 
 1585,454      13            4262,132 
 1585,454      13            4264,875 
 1585,454      13            4267,291 
 1585,454      13            4269,769 
 1585,454      13            4272,606 
 1585,454      13            4275,022 
 1585,454      13            4277,546 
 1585,454      13            4280,009 
 1585,454      13            4282,44 
 1585,454      13            4285,012 
 1585,454      13            4287,599 
 1585,454      13            4290,296 
 1585,454      13            4292,774 
 1585,454      13            4295,159 
 1585,454      13            4297,652 
 1585,454      13            4300,053 
 1585,454      13            4302,515 
 1585,454      13            4304,838 
 1585,454      13            4307,051 
 1585,454      13            4309,42 
 1585,454      13            4312,116 
 1585,454      13            4315,031 
 1585,454      13            4317,478 
 1585,454      13            4319,769 
 1585,454      13            4322,387 
 1585,454      13            4324,71 
 1585,454      13            4327,157 
 1585,454      13            4329,666 
 1585,454      13            4332,144 
 1585,454      13            4334,435 
 1585,454      13            4337,194 
 1585,454      13            4339,594 
 1585,454      13            4342,041 
 1585,454      13            4344,333 
 1585,454      13            4346,733 
 1585,454      13            4349,024 
 1585,454      13            4351,705 
 1585,454      13            4354,261 
 1585,454      13            4356,568 
 1585,454      13            4358,983 
 1585,454      13            4361,633 
 1585,454      13            4364,142 
 1585,454      13            4366,418 
 1585,454      13            4368,912 
 1585,454      13            4371,296 
 1585,454      13            4373,759 
 1585,454      13            4376,408 
 1585,454      13            4378,809 
 1585,454      13            4381,131 
 1585,454      13            4383,656 
 1585,454      13            4386,134 
 1585,454      13            4388,737 
 1585,454      13            4391,122 
 1585,454      13            4393,693 
 1585,454      13            4396,062 
 1585,454      13            4398,774 
 1585,454      13            4401,689 
 1585,454      13            4404,167 
 1585,454      13            4406,567 
 1585,454      13            4408,968 
 1585,454      13            4411,539 
 1585,454      13            4413,768 
 1585,454      13            4416,324 
 1585,454      13            4418,849 
 1585,454      13            4421,234 
 1585,454      13            4423,556 
 1585,454      13            4426,019 
 1585,454      13            4428,419 
 1585,454      13            4430,913 
 1585,454      13            4433,578 
 1585,454      13            4436,056 
 1585,454      13            4438,363 
 1585,454      13            4440,857 
 1585,454      13            4443,428 
 1585,454      13            4446 
 1585,454      13            4448,509 
 1585,454      13            4451,065 
 1585,454      13            4453,481 
 1585,454      13            4456,037 
 1585,454      13            4458,36 
 1585,454      13            4460,76 
 1585,454      13            4463,145 
 1585,454      13            4465,576 
 1585,454      13            4468,148 
 1585,454      13            4470,751 
