Iteraciones:   1496 

Costo         Vehículos     Tiempo [seg]
 1466,61       8             1,79 
 1466,61       8             3,393 
 1466,61       8             4,864 
 1441,792      8             6,487 
 1413,841      8             8,081 
 1413,841      8             9,657 
 1413,841      8             11,161 
 1413,841      8             12,652 
 1396,702      8             14,145 
 1396,702      8             15,659 
 1396,702      8             17,131 
 1396,702      8             18,567 
 1372,797      8             20,184 
 1361,904      8             21,605 
 1342,17       8             23,143 
 1342,17       8             24,606 
 1342,17       8             26,055 
 1342,17       8             27,514 
 1342,17       8             29,045 
 1342,17       8             30,534 
 1318,5        8             31,99 
 1318,5        8             33,479 
 1318,5        8             34,973 
 1318,5        8             36,448 
 1318,5        8             37,88 
 1299,7        8             39,575 
 1299,7        8             41,051 
 1299,7        8             42,597 
 1299,7        8             44,084 
 1299,7        8             45,652 
 1299,7        8             47,164 
 1299,7        8             48,609 
 1299,7        8             50,106 
 1299,7        8             51,588 
 1299,7        8             53,078 
 1299,7        8             54,521 
 1299,7        8             56,072 
 1299,7        8             57,612 
 1299,7        8             59,114 
 1299,7        8             60,591 
 1299,7        8             62,086 
 1299,7        8             63,552 
 1299,7        8             64,964 
 1299,7        8             66,377 
 1299,7        8             67,817 
 1299,7        8             69,281 
 1299,7        8             70,711 
 1299,7        8             72,229 
 1299,7        8             73,723 
 1299,7        8             75,15 
 1299,7        8             76,621 
 1299,7        8             78,087 
 1299,7        8             79,533 
 1299,7        8             81,001 
 1299,7        8             82,476 
 1299,7        8             83,939 
 1299,7        8             85,368 
 1299,7        8             86,796 
 1299,7        8             88,265 
 1278,893      8             89,798 
 1278,893      8             91,296 
 1278,893      8             92,724 
 1278,893      8             94,194 
 1278,893      8             95,623 
 1278,893      8             97,226 
 1278,893      8             98,645 
 1278,893      8             100,111 
 1278,893      8             101,546 
 1278,893      8             103,008 
 1278,893      8             104,435 
 1278,893      8             105,848 
 1278,893      8             107,4 
 1278,893      8             108,882 
 1278,893      8             110,31 
 1278,893      8             111,774 
 1278,893      8             113,237 
 1278,893      8             114,729 
 1273,475      8             116,223 
 1273,475      8             117,632 
 1273,475      8             119,107 
 1273,475      8             120,651 
 1273,475      8             122,146 
 1273,475      8             123,632 
 1273,475      8             125,112 
 1273,475      8             126,58 
 1273,475      8             128,004 
 1273,475      8             129,416 
 1273,475      8             130,838 
 1273,475      8             132,249 
 1273,475      8             133,739 
 1273,475      8             135,204 
 1273,475      8             136,612 
 1273,475      8             138,048 
 1273,475      8             139,53 
 1273,475      8             140,947 
 1273,475      8             142,421 
 1273,475      8             143,839 
 1273,475      8             145,384 
 1273,475      8             146,805 
 1273,475      8             148,268 
 1273,475      8             149,745 
 1273,475      8             151,182 
 1273,475      8             152,666 
 1273,475      8             154,097 
 1273,475      8             155,57 
 1273,475      8             157,103 
 1273,475      8             158,651 
 1273,475      8             160,087 
 1273,475      8             161,483 
 1273,475      8             162,891 
 1273,475      8             164,392 
 1273,475      8             165,927 
 1273,475      8             167,423 
 1273,475      8             168,893 
 1273,475      8             170,372 
 1263,134      8             171,775 
 1263,134      8             173,185 
 1263,134      8             174,663 
 1263,134      8             176,153 
 1263,134      8             177,571 
 1263,134      8             179,055 
 1263,134      8             180,535 
 1263,134      8             182,013 
 1263,134      8             183,439 
 1263,134      8             184,921 
 1263,134      8             186,339 
 1263,134      8             187,776 
 1263,134      8             189,255 
 1263,134      8             190,664 
 1263,134      8             192,116 
 1263,134      8             193,73 
 1263,134      8             195,212 
 1263,134      8             196,688 
 1263,134      8             198,12 
 1263,134      8             199,611 
 1263,134      8             201,091 
 1263,134      8             202,562 
 1263,134      8             203,979 
 1263,134      8             205,457 
 1263,134      8             206,869 
 1263,134      8             208,347 
 1263,134      8             209,819 
 1263,134      8             211,194 
 1263,134      8             212,632 
 1263,134      8             214,089 
 1263,134      8             215,499 
 1263,134      8             216,977 
 1263,134      8             218,403 
 1260,252      8             219,87 
 1260,252      8             221,36 
 1260,252      8             222,825 
 1260,252      8             224,271 
 1260,252      8             225,675 
 1260,252      8             227,088 
 1260,252      8             228,582 
 1260,252      8             230,068 
 1260,252      8             231,529 
 1260,252      8             232,942 
 1260,252      8             234,362 
 1260,252      8             235,784 
 1260,252      8             237,196 
 1260,252      8             238,655 
 1260,252      8             240,086 
 1260,252      8             241,495 
 1260,252      8             242,919 
 1259,032      8             244,338 
 1259,032      8             245,814 
 1259,032      8             247,268 
 1259,032      8             248,68 
 1259,032      8             250,105 
 1259,032      8             251,523 
 1259,032      8             252,996 
 1259,032      8             254,475 
 1259,032      8             255,936 
 1259,032      8             257,354 
 1259,032      8             258,788 
 1259,032      8             260,251 
 1259,032      8             261,716 
 1259,032      8             263,132 
 1259,032      8             264,546 
 1259,032      8             265,96 
 1259,032      8             267,359 
 1259,032      8             268,794 
 1259,032      8             270,245 
 1259,032      8             271,675 
 1259,032      8             273,157 
 1259,032      8             274,577 
 1257,65       8             276,051 
 1257,65       8             277,466 
 1257,65       8             278,863 
 1257,65       8             280,293 
 1257,65       8             281,748 
 1257,65       8             283,21 
 1257,65       8             284,628 
 1257,65       8             286,067 
 1257,65       8             287,487 
 1257,65       8             288,941 
 1257,65       8             290,373 
 1257,65       8             291,855 
 1257,65       8             293,309 
 1257,65       8             294,721 
 1257,65       8             296,189 
 1257,65       8             297,609 
 1257,65       8             299,029 
 1257,65       8             300,574 
 1257,65       8             302,05 
 1257,65       8             303,523 
 1257,65       8             304,951 
 1257,65       8             306,417 
 1257,65       8             307,885 
 1257,65       8             309,303 
 1257,65       8             310,772 
 1257,65       8             312,239 
 1257,65       8             313,724 
 1257,65       8             315,224 
 1257,65       8             316,682 
 1257,65       8             318,154 
 1257,65       8             319,582 
 1257,65       8             320,988 
 1257,65       8             322,479 
 1257,65       8             323,941 
 1257,65       8             325,361 
 1257,65       8             326,841 
 1257,65       8             328,316 
 1257,65       8             329,736 
 1257,65       8             331,205 
 1257,65       8             332,69 
 1257,65       8             334,162 
 1257,65       8             335,656 
 1257,65       8             337,122 
 1257,65       8             338,548 
 1257,65       8             339,953 
 1257,65       8             341,405 
 1257,65       8             342,832 
 1257,65       8             344,254 
 1257,65       8             345,78 
 1257,65       8             347,258 
 1257,65       8             348,68 
 1257,65       8             350,126 
 1257,65       8             351,584 
 1257,65       8             353,062 
 1257,65       8             354,476 
 1257,65       8             355,962 
 1257,65       8             357,37 
 1257,65       8             358,789 
 1257,65       8             360,264 
 1257,65       8             361,757 
 1257,65       8             363,186 
 1257,65       8             364,705 
 1257,65       8             366,18 
 1257,65       8             367,599 
 1257,65       8             369,031 
 1257,65       8             370,495 
 1257,65       8             371,911 
 1257,65       8             373,395 
 1257,65       8             374,88 
 1257,65       8             376,3 
 1257,65       8             377,778 
 1257,65       8             379,198 
 1257,65       8             380,666 
 1257,65       8             382,144 
 1257,65       8             383,613 
 1257,65       8             385,035 
 1257,65       8             386,466 
 1257,65       8             387,87 
 1257,65       8             389,288 
 1257,65       8             390,703 
 1257,65       8             392,191 
 1257,65       8             393,612 
 1257,65       8             395,025 
 1257,65       8             396,481 
 1257,65       8             397,93 
 1257,65       8             399,328 
 1257,65       8             400,73 
 1257,65       8             402,221 
 1257,65       8             403,71 
 1257,65       8             405,187 
 1257,65       8             406,656 
 1257,65       8             408,096 
 1257,65       8             409,559 
 1257,65       8             411,042 
 1257,65       8             412,526 
 1257,65       8             413,927 
 1257,65       8             415,365 
 1257,65       8             416,887 
 1257,65       8             418,322 
 1257,65       8             419,798 
 1257,65       8             421,347 
 1257,65       8             422,839 
 1257,65       8             424,357 
 1257,65       8             425,834 
 1257,65       8             427,239 
 1257,65       8             428,734 
 1257,65       8             430,219 
 1257,65       8             431,692 
 1257,65       8             433,148 
 1257,65       8             434,612 
 1257,65       8             436,067 
 1257,65       8             437,495 
 1257,65       8             438,913 
 1257,65       8             440,403 
 1257,65       8             441,913 
 1257,65       8             443,336 
 1257,65       8             444,748 
 1257,65       8             446,224 
 1257,65       8             447,639 
 1257,65       8             449,068 
 1257,65       8             450,485 
 1257,65       8             451,97 
 1257,65       8             453,449 
 1257,65       8             454,915 
 1257,65       8             456,283 
 1257,65       8             457,77 
 1257,65       8             459,242 
 1257,65       8             460,699 
 1257,65       8             462,135 
 1257,65       8             463,615 
 1257,65       8             465,083 
 1257,65       8             466,573 
 1257,65       8             468,044 
 1256,405      8             469,548 
 1256,405      8             471,014 
 1256,405      8             472,474 
 1256,405      8             473,908 
 1256,405      8             475,377 
 1256,405      8             476,86 
 1256,405      8             478,345 
 1256,405      8             479,898 
 1256,405      8             481,384 
 1256,405      8             482,851 
 1256,405      8             484,32 
 1256,405      8             485,747 
 1256,405      8             487,215 
 1256,405      8             488,664 
 1245,292      8             490,18 
 1245,292      8             491,593 
 1245,292      8             493,005 
 1245,292      8             494,444 
 1245,292      8             495,917 
 1245,292      8             497,341 
 1245,292      8             498,795 
 1245,292      8             500,232 
 1245,292      8             501,71 
 1245,292      8             503,192 
 1245,292      8             504,65 
 1245,292      8             506,153 
 1245,292      8             507,617 
 1245,292      8             509,056 
 1245,292      8             510,511 
 1245,292      8             512,053 
 1245,292      8             513,492 
 1245,292      8             514,969 
 1245,292      8             516,436 
 1245,292      8             517,907 
 1245,292      8             519,34 
 1245,292      8             520,742 
 1245,292      8             522,164 
 1245,292      8             523,577 
 1245,292      8             524,996 
 1245,292      8             526,459 
 1245,292      8             527,885 
 1245,292      8             529,293 
 1245,292      8             530,705 
 1244,435      8             532,127 
 1244,435      8             533,537 
 1244,435      8             534,952 
 1244,435      8             536,406 
 1244,435      8             537,812 
 1244,435      8             539,243 
 1244,435      8             540,669 
 1244,435      8             542,078 
 1244,435      8             543,542 
 1244,435      8             544,967 
 1244,435      8             546,387 
 1244,435      8             547,786 
 1244,435      8             549,205 
 1244,435      8             550,616 
 1244,435      8             552,032 
 1244,435      8             553,557 
 1244,435      8             555,036 
 1244,435      8             556,446 
 1244,435      8             557,878 
 1244,435      8             559,302 
 1244,435      8             560,822 
 1244,435      8             562,232 
 1244,435      8             563,654 
 1244,435      8             565,189 
 1244,435      8             566,665 
 1244,435      8             568,077 
 1244,435      8             569,614 
 1244,435      8             571,105 
 1244,435      8             572,528 
 1244,435      8             573,925 
 1244,435      8             575,449 
 1244,435      8             576,937 
 1244,435      8             578,356 
 1244,435      8             579,836 
 1244,435      8             581,295 
 1244,435      8             582,958 
 1244,435      8             584,459 
 1244,435      8             585,933 
 1244,435      8             587,475 
 1244,435      8             588,937 
 1244,435      8             590,354 
 1244,435      8             591,83 
 1244,435      8             593,24 
 1244,435      8             594,709 
 1244,435      8             596,151 
 1244,435      8             597,563 
 1244,435      8             599,012 
 1244,435      8             600,433 
 1244,435      8             601,912 
 1244,435      8             603,352 
 1244,435      8             604,816 
 1239,148      8             606,29 
 1239,148      8             607,763 
 1239,148      8             609,168 
 1239,148      8             610,541 
 1239,148      8             612 
 1239,148      8             613,417 
 1239,148      8             614,881 
 1239,148      8             616,291 
 1239,148      8             617,741 
 1239,148      8             619,251 
 1239,148      8             620,686 
 1239,148      8             622,143 
 1239,148      8             623,618 
 1239,148      8             625,037 
 1239,148      8             626,498 
 1239,148      8             627,931 
 1239,148      8             629,389 
 1239,148      8             630,824 
 1239,148      8             632,228 
 1239,148      8             633,705 
 1239,148      8             635,175 
 1239,148      8             636,549 
 1239,148      8             638,004 
 1239,148      8             639,377 
 1239,148      8             640,836 
 1239,148      8             642,301 
 1239,148      8             643,709 
 1239,148      8             645,13 
 1239,148      8             646,55 
 1239,148      8             647,973 
 1239,148      8             649,392 
 1239,148      8             650,859 
 1239,148      8             652,326 
 1239,148      8             653,742 
 1239,148      8             655,165 
 1239,148      8             656,635 
 1239,148      8             658,106 
 1239,148      8             659,53 
 1239,148      8             660,982 
 1239,148      8             662,412 
 1239,148      8             663,823 
 1239,148      8             665,297 
 1239,148      8             666,705 
 1239,148      8             668,119 
 1239,148      8             669,55 
 1239,148      8             671,002 
 1239,148      8             672,419 
 1239,148      8             673,837 
 1239,148      8             675,325 
 1239,148      8             676,787 
 1239,148      8             678,35 
 1239,148      8             679,804 
 1239,148      8             681,293 
 1239,148      8             682,712 
 1239,148      8             684,187 
 1239,148      8             685,588 
 1239,148      8             687,007 
 1239,148      8             688,488 
 1239,148      8             689,904 
 1239,148      8             691,358 
 1239,148      8             692,805 
 1239,148      8             694,258 
 1239,148      8             695,737 
 1239,148      8             697,17 
 1239,148      8             698,627 
 1239,148      8             700,042 
 1239,148      8             701,532 
 1239,148      8             703,001 
 1239,148      8             704,48 
 1239,148      8             705,956 
 1239,148      8             707,438 
 1239,148      8             708,908 
 1239,148      8             710,333 
 1239,148      8             711,787 
 1239,148      8             713,19 
 1239,148      8             714,602 
 1239,148      8             716,024 
 1239,148      8             717,443 
 1239,148      8             718,907 
 1239,148      8             720,338 
 1239,148      8             721,747 
 1233,736      8             723,287 
 1233,736      8             724,749 
 1233,736      8             726,316 
 1233,736      8             727,792 
 1233,736      8             729,248 
 1233,736      8             730,777 
 1233,736      8             732,209 
 1233,736      8             733,673 
 1233,736      8             735,098 
 1233,736      8             736,627 
 1233,736      8             738,068 
 1233,736      8             739,529 
 1233,736      8             740,938 
 1233,736      8             742,345 
 1233,736      8             743,906 
 1233,736      8             745,355 
 1233,736      8             746,833 
 1233,736      8             748,252 
 1233,736      8             749,666 
 1233,736      8             751,213 
 1233,736      8             752,677 
 1233,736      8             754,156 
 1233,736      8             755,527 
 1233,736      8             756,997 
 1233,736      8             758,422 
 1233,736      8             759,937 
 1233,736      8             761,425 
 1233,736      8             762,894 
 1233,736      8             764,313 
 1233,736      8             765,852 
 1233,736      8             767,259 
 1233,736      8             768,741 
 1233,736      8             770,162 
 1233,736      8             771,642 
 1233,736      8             773,059 
 1233,736      8             774,523 
 1233,736      8             775,948 
 1233,736      8             777,436 
 1233,736      8             778,964 
 1233,736      8             780,495 
 1233,736      8             781,911 
 1233,736      8             783,341 
 1233,736      8             784,82 
 1233,736      8             786,285 
 1233,736      8             787,693 
 1233,736      8             789,132 
 1233,736      8             790,577 
 1233,736      8             791,998 
 1233,736      8             793,488 
 1233,736      8             794,908 
 1233,736      8             796,629 
 1233,736      8             798,048 
 1233,736      8             799,462 
 1233,736      8             800,873 
 1233,736      8             802,301 
 1233,736      8             803,782 
 1233,736      8             805,256 
 1233,736      8             806,734 
 1233,736      8             808,268 
 1233,736      8             809,671 
 1233,736      8             811,203 
 1233,736      8             812,683 
 1233,736      8             814,354 
 1233,736      8             815,836 
 1233,736      8             817,313 
 1233,736      8             818,741 
 1233,736      8             820,214 
 1233,736      8             821,686 
 1233,736      8             823,105 
 1233,736      8             824,522 
 1233,736      8             825,976 
 1233,736      8             827,403 
 1233,736      8             828,812 
 1233,736      8             830,284 
 1233,736      8             831,756 
 1233,736      8             833,182 
 1233,736      8             834,695 
 1233,736      8             836,106 
 1233,736      8             837,647 
 1233,736      8             839,058 
 1233,736      8             840,478 
 1233,736      8             842,017 
 1233,736      8             843,453 
 1233,736      8             844,924 
 1233,736      8             846,345 
 1233,736      8             847,793 
 1233,736      8             849,228 
 1233,736      8             850,752 
 1233,736      8             852,216 
 1233,736      8             853,723 
 1233,736      8             855,143 
 1233,736      8             856,548 
 1233,736      8             858,036 
 1233,736      8             859,463 
 1233,736      8             860,923 
 1233,736      8             862,348 
 1233,736      8             863,75 
 1233,736      8             865,176 
 1233,736      8             866,656 
 1233,736      8             868,115 
 1233,736      8             869,606 
 1233,736      8             871,038 
 1233,736      8             872,475 
 1233,736      8             873,933 
 1233,736      8             875,361 
 1233,736      8             876,809 
 1233,736      8             878,253 
 1233,736      8             879,722 
 1233,736      8             881,199 
 1233,736      8             882,659 
 1233,736      8             884,101 
 1233,736      8             885,578 
 1233,736      8             887,001 
 1233,736      8             888,536 
 1233,736      8             889,978 
 1233,736      8             891,443 
 1233,736      8             892,863 
 1233,736      8             894,392 
 1233,736      8             895,817 
 1233,736      8             897,287 
 1233,736      8             898,751 
 1233,736      8             900,184 
 1233,736      8             901,729 
 1233,736      8             903,284 
 1233,736      8             904,708 
 1233,736      8             906,109 
 1233,736      8             907,61 
 1233,736      8             909,068 
 1233,736      8             910,501 
 1233,736      8             911,786 
 1233,736      8             912,533 
 1233,736      8             913,342 
 1233,736      8             914,077 
 1233,736      8             914,815 
 1233,736      8             915,534 
 1233,736      8             916,28 
 1233,736      8             917,034 
 1233,736      8             917,756 
 1233,736      8             918,464 
 1233,736      8             919,193 
 1233,736      8             919,945 
 1233,736      8             920,644 
 1233,736      8             921,39 
 1233,736      8             922,119 
 1233,736      8             922,841 
 1233,736      8             923,575 
 1233,736      8             924,3 
 1233,736      8             925,038 
 1233,736      8             925,771 
 1233,736      8             926,481 
 1233,736      8             927,215 
 1233,736      8             927,948 
 1233,736      8             928,65 
 1233,736      8             929,368 
 1233,736      8             930,07 
 1233,736      8             930,802 
 1233,736      8             931,564 
 1233,736      8             932,275 
 1233,736      8             932,991 
 1233,736      8             933,708 
 1233,736      8             934,431 
 1233,736      8             935,149 
 1233,736      8             935,859 
 1233,736      8             936,595 
 1233,736      8             937,371 
 1233,736      8             938,123 
 1233,736      8             938,867 
 1233,736      8             939,59 
 1233,736      8             940,363 
 1233,736      8             941,061 
 1233,736      8             941,757 
 1233,736      8             942,458 
 1233,736      8             943,159 
 1233,736      8             943,912 
 1233,736      8             944,663 
 1233,736      8             945,377 
 1233,736      8             946,096 
 1233,736      8             946,824 
 1233,736      8             947,528 
 1233,736      8             948,239 
 1233,736      8             948,942 
 1233,736      8             949,74 
 1233,736      8             950,469 
 1233,736      8             951,264 
 1233,736      8             951,997 
 1233,736      8             952,698 
 1233,736      8             953,447 
 1233,736      8             954,148 
 1233,736      8             954,855 
 1233,736      8             955,599 
 1233,736      8             956,3 
 1233,736      8             957,012 
 1233,736      8             957,734 
 1233,736      8             958,478 
 1233,736      8             959,204 
 1233,736      8             959,916 
 1233,736      8             960,621 
 1233,736      8             961,352 
 1233,736      8             962,06 
 1233,736      8             962,797 
 1233,736      8             963,51 
 1233,736      8             964,22 
 1233,736      8             964,936 
 1233,736      8             965,655 
 1233,736      8             966,396 
 1233,736      8             967,131 
 1233,736      8             967,882 
 1233,736      8             968,606 
 1233,736      8             969,419 
 1233,736      8             970,118 
 1233,736      8             970,816 
 1233,736      8             971,483 
 1233,736      8             972,148 
 1233,736      8             972,836 
 1233,736      8             973,516 
 1233,736      8             974,238 
 1233,736      8             974,924 
 1233,736      8             975,618 
 1233,736      8             976,291 
 1233,736      8             977,013 
 1233,736      8             977,685 
 1233,736      8             978,364 
 1233,736      8             979,098 
 1233,736      8             979,852 
 1233,736      8             980,581 
 1233,736      8             981,287 
 1233,736      8             981,977 
 1233,736      8             982,674 
 1233,736      8             983,367 
 1233,736      8             984,036 
 1233,736      8             984,775 
 1233,736      8             985,451 
 1233,736      8             986,148 
 1233,736      8             986,851 
 1233,736      8             987,562 
 1233,736      8             988,259 
 1233,736      8             988,95 
 1233,736      8             989,62 
 1233,736      8             990,316 
 1233,736      8             991,013 
 1233,736      8             991,719 
 1233,736      8             992,428 
 1233,736      8             993,116 
 1233,736      8             993,79 
 1233,736      8             994,457 
 1233,736      8             995,147 
 1233,736      8             995,859 
 1233,736      8             996,54 
 1233,736      8             997,239 
 1233,736      8             997,919 
 1233,736      8             998,604 
 1233,736      8             999,322 
 1233,736      8             1000,03 
 1233,736      8             1000,709 
 1233,736      8             1001,395 
 1233,736      8             1002,072 
 1233,736      8             1002,768 
 1233,736      8             1003,462 
 1233,736      8             1004,142 
 1233,736      8             1004,816 
 1233,736      8             1005,514 
 1233,736      8             1006,173 
 1233,736      8             1006,858 
 1233,736      8             1007,553 
 1233,736      8             1008,23 
 1233,736      8             1008,933 
 1233,736      8             1009,615 
 1233,736      8             1010,299 
 1233,736      8             1010,985 
 1233,736      8             1011,734 
 1233,736      8             1012,535 
 1233,736      8             1013,279 
 1233,736      8             1014,083 
 1233,736      8             1014,855 
 1233,736      8             1015,623 
 1233,736      8             1016,328 
 1233,736      8             1017,141 
 1233,736      8             1017,982 
 1233,736      8             1018,753 
 1233,736      8             1019,548 
 1233,736      8             1020,322 
 1233,736      8             1021,038 
 1233,736      8             1021,755 
 1233,736      8             1022,49 
 1233,736      8             1023,187 
 1233,736      8             1023,9 
 1233,736      8             1024,619 
 1233,736      8             1025,334 
 1233,736      8             1026,066 
 1233,736      8             1026,791 
 1233,736      8             1027,552 
 1233,736      8             1028,269 
 1233,736      8             1028,996 
 1233,736      8             1029,707 
 1233,736      8             1030,499 
 1233,736      8             1031,245 
 1233,736      8             1031,988 
 1233,736      8             1032,722 
 1233,736      8             1033,418 
 1233,736      8             1034,16 
 1233,736      8             1034,882 
 1233,736      8             1035,611 
 1233,736      8             1036,373 
 1233,736      8             1037,094 
 1233,736      8             1037,836 
 1233,736      8             1038,542 
 1233,736      8             1039,252 
 1233,736      8             1039,986 
 1233,736      8             1040,696 
 1233,736      8             1041,395 
 1233,736      8             1042,134 
 1233,736      8             1042,866 
 1233,736      8             1043,602 
 1233,736      8             1044,339 
 1233,736      8             1045,039 
 1233,736      8             1045,756 
 1233,736      8             1046,471 
 1233,736      8             1047,205 
 1233,736      8             1047,907 
 1233,736      8             1048,635 
 1233,736      8             1049,382 
 1233,736      8             1050,164 
 1233,736      8             1050,879 
 1233,736      8             1051,636 
 1233,736      8             1052,358 
 1233,736      8             1053,062 
 1233,736      8             1053,78 
 1233,736      8             1054,517 
 1233,736      8             1055,262 
 1233,736      8             1055,99 
 1233,736      8             1056,766 
 1233,736      8             1057,526 
 1233,736      8             1058,282 
 1233,736      8             1059,025 
 1233,736      8             1059,763 
 1233,736      8             1060,554 
 1233,736      8             1061,259 
 1233,736      8             1062,018 
 1233,736      8             1062,761 
 1233,736      8             1063,49 
 1233,736      8             1064,218 
 1233,736      8             1064,931 
 1233,736      8             1065,688 
 1233,736      8             1066,435 
 1233,736      8             1067,167 
 1233,736      8             1067,992 
 1233,736      8             1068,75 
 1233,736      8             1069,638 
 1233,736      8             1070,369 
 1233,736      8             1071,098 
 1233,736      8             1071,861 
 1233,736      8             1072,64 
 1233,736      8             1073,379 
 1233,736      8             1074,156 
 1233,736      8             1074,889 
 1233,736      8             1075,626 
 1233,736      8             1076,353 
 1233,736      8             1077,113 
 1233,736      8             1077,83 
 1233,736      8             1078,62 
 1233,736      8             1079,397 
 1233,736      8             1080,164 
 1233,736      8             1080,914 
 1233,736      8             1081,646 
 1233,736      8             1082,385 
 1233,736      8             1083,115 
 1233,736      8             1083,853 
 1233,736      8             1084,564 
 1233,736      8             1085,305 
 1233,736      8             1086,036 
 1233,736      8             1086,821 
 1233,736      8             1087,566 
 1233,736      8             1088,363 
 1233,736      8             1089,083 
 1233,736      8             1089,828 
 1233,736      8             1090,541 
 1233,736      8             1091,317 
 1233,736      8             1092,04 
 1233,736      8             1092,749 
 1233,736      8             1093,468 
 1233,736      8             1094,195 
 1233,736      8             1094,915 
 1233,736      8             1095,664 
 1233,736      8             1096,392 
 1233,736      8             1097,122 
 1233,736      8             1097,867 
 1233,736      8             1098,59 
 1233,736      8             1099,309 
 1233,736      8             1100,067 
 1233,736      8             1100,812 
 1233,736      8             1101,553 
 1233,736      8             1102,269 
 1233,736      8             1103,018 
 1233,736      8             1103,737 
 1233,736      8             1104,472 
 1233,736      8             1105,206 
 1233,736      8             1105,928 
 1233,736      8             1106,728 
 1233,736      8             1107,467 
 1233,736      8             1108,22 
 1233,736      8             1109,018 
 1233,736      8             1109,842 
 1233,736      8             1110,573 
 1233,736      8             1111,312 
 1233,736      8             1112,027 
 1233,736      8             1112,777 
 1233,736      8             1113,546 
 1233,736      8             1114,257 
 1233,736      8             1114,99 
 1233,736      8             1115,731 
 1233,736      8             1116,455 
 1233,736      8             1117,191 
 1233,736      8             1117,933 
 1233,736      8             1118,664 
 1233,736      8             1119,37 
 1233,736      8             1120,093 
 1233,736      8             1120,856 
 1233,736      8             1121,593 
 1233,736      8             1122,311 
 1233,736      8             1123,08 
 1233,736      8             1123,81 
 1233,736      8             1124,564 
 1233,736      8             1125,283 
 1233,736      8             1126,004 
 1233,736      8             1126,75 
 1233,736      8             1127,487 
 1233,736      8             1128,224 
 1233,736      8             1128,949 
 1233,736      8             1129,677 
 1233,736      8             1130,386 
 1233,736      8             1131,115 
 1233,736      8             1131,849 
 1233,736      8             1132,56 
 1233,736      8             1133,278 
 1233,736      8             1134,054 
 1233,736      8             1134,802 
 1233,736      8             1135,558 
 1233,736      8             1136,26 
 1233,736      8             1136,98 
 1233,736      8             1137,67 
 1233,736      8             1138,367 
 1233,736      8             1139,083 
 1233,736      8             1139,834 
 1233,736      8             1140,562 
 1233,736      8             1141,286 
 1233,736      8             1142,071 
 1233,736      8             1142,818 
 1233,736      8             1143,531 
 1233,736      8             1144,361 
 1233,736      8             1145,08 
 1233,736      8             1145,801 
 1233,736      8             1146,51 
 1233,736      8             1147,226 
 1233,736      8             1147,948 
 1233,736      8             1148,684 
 1233,736      8             1149,461 
 1233,736      8             1150,237 
 1233,736      8             1151,029 
 1233,736      8             1151,793 
 1233,736      8             1152,574 
 1233,736      8             1153,374 
 1233,736      8             1154,104 
 1233,736      8             1154,883 
 1233,736      8             1155,631 
 1233,736      8             1156,347 
 1233,736      8             1157,094 
 1233,736      8             1157,853 
 1233,736      8             1158,615 
 1233,736      8             1159,333 
 1233,736      8             1160,076 
 1233,736      8             1160,84 
 1233,736      8             1161,567 
 1233,736      8             1162,348 
 1233,736      8             1163,08 
 1233,736      8             1163,865 
 1233,736      8             1164,626 
 1233,736      8             1165,355 
 1233,736      8             1166,069 
 1233,736      8             1166,787 
 1233,736      8             1167,491 
 1233,736      8             1168,22 
 1233,736      8             1168,917 
 1233,736      8             1169,659 
 1233,736      8             1170,453 
 1233,736      8             1171,246 
 1233,736      8             1171,98 
 1233,736      8             1172,774 
 1233,736      8             1173,503 
 1233,736      8             1174,243 
 1233,736      8             1174,986 
 1233,736      8             1175,701 
 1233,736      8             1176,446 
 1233,736      8             1177,157 
 1233,736      8             1177,891 
 1233,736      8             1178,624 
 1233,736      8             1179,341 
 1233,736      8             1180,065 
 1233,736      8             1180,791 
 1233,736      8             1181,521 
 1233,736      8             1182,232 
 1233,736      8             1183,306 
 1233,736      8             1184,732 
 1233,736      8             1186,172 
 1233,736      8             1187,816 
 1233,736      8             1189,359 
 1233,736      8             1190,839 
 1233,736      8             1192,273 
 1233,736      8             1193,767 
 1233,736      8             1195,185 
 1233,736      8             1196,721 
 1233,736      8             1198,141 
 1233,736      8             1199,644 
 1233,736      8             1201,106 
 1233,736      8             1202,613 
 1233,736      8             1204,047 
 1233,736      8             1205,457 
 1233,736      8             1206,873 
 1233,736      8             1208,394 
 1233,736      8             1209,821 
 1233,736      8             1211,349 
 1233,736      8             1212,832 
 1233,736      8             1214,277 
 1233,736      8             1215,764 
 1233,736      8             1217,187 
 1233,736      8             1218,609 
 1233,736      8             1220,089 
 1233,736      8             1221,553 
 1233,736      8             1223,038 
 1233,736      8             1224,569 
 1233,736      8             1226,136 
 1233,736      8             1227,609 
 1233,736      8             1229,093 
 1233,736      8             1230,538 
 1233,736      8             1232,084 
 1233,736      8             1233,646 
 1233,736      8             1235,234 
 1233,736      8             1236,751 
 1233,736      8             1238,236 
 1233,736      8             1239,712 
 1233,736      8             1241,274 
 1233,736      8             1242,788 
 1233,736      8             1244,237 
 1233,736      8             1245,742 
 1233,736      8             1247,277 
 1233,736      8             1248,748 
 1233,736      8             1250,211 
 1233,736      8             1251,642 
 1233,736      8             1253,134 
 1233,736      8             1254,617 
 1233,736      8             1256,029 
 1233,736      8             1257,453 
 1233,736      8             1258,871 
 1233,736      8             1260,346 
 1233,736      8             1261,798 
 1233,736      8             1263,216 
 1233,736      8             1264,649 
 1233,736      8             1266,074 
 1233,736      8             1267,523 
 1233,736      8             1268,941 
 1233,736      8             1270,37 
 1233,736      8             1271,842 
 1233,736      8             1273,332 
 1233,736      8             1274,846 
 1233,736      8             1276,262 
 1233,736      8             1277,884 
 1233,736      8             1279,291 
 1233,736      8             1280,774 
 1233,736      8             1282,367 
 1233,736      8             1283,782 
 1233,736      8             1285,191 
 1233,736      8             1286,612 
 1233,736      8             1288,086 
 1233,736      8             1289,457 
 1233,736      8             1290,908 
 1233,736      8             1292,339 
 1233,736      8             1293,801 
 1233,736      8             1295,219 
 1233,736      8             1296,656 
 1233,736      8             1298,118 
 1233,736      8             1299,542 
 1233,736      8             1301,066 
 1233,736      8             1302,568 
 1233,736      8             1303,978 
 1233,736      8             1305,398 
 1233,736      8             1306,853 
 1233,736      8             1308,343 
 1233,736      8             1309,819 
 1233,736      8             1311,244 
 1233,736      8             1312,814 
 1233,736      8             1314,303 
 1233,736      8             1315,779 
 1233,736      8             1317,252 
 1233,736      8             1318,702 
 1233,736      8             1320,226 
 1233,736      8             1321,657 
 1233,736      8             1323,094 
 1233,736      8             1324,52 
 1233,736      8             1325,93 
 1233,736      8             1327,426 
 1233,736      8             1328,948 
 1233,736      8             1330,361 
 1233,736      8             1331,767 
 1233,736      8             1333,184 
 1233,736      8             1334,704 
 1233,736      8             1336,148 
 1233,736      8             1337,587 
 1233,736      8             1339,124 
 1233,736      8             1340,635 
 1233,736      8             1342,092 
 1233,736      8             1343,568 
 1233,736      8             1345,053 
 1233,736      8             1346,619 
 1233,736      8             1348,084 
 1233,736      8             1349,626 
 1233,736      8             1350,995 
 1233,736      8             1352,417 
 1233,736      8             1353,843 
 1233,736      8             1355,312 
 1233,736      8             1356,776 
 1233,736      8             1358,216 
 1233,736      8             1359,694 
 1233,736      8             1361,095 
 1233,736      8             1362,506 
 1233,736      8             1363,942 
 1233,736      8             1365,413 
 1233,736      8             1366,833 
 1233,736      8             1368,254 
 1233,736      8             1369,747 
 1233,736      8             1371,229 
 1233,736      8             1372,708 
 1233,736      8             1374,167 
 1233,736      8             1375,616 
 1233,736      8             1377,069 
 1233,736      8             1378,565 
 1233,736      8             1380,085 
 1233,736      8             1381,523 
 1233,736      8             1382,949 
 1233,736      8             1384,375 
 1233,736      8             1385,825 
 1233,736      8             1387,331 
 1233,736      8             1388,793 
 1233,736      8             1390,208 
 1233,736      8             1391,642 
 1233,736      8             1393,108 
 1233,736      8             1394,548 
 1233,736      8             1396,006 
 1233,736      8             1397,495 
 1233,736      8             1398,915 
 1233,736      8             1400,402 
 1233,736      8             1401,821 
 1233,736      8             1403,43 
 1233,736      8             1404,887 
 1233,736      8             1406,372 
 1233,736      8             1407,8 
 1233,736      8             1409,2 
 1233,736      8             1410,683 
 1233,736      8             1412,222 
 1233,736      8             1413,666 
 1233,736      8             1415,128 
 1233,736      8             1416,608 
 1233,736      8             1418,021 
 1233,736      8             1419,396 
 1233,736      8             1420,864 
 1233,736      8             1422,4 
 1233,736      8             1423,88 
 1233,736      8             1425,315 
 1233,736      8             1426,772 
 1233,736      8             1428,192 
 1233,736      8             1429,765 
 1233,736      8             1431,299 
 1233,736      8             1432,776 
 1233,736      8             1434,231 
 1233,736      8             1435,731 
 1233,736      8             1437,189 
 1233,736      8             1438,564 
 1233,736      8             1439,978 
 1233,736      8             1441,505 
 1233,736      8             1442,955 
 1233,736      8             1444,465 
 1233,736      8             1445,909 
 1233,736      8             1447,389 
 1233,736      8             1448,91 
 1233,736      8             1450,348 
 1233,736      8             1451,824 
 1233,736      8             1453,295 
 1233,736      8             1454,665 
 1233,736      8             1456,129 
 1233,736      8             1457,542 
 1233,736      8             1458,961 
 1233,736      8             1460,391 
 1233,736      8             1461,867 
 1233,736      8             1463,297 
 1233,736      8             1464,699 
 1233,736      8             1466,129 
 1233,736      8             1467,592 
 1233,736      8             1469,055 
 1233,736      8             1470,475 
 1233,736      8             1471,912 
 1233,736      8             1473,394 
 1233,736      8             1474,82 
 1233,736      8             1476,272 
 1233,736      8             1477,682 
 1233,736      8             1479,091 
 1233,736      8             1480,576 
 1233,736      8             1482,04 
 1233,736      8             1483,453 
 1233,736      8             1484,927 
 1233,736      8             1486,287 
 1233,736      8             1487,758 
 1233,736      8             1489,243 
 1233,736      8             1490,721 
 1233,736      8             1492,127 
 1233,736      8             1493,542 
 1233,736      8             1495,095 
 1233,736      8             1496,552 
 1233,736      8             1497,974 
 1233,736      8             1499,461 
 1233,736      8             1500,875 
 1233,736      8             1502,344 
 1233,736      8             1503,762 
 1233,736      8             1505,169 
 1233,736      8             1506,583 
 1233,736      8             1508,04 
 1233,736      8             1509,412 
 1233,736      8             1510,865 
 1233,736      8             1512,296 
 1233,736      8             1513,743 
 1233,736      8             1515,163 
 1233,736      8             1516,709 
 1233,736      8             1518,197 
 1233,736      8             1519,682 
 1233,736      8             1521,139 
 1233,736      8             1522,619 
 1233,736      8             1524,042 
 1233,736      8             1525,456 
 1233,736      8             1526,934 
 1233,736      8             1528,337 
 1233,736      8             1529,802 
 1233,736      8             1531,297 
 1233,736      8             1532,761 
 1233,736      8             1534,18 
 1233,736      8             1535,662 
 1233,736      8             1537,132 
 1233,736      8             1538,676 
 1233,736      8             1540,105 
 1233,736      8             1541,709 
 1233,736      8             1543,222 
 1233,736      8             1544,641 
 1233,736      8             1546,053 
 1233,736      8             1547,484 
 1233,736      8             1548,918 
 1233,736      8             1550,394 
 1233,736      8             1551,861 
 1233,736      8             1553,277 
 1233,736      8             1554,695 
 1233,736      8             1556,149 
 1233,736      8             1557,619 
 1233,736      8             1559,055 
 1233,736      8             1560,536 
 1233,736      8             1562,063 
 1233,736      8             1563,56 
 1233,736      8             1565,045 
 1233,736      8             1566,514 
 1233,736      8             1567,989 
 1233,736      8             1569,458 
 1233,736      8             1571,016 
 1233,736      8             1572,429 
 1233,736      8             1573,877 
 1233,736      8             1575,393 
 1233,736      8             1576,986 
 1233,736      8             1578,418 
 1233,736      8             1579,831 
 1233,736      8             1581,233 
 1233,736      8             1582,725 
 1233,736      8             1584,205 
 1233,736      8             1585,67 
 1233,736      8             1587,091 
 1233,736      8             1588,719 
 1233,736      8             1590,236 
 1233,736      8             1591,688 
 1233,736      8             1593,162 
 1233,736      8             1594,666 
 1233,736      8             1596,124 
 1233,736      8             1597,566 
 1233,736      8             1599,053 
 1233,736      8             1600,546 
 1233,736      8             1602,007 
 1233,736      8             1603,425 
 1233,736      8             1604,91 
 1233,736      8             1606,346 
 1233,736      8             1607,773 
 1233,736      8             1609,32 
 1233,736      8             1610,735 
 1233,736      8             1612,229 
 1233,736      8             1613,695 
 1233,736      8             1615,157 
 1233,736      8             1616,585 
 1233,736      8             1618,065 
 1233,736      8             1619,477 
 1233,736      8             1620,9 
 1233,736      8             1622,317 
 1233,736      8             1623,757 
 1233,736      8             1625,293 
 1233,736      8             1626,752 
 1233,736      8             1628,176 
 1233,736      8             1629,657 
 1233,736      8             1631,063 
 1233,736      8             1632,492 
 1233,736      8             1634,028 
 1233,736      8             1635,507 
 1233,736      8             1636,916 
 1233,736      8             1638,354 
 1233,736      8             1639,762 
 1233,736      8             1641,19 
 1233,736      8             1642,675 
 1233,736      8             1644,147 
 1233,736      8             1645,569 
 1233,736      8             1647,093 
 1233,736      8             1648,536 
 1233,736      8             1649,991 
 1233,736      8             1651,482 
 1233,736      8             1652,917 
 1233,736      8             1654,364 
 1233,736      8             1655,771 
 1233,736      8             1657,238 
 1233,736      8             1658,812 
 1233,736      8             1660,277 
 1233,736      8             1661,71 
 1233,736      8             1663,172 
 1233,736      8             1664,616 
 1233,736      8             1666,102 
 1233,736      8             1667,569 
 1233,736      8             1669,144 
 1233,736      8             1670,641 
 1233,736      8             1672,129 
 1233,736      8             1673,612 
 1233,736      8             1675,062 
 1233,736      8             1676,501 
 1233,736      8             1677,981 
 1233,736      8             1679,404 
 1233,736      8             1680,833 
 1233,736      8             1682,31 
 1233,736      8             1683,747 
 1233,736      8             1685,219 
 1233,736      8             1686,697 
 1233,736      8             1688,169 
 1233,736      8             1689,72 
 1233,736      8             1691,123 
 1233,736      8             1692,605 
 1233,736      8             1694,099 
 1233,736      8             1695,592 
 1233,736      8             1697,215 
 1233,736      8             1698,684 
 1233,736      8             1700,102 
 1233,736      8             1701,587 
 1233,736      8             1703,136 
 1233,736      8             1704,566 
 1233,736      8             1705,974 
 1233,736      8             1707,443 
 1233,736      8             1708,869 
 1233,736      8             1710,292 
 1233,736      8             1711,814 
 1233,736      8             1713,314 
 1233,736      8             1714,741 
 1233,736      8             1716,194 
 1233,736      8             1717,622 
 1233,736      8             1719,139 
 1233,736      8             1720,633 
 1233,736      8             1722,114 
 1233,736      8             1723,529 
 1233,736      8             1724,998 
 1233,736      8             1726,485 
 1233,736      8             1727,912 
 1233,736      8             1729,391 
 1233,736      8             1730,813 
 1233,736      8             1732,303 
 1233,736      8             1733,758 
 1233,736      8             1735,235 
 1233,736      8             1736,705 
 1233,736      8             1738,126 
 1233,736      8             1739,501 
 1233,736      8             1740,901 
 1233,736      8             1742,32 
 1233,736      8             1743,815 
 1233,736      8             1745,348 
 1233,736      8             1746,833 
 1233,736      8             1748,255 
 1233,736      8             1749,738 
 1233,736      8             1751,217 
 1233,736      8             1752,693 
 1233,736      8             1754,216 
 1233,736      8             1755,703 
 1233,736      8             1757,137 
 1233,736      8             1758,662 
 1233,736      8             1760,094 
 1233,736      8             1761,527 
 1233,736      8             1763,042 
 1233,736      8             1764,477 
 1233,736      8             1765,936 
 1233,736      8             1767,419 
 1233,736      8             1768,844 
 1233,736      8             1770,306 
 1233,736      8             1771,738 
 1233,736      8             1773,205 
 1233,736      8             1774,627 
 1233,736      8             1776,04 
 1233,736      8             1777,52 
 1233,736      8             1779,003 
 1233,736      8             1780,443 
 1233,736      8             1781,907 
 1233,736      8             1783,363 
 1233,736      8             1784,787 
 1233,736      8             1786,208 
 1233,736      8             1787,644 
 1233,736      8             1789,107 
 1233,736      8             1790,479 
 1233,736      8             1791,91 
 1233,736      8             1793,374 
 1233,736      8             1794,86 
 1233,736      8             1796,339 
 1233,736      8             1797,822 
 1233,736      8             1799,235 
 1233,736      8             1800,716 
 1233,736      8             1802,143 
 1233,736      8             1803,647 
 1233,736      8             1805,192 
 1233,736      8             1806,712 
 1233,736      8             1808,145 
 1233,736      8             1809,627 
 1233,736      8             1811,043 
 1233,736      8             1812,564 
 1233,736      8             1814,118 
 1233,736      8             1815,595 
 1233,736      8             1817,066 
 1233,736      8             1818,487 
 1233,736      8             1819,964 
 1233,736      8             1821,467 
 1233,736      8             1822,926 
 1233,736      8             1824,359 
 1233,736      8             1825,88 
 1233,736      8             1827,306 
 1233,736      8             1828,73 
 1233,736      8             1830,196 
 1233,736      8             1831,613 
 1233,736      8             1833,101 
 1233,736      8             1834,542 
 1233,736      8             1835,994 
 1233,736      8             1837,413 
 1233,736      8             1838,894 
 1233,736      8             1840,367 
 1233,736      8             1841,899 
 1233,736      8             1843,321 
 1233,736      8             1844,798 
 1233,736      8             1846,217 
 1233,736      8             1847,654 
 1233,736      8             1849,126 
 1233,736      8             1850,609 
 1233,736      8             1852,081 
 1233,736      8             1853,556 
 1233,736      8             1854,966 
 1233,736      8             1856,399 
 1233,736      8             1857,876 
 1233,736      8             1859,293 
 1233,736      8             1860,662 
 1233,736      8             1862,07 
 1233,736      8             1863,639 
 1233,736      8             1865,095 
 1233,736      8             1866,565 
 1233,736      8             1867,942 
 1233,736      8             1869,365 
 1233,736      8             1870,835 
 1233,736      8             1872,298 
 1233,736      8             1873,714 
 1233,736      8             1875,14 
 1233,736      8             1876,811 
 1233,736      8             1878,242 
 1233,736      8             1879,71 
 1233,736      8             1881,245 
 1233,736      8             1882,632 
 1233,736      8             1884,142 
 1233,736      8             1885,576 
 1233,736      8             1887,04 
 1233,736      8             1888,599 
 1233,736      8             1890,146 
 1233,736      8             1891,563 
 1233,736      8             1893,115 
 1233,736      8             1894,608 
 1233,736      8             1896,015 
 1233,736      8             1897,498 
 1233,736      8             1898,909 
 1233,736      8             1900,387 
 1233,736      8             1901,861 
 1233,736      8             1903,348 
 1233,736      8             1904,76 
 1233,736      8             1906,248 
 1233,736      8             1907,653 
 1233,736      8             1909,095 
 1233,736      8             1910,557 
 1233,736      8             1912,117 
 1233,736      8             1913,649 
 1233,736      8             1915,125 
