Costo de la solución:
 1306,10684254876 

1	1	71,737	198	0	120	119	82	111	86	85	112	84	117	113	83	108	118	18	90	89	87	0
1	2	218,108	195	0	75	72	79	56	60	63	66	62	61	59	57	54	52	110	94	93	0
1	3	237,14	197	0	105	107	73	74	78	80	58	64	65	51	50	49	46	44	37	115	96	95	0
1	4	198,458	194	0	21	20	23	26	28	31	34	33	30	27	24	22	19	17	8	9	10	7	6	88	0
1	5	144,243	198	0	92	91	114	97	68	76	77	71	70	69	67	116	100	99	101	102	0
1	6	223,965	197	0	109	38	39	42	41	47	48	45	43	40	55	53	98	103	104	106	0
1	7	212,451	196	0	29	36	35	32	25	16	12	13	14	15	11	4	5	3	1	2	81	0
1	8	0	0	0	0

Tiempo de ejecución:
 9,0425000000032 
