Costo de la solución:
 1804,63788800993 

1	1	30,664	69	0	87	85	112	82	119	0
1	2	204,762	120	0	100	98	53	56	60	63	66	65	59	116	0
1	3	133,543	104	0	102	68	79	80	78	74	70	69	107	106	105	0
1	4	191,338	121	0	95	96	52	54	57	61	62	64	58	55	0
1	5	193,292	114	0	115	43	48	47	46	49	50	51	45	40	0
1	6	203,31	108	0	16	22	24	27	31	37	38	110	99	101	0
1	7	179,904	80	0	32	35	36	34	33	30	25	19	108	118	0
1	8	181,491	120	0	21	26	23	20	12	13	14	1	2	81	0
1	9	212,421	130	0	109	39	42	41	44	29	28	17	8	84	0
1	10	127,097	146	0	104	103	73	76	77	72	75	71	67	120	0
1	11	44,397	132	0	93	94	97	114	18	90	91	89	92	86	111	88	0
1	12	102,415	131	0	113	6	7	9	10	11	15	4	3	5	83	117	0
1	13	0	0	0	0

Tiempo de ejecución:
 11,5965625000026 
