Costo de la solución:
 894,810016696009 

1	1	101,996	133	0	36	69	71	60	70	20	29	45	4	0
1	2	95,788	138	0	33	42	64	22	62	30	75	0
1	3	55,676	127	0	17	51	3	44	40	12	26	0
1	4	81,451	132	0	5	37	15	57	13	27	52	46	0
1	5	98,906	137	0	7	35	53	59	19	54	8	34	0
1	6	87,756	136	0	63	23	56	41	43	1	73	2	68	0
1	7	110,547	139	0	72	39	9	25	55	31	10	58	0
1	8	84,919	138	0	38	65	66	11	14	0
1	9	86,648	133	0	6	16	49	24	18	50	32	0
1	10	80,347	121	0	48	47	21	61	28	74	0
1	11	10,77	30	0	67	0
1	12	0	0	0	0

Tiempo de ejecución:
 1,59253124999668 
