Costo de la solución:
 890,047480611767 

1	1	91,752	190	0	76	77	3	33	81	79	29	24	68	80	12	26	0
1	2	126,279	198	0	28	1	10	32	90	63	11	19	47	8	83	5	60	89	0
1	3	148,918	198	0	88	62	64	49	36	46	45	17	84	61	98	37	59	92	97	94	0
1	4	77,944	200	0	13	95	93	85	100	42	87	57	2	58	53	0
1	5	130	199	0	40	21	73	22	41	15	43	14	44	38	86	16	91	99	96	6	0
1	6	138,481	192	0	50	51	9	78	34	35	71	65	66	20	30	70	31	69	0
1	7	116,149	187	0	72	74	75	56	23	67	39	25	55	4	54	0
1	8	60,522	94	0	18	82	48	7	52	27	0
1	9	0	0	0	0
1	10	0	0	0	0

Tiempo de ejecución:
 4,41703124999913 
