Costo de la solución:
 959,506273580499 

1	1	92,734	88	0	20	70	60	71	47	48	0
1	2	69,22	110	0	68	2	28	61	74	75	0
1	3	85,786	139	0	17	40	50	18	24	49	16	0
1	4	66,561	130	0	12	72	39	9	32	44	3	51	0
1	5	106,75	123	0	54	19	14	59	66	0
1	6	89,655	93	0	73	1	42	64	22	62	0
1	7	85,265	105	0	5	37	36	69	21	30	0
1	8	64,825	115	0	27	13	57	15	29	45	4	0
1	9	0	0	0	0
1	10	37,928	111	0	67	46	8	52	34	0
1	11	83,847	122	0	63	23	56	41	43	33	6	0
1	12	103,755	93	0	58	10	31	55	25	0
1	13	73,176	135	0	7	35	53	11	65	38	26	0

Tiempo de ejecución:
 20,8693124999991 
