Costo de la solución:
 856,56854821863 

1	1	103,467	136	0	29	5	37	20	70	60	71	69	36	47	0
1	2	106,588	139	0	63	23	56	41	64	42	43	1	73	0
1	3	115,16	133	0	39	9	25	55	50	18	24	49	0
1	4	81,356	138	0	7	35	14	59	19	8	46	0
1	5	82,106	137	0	12	72	31	10	58	26	67	0
1	6	77,157	129	0	38	65	66	11	53	0
1	7	94,442	139	0	74	28	21	61	22	62	33	0
1	8	77,738	135	0	34	52	54	13	57	15	27	4	0
1	9	58,547	138	0	45	48	30	2	6	68	75	0
1	10	60,002	140	0	17	40	32	44	3	16	51	0
1	11	0	0	0	0
1	12	0	0	0	0

Tiempo de ejecución:
 47,0941250000033 
