Costo de la solución:
 1659,23489948301 

1	1	201,411	117	0	56	60	63	66	64	58	55	53	100	99	0
1	2	191,694	122	0	116	98	52	54	62	61	65	59	57	110	0
1	3	185,986	121	0	39	42	48	51	50	49	46	44	37	109	0
1	4	193,827	86	0	16	25	27	30	33	34	36	29	32	26	0
1	5	146,711	128	0	102	101	68	79	80	78	77	76	73	120	119	0
1	6	176,039	98	0	21	20	23	28	35	31	24	22	19	17	0
1	7	176,5	132	0	96	115	40	43	45	47	41	38	97	94	0
1	8	44,317	130	0	95	93	114	118	18	90	91	89	92	86	111	82	88	0
1	9	119,216	151	0	107	69	70	75	72	74	71	67	103	104	106	105	0
1	10	117,611	174	0	85	84	5	10	11	15	14	13	12	8	108	87	0
1	11	105,919	116	0	81	2	1	3	4	9	7	6	83	113	117	112	0
1	12	0	0	0	0
1	13	0	0	0	0

Tiempo de ejecución:
 109,289156250001 
