Costo de la solución:
 922,132571879802 

1	1	99,507	85	0	20	70	60	71	69	21	0
1	2	89,84	125	0	1	42	64	22	2	68	75	0
1	3	88,396	136	0	12	9	25	55	50	32	17	0
1	4	81,356	138	0	46	8	19	59	14	35	7	0
1	5	83,847	122	0	63	23	56	41	43	33	6	0
1	6	85,206	140	0	40	39	72	31	10	58	26	0
1	7	77,157	129	0	38	65	66	11	53	0
1	8	79,627	130	0	73	62	28	61	74	30	4	0
1	9	86,102	104	0	3	44	18	24	49	16	51	0
1	10	-0,001	0	0	0
1	11	73,547	120	0	48	47	36	37	5	29	45	0
1	12	77,543	135	0	27	15	57	13	54	52	34	67	0
1	13	0	0	0	0

Tiempo de ejecución:
 126,22159375 
