Costo de la solución:
 1384,35621855211 

1	1	118,131	194	0	175	8	102	178	78	19	177	133	134	85	164	165	77	169	50	168	0
1	2	125,225	197	0	12	109	75	162	31	163	148	92	135	146	18	181	117	0
1	3	99,097	200	0	153	79	15	154	124	20	166	122	36	155	47	120	139	152	0
1	4	73,303	185	0	1	191	197	43	190	41	143	68	113	42	199	136	196	66	112	0
1	5	40,521	193	0	6	96	53	198	158	194	193	33	61	0
1	6	75,672	198	0	129	10	80	131	189	57	39	130	40	76	0
1	7	94,412	193	0	100	71	119	38	52	11	170	84	14	132	7	0
1	8	79,091	171	0	16	63	107	24	145	73	147	106	44	55	3	0
1	9	102,371	193	0	105	160	115	90	137	89	185	62	116	183	104	188	0
1	10	80,283	193	0	86	186	93	22	141	91	142	114	156	28	64	101	157	2	0
1	11	76,998	194	0	151	32	72	118	56	25	110	9	161	97	187	95	0
1	12	88,677	194	0	45	29	59	103	5	88	37	138	174	82	140	94	0
1	13	76,138	195	0	150	108	69	180	35	176	46	111	4	87	0
1	14	72,999	188	0	127	34	65	167	179	99	70	128	123	13	83	27	58	0
1	15	61,498	186	0	125	98	48	171	173	121	21	172	30	54	0
1	16	73,672	184	0	67	159	182	49	74	144	23	184	192	195	0
1	17	46,259	128	0	60	149	51	26	81	17	126	0
1	18	0	0	0	0
1	19	0	0	0	0
1	20	0	0	0	0

Tiempo de ejecución:
 296,580000000002 
