Costo de la solución:
 1220,29085044244 

1	1	213,629	199	0	100	53	55	58	56	60	63	66	64	62	61	65	59	57	54	52	0
1	2	199,767	200	0	116	110	40	43	45	48	51	50	49	46	47	44	42	39	114	18	85	111	88	0
1	3	219,185	200	0	21	26	32	29	36	34	33	27	24	22	17	8	13	9	10	4	1	2	81	82	0
1	4	72,113	180	0	119	120	105	106	107	104	103	99	101	96	93	90	91	89	92	95	102	0
1	5	194,569	198	0	7	6	5	3	11	15	14	12	16	19	25	30	31	35	28	23	20	0
1	6	175,366	198	0	87	94	97	115	38	41	37	109	108	118	83	113	117	84	112	86	0
1	7	145,658	200	0	67	69	70	71	74	72	75	78	80	79	77	76	73	68	98	0
1	8	0	0	0	0

Tiempo de ejecución:
 90,8805312499971 
