Costo de la solución:
 849,342048785707 

1	1	119,913	182	0	69	70	30	20	66	65	71	35	34	78	3	77	76	28	0
1	2	152,796	189	0	52	7	88	62	11	64	49	36	47	46	8	45	17	84	83	60	89	0
1	3	116,234	198	0	26	54	4	55	25	39	67	23	56	75	73	58	0
1	4	120,119	196	0	2	57	15	43	14	44	38	86	16	91	100	37	98	99	96	6	0
1	5	103,595	198	0	12	80	68	24	29	79	33	81	9	51	50	1	27	0
1	6	97,811	160	0	31	10	32	90	63	19	48	82	18	0
1	7	77,643	144	0	13	87	42	41	22	74	72	21	40	53	0
1	8	61,226	191	0	5	61	85	93	59	92	97	95	94	0
1	9	0	0	0	0
1	10	0	0	0	0

Tiempo de ejecución:
 106,475312499999 
