Costo de la solución:
 1218,31456468608 

1	1	106,546	136	0	101	3	121	115	36	85	35	20	59	0
1	2	116,77	103	0	112	61	114	99	43	86	96	132	0
1	3	105,348	163	0	54	39	89	73	117	75	105	30	104	0
1	4	94,587	176	0	145	150	141	94	19	64	88	40	41	135	0
1	5	83,576	133	0	32	51	22	70	116	28	80	120	1	119	77	0
1	6	48,389	107	0	103	108	123	122	71	90	5	0
1	7	74,946	185	0	126	127	53	129	29	128	84	131	83	2	100	11	0
1	8	64,23	156	0	68	14	58	95	25	133	110	18	139	0
1	9	84,826	161	0	81	60	8	31	82	140	113	26	48	138	27	0
1	10	84,05	159	0	46	57	23	7	69	97	24	98	6	102	0
1	11	78,325	129	0	37	137	44	107	65	93	42	92	147	17	63	0
1	12	46,141	125	0	56	4	149	109	148	87	142	144	12	0
1	13	79,976	183	0	146	143	111	66	136	13	67	134	55	47	0
1	14	77,957	145	0	52	15	45	91	72	33	124	125	106	10	49	76	0
1	15	72,641	174	0	38	62	9	50	130	34	74	79	21	118	16	78	0
1	16	0	0	0	0

Tiempo de ejecución:
 1589,05065625 
