Costo de la solución:
 1072,43595608536 

1	1	123,375	192	0	16	127	53	29	128	84	35	85	36	115	121	116	3	101	51	0
1	2	129,356	189	0	77	119	1	120	140	26	113	114	99	43	86	97	24	96	58	14	68	0
1	3	96,09	195	0	5	10	54	39	89	117	75	105	30	104	49	76	0
1	4	92,578	200	0	142	150	19	64	88	40	94	41	141	135	109	146	56	0
1	5	88,65	188	0	52	15	45	91	72	33	73	106	125	124	122	123	71	90	0
1	6	92,632	197	0	139	133	25	95	67	13	136	66	111	134	110	47	0
1	7	80,721	162	0	144	147	92	42	93	65	107	44	137	37	108	103	0
1	8	81,348	179	0	32	22	80	70	28	31	82	8	60	81	27	0
1	9	82,812	195	0	46	138	48	112	61	7	69	23	98	132	57	6	102	0
1	10	72,167	179	0	126	129	20	59	131	83	2	100	11	0
1	11	70,404	159	0	78	130	50	118	21	79	74	34	9	62	38	0
1	12	62,298	200	0	18	55	143	148	87	149	4	145	17	63	12	0
1	13	0	0	0	0
1	14	0	0	0	0

Tiempo de ejecución:
 297,317343750001 
