Costo de la solución:
 865,492359827102 

1	1	101,205	140	0	45	29	5	37	71	60	70	20	15	57	0
1	2	98,469	140	0	73	62	42	64	22	28	2	68	0
1	3	54,825	115	0	17	40	9	39	72	12	0
1	4	94,162	134	0	30	48	47	36	69	61	21	74	0
1	5	86,354	133	0	7	53	14	59	19	35	8	0
1	6	84,475	140	0	63	23	56	41	43	1	33	6	0
1	7	104,8	121	0	58	10	31	55	25	32	0
1	8	75,678	125	0	11	66	65	38	26	0
1	9	87,679	126	0	3	44	50	18	24	49	16	51	0
1	10	62,384	140	0	27	13	54	52	46	34	67	0
1	11	15,456	50	0	75	4	0
1	12	0	0	0	0

Tiempo de ejecución:
 47,5537499999991 
