Costo de la solución:
 1401,83751746433 

1	1	113,413	200	0	149	7	108	84	134	85	164	165	38	119	77	129	81	0
1	2	112,692	192	0	3	55	44	106	18	146	135	92	148	163	110	32	151	0
1	3	107,591	185	0	98	29	153	79	15	154	124	20	166	122	140	94	64	0
1	4	104,135	195	0	86	93	156	114	142	137	89	68	42	199	184	192	96	0
1	5	97,944	194	0	16	117	107	24	145	73	72	118	56	25	161	97	187	95	0
1	6	92,766	191	0	130	57	189	75	162	31	131	80	10	71	100	26	0
1	7	96,179	199	0	150	52	11	170	14	133	177	19	78	178	8	175	0
1	8	67,965	194	0	60	51	132	180	69	35	102	176	46	127	0
1	9	83,197	195	0	188	104	183	116	62	185	90	190	43	197	136	1	191	66	0
1	10	47,696	192	0	112	186	196	158	194	193	33	61	0
1	11	61,242	179	0	17	76	40	9	109	39	169	50	12	168	126	0
1	12	74,54	194	0	120	47	155	36	138	37	88	103	5	59	48	30	0
1	13	87,269	198	0	67	23	160	115	41	143	113	91	141	22	28	101	0
1	14	34,142	104	0	54	125	45	4	87	0
1	15	74,091	191	0	34	65	167	70	128	123	13	83	179	99	27	58	111	0
1	16	84,651	187	0	181	147	63	144	74	49	182	159	198	53	195	105	6	0
1	17	62,316	196	0	157	2	21	173	121	82	174	171	172	139	152	0
1	18	0	0	0	0
1	19	0	0	0	0
1	20	0	0	0	0

Tiempo de ejecución:
 342,425499999998 
