Costo de la solución:
 1660,55215508829 

1	1	207,553	132	0	57	59	65	61	62	64	66	63	60	58	0
1	2	13,393	22	0	86	111	88	0
1	3	189,161	122	0	48	51	50	49	47	46	44	41	37	109	0
1	4	188,878	119	0	67	74	80	56	55	53	54	52	98	101	0
1	5	194,455	82	0	29	35	36	34	33	30	27	24	22	8	0
1	6	173,063	111	0	108	16	19	25	28	31	32	26	21	114	0
1	7	171,87	122	0	102	110	40	43	45	42	39	38	115	96	0
1	8	58,395	122	0	95	93	94	97	116	100	99	103	104	107	106	105	120	0
1	9	180,029	142	0	20	23	17	12	13	14	15	11	1	2	0
1	10	48,541	133	0	119	81	112	84	118	18	90	91	89	92	87	0
1	11	137,499	150	0	73	76	68	77	79	78	72	75	71	70	69	0
1	12	97,707	118	0	82	117	83	5	3	4	10	9	7	6	113	85	0
1	13	0	0	0	0

Tiempo de ejecución:
 91,4735312499979 
