Costo de la solución:
 1106,3223466408 

1	1	125,978	198	0	51	22	101	3	116	121	115	36	85	35	84	128	29	53	127	126	0
1	2	119,614	175	0	27	138	26	113	114	99	43	86	97	24	58	14	68	0
1	3	120,977	199	0	137	44	52	15	45	91	125	73	117	75	105	54	10	5	0
1	4	76,882	197	0	63	17	147	92	42	64	94	41	141	135	143	149	56	0
1	5	103,319	197	0	12	146	4	109	87	150	19	40	88	93	65	107	37	108	103	0
1	6	83,744	199	0	144	145	142	148	111	66	136	13	67	134	55	139	0
1	7	82,459	193	0	32	119	1	120	80	70	28	31	82	140	8	60	81	77	0
1	8	81,158	189	0	76	49	39	89	106	33	72	124	122	123	71	90	0
1	9	73,797	134	0	48	112	61	7	69	23	57	6	102	46	0
1	10	78,606	199	0	130	50	118	129	20	59	131	83	2	100	0
1	11	83	177	0	47	18	110	133	25	95	96	98	132	0
1	12	76,785	178	0	78	38	62	9	104	30	34	74	79	21	16	11	0
1	13	0	0	0	0
1	14	0	0	0	0

Tiempo de ejecución:
 137,356718750001 
