Costo de la solución:
 854,203105055085 

1	1	120,765	150	0	69	70	30	20	66	65	71	35	34	78	33	50	0
1	2	146,632	186	0	88	62	11	64	49	36	46	8	45	17	84	5	60	83	18	89	0
1	3	142,866	197	0	87	41	22	23	67	39	25	55	54	24	29	80	12	0
1	4	125,335	198	0	96	99	61	16	86	38	44	14	42	43	15	57	2	13	0
1	5	81,077	193	0	27	1	51	9	81	79	3	68	77	76	28	0
1	6	106,661	189	0	31	10	32	90	63	19	47	48	82	7	52	0
1	7	71,549	154	0	26	4	56	75	74	72	73	21	40	58	53	0
1	8	59,315	191	0	94	95	97	92	37	98	100	91	85	93	59	6	0
1	9	0	0	0	0
1	10	0	0	0	0

Tiempo de ejecución:
 106,921625000003 
