Costo de la solución:
 1074,05766363178 

1	1	213,629	199	0	52	54	57	59	65	61	62	64	66	63	60	56	58	55	53	100	0
1	2	209,821	198	0	37	38	41	44	46	49	47	48	50	51	45	43	42	39	40	110	0
1	3	207,561	200	0	21	20	23	26	28	32	35	29	36	34	31	30	33	27	24	22	25	19	16	17	108	118	0
1	4	85,808	200	0	105	106	104	103	116	98	115	109	114	18	97	94	92	89	85	86	111	82	0
1	5	74,742	186	0	87	95	102	101	99	96	93	91	90	113	83	117	84	112	81	119	120	0
1	6	145,197	193	0	68	73	76	77	79	80	78	72	75	74	71	67	70	69	107	0
1	7	137,297	199	0	8	12	13	14	15	11	9	7	6	5	10	4	3	1	2	88	0
1	8	0	0	0	0

Tiempo de ejecución:
 1151,6935625 
