Costo de la solución:
 841,591126909552 

1	1	126,899	195	0	50	33	81	51	9	35	71	65	66	20	30	70	1	69	0
1	2	133,243	191	0	89	18	8	46	47	36	49	64	19	48	82	7	52	0
1	3	112,044	182	0	58	21	4	56	23	67	39	25	55	54	26	0
1	4	120,248	198	0	13	92	37	98	100	91	16	86	38	44	14	43	15	57	2	0
1	5	90,255	169	0	12	80	68	24	29	34	78	79	3	77	76	28	0
1	6	86,635	135	0	88	62	11	63	90	32	10	31	27	0
1	7	86,759	196	0	94	95	97	87	42	41	22	75	74	72	73	40	53	0
1	8	85,504	192	0	60	83	45	17	84	5	61	85	93	59	99	96	6	0
1	9	0	0	0	0
1	10	0	0	0	0

Tiempo de ejecución:
 1205,61121875 
