Iteraciones:   1599 

Costo         Vehículos     Tiempo [seg]
 1594,44       8             1,063 
 1485,994      8             1,86 
 1485,994      8             2,627 
 1442,135      8             3,305 
 1442,135      8             4,006 
 1426,338      8             4,665 
 1330,38       8             5,355 
 1330,38       8             6,156 
 1330,38       8             6,758 
 1330,38       8             7,408 
 1330,38       8             8,057 
 1330,38       8             8,697 
 1330,38       8             9,346 
 1330,38       8             10,007 
 1330,38       8             10,631 
 1330,38       8             11,289 
 1330,38       8             11,953 
 1330,38       8             12,554 
 1330,38       8             13,185 
 1330,38       8             13,832 
 1330,38       8             14,476 
 1330,38       8             15,115 
 1330,38       8             15,812 
 1330,38       8             16,396 
 1330,38       8             17,032 
 1330,38       8             17,624 
 1330,38       8             18,239 
 1330,38       8             18,886 
 1330,38       8             19,528 
 1255,047      8             20,312 
 1255,047      8             20,935 
 1255,047      8             21,602 
 1255,047      8             22,223 
 1251,515      8             22,866 
 1251,515      8             23,507 
 1251,515      8             24,115 
 1235,263      8             24,866 
 1231,368      8             25,506 
 1231,368      8             26,109 
 1231,368      8             26,741 
 1231,368      8             27,383 
 1231,368      8             28,021 
 1231,368      8             28,623 
 1231,368      8             29,242 
 1231,368      8             29,874 
 1231,368      8             30,563 
 1231,368      8             31,162 
 1231,368      8             31,818 
 1231,368      8             32,461 
 1231,368      8             33,159 
 1231,368      8             33,82 
 1231,368      8             34,475 
 1231,368      8             35,062 
 1231,368      8             35,655 
 1231,368      8             36,356 
 1231,368      8             36,944 
 1231,368      8             37,533 
 1231,368      8             38,225 
 1231,368      8             38,867 
 1231,368      8             39,532 
 1231,368      8             40,16 
 1231,368      8             40,819 
 1231,368      8             41,532 
 1231,368      8             42,187 
 1231,368      8             42,842 
 1231,368      8             43,57 
 1231,368      8             44,337 
 1231,368      8             45,006 
 1231,368      8             45,705 
 1231,368      8             46,333 
 1231,368      8             47,032 
 1231,368      8             47,677 
 1231,368      8             48,396 
 1231,368      8             49,054 
 1231,368      8             49,703 
 1231,368      8             50,417 
 1160,605      8             51,05 
 1160,605      8             51,631 
 1160,605      8             52,277 
 1160,605      8             52,881 
 1160,605      8             53,579 
 1160,605      8             54,233 
 1160,605      8             54,89 
 1160,605      8             55,526 
 1160,605      8             56,178 
 1160,605      8             56,873 
 1160,605      8             57,516 
 1160,605      8             58,098 
 1160,605      8             58,744 
 1160,605      8             59,372 
 1160,605      8             60,041 
 1160,605      8             60,745 
 1160,605      8             61,342 
 1160,605      8             61,982 
 1160,605      8             62,568 
 1160,605      8             63,184 
 1160,605      8             63,777 
 1160,605      8             64,431 
 1160,605      8             65,179 
 1160,605      8             65,758 
 1160,605      8             66,405 
 1160,605      8             67,112 
 1160,605      8             67,693 
 1160,605      8             68,281 
 1160,605      8             68,939 
 1160,605      8             69,633 
 1160,605      8             70,276 
 1160,605      8             70,913 
 1160,605      8             71,548 
 1160,605      8             72,166 
 1160,605      8             72,866 
 1160,605      8             73,515 
 1160,605      8             74,127 
 1160,605      8             74,801 
 1160,605      8             75,432 
 1160,605      8             76,029 
 1160,605      8             76,726 
 1160,605      8             77,355 
 1160,605      8             77,969 
 1160,605      8             78,646 
 1160,605      8             79,378 
 1160,605      8             79,959 
 1160,605      8             80,592 
 1160,605      8             81,291 
 1160,605      8             82,005 
 1160,605      8             82,647 
 1160,605      8             83,227 
 1160,605      8             83,868 
 1160,605      8             84,512 
 1160,605      8             85,148 
 1160,605      8             85,81 
 1160,605      8             86,436 
 1160,605      8             87,094 
 1160,605      8             87,779 
 1160,605      8             88,424 
 1160,605      8             89,067 
 1160,605      8             89,796 
 1160,605      8             90,391 
 1160,605      8             91,032 
 1160,605      8             91,62 
 1160,605      8             92,247 
 1160,605      8             92,829 
 1160,605      8             93,416 
 1160,605      8             94,065 
 1160,605      8             94,702 
 1160,605      8             95,386 
 1160,605      8             96,056 
 1160,605      8             96,696 
 1160,605      8             97,325 
 1160,605      8             97,923 
 1160,605      8             98,562 
 1160,605      8             99,205 
 1160,605      8             99,832 
 1160,605      8             100,468 
 1160,605      8             101,128 
 1160,605      8             101,788 
 1160,605      8             102,417 
 1160,605      8             103,081 
 1160,605      8             103,72 
 1160,605      8             104,356 
 1160,605      8             105,068 
 1160,605      8             105,764 
 1160,605      8             106,409 
 1160,605      8             107,065 
 1160,605      8             107,689 
 1160,605      8             108,338 
 1160,605      8             108,926 
 1160,605      8             109,563 
 1160,605      8             110,203 
 1160,605      8             110,845 
 1160,605      8             111,433 
 1160,605      8             112,073 
 1160,605      8             112,833 
 1160,605      8             113,475 
 1160,605      8             114,169 
 1160,605      8             114,761 
 1160,605      8             115,39 
 1160,605      8             115,976 
 1160,605      8             116,559 
 1160,605      8             117,147 
 1159,313      8             117,893 
 1159,313      8             118,531 
 1159,313      8             119,13 
 1159,313      8             119,788 
 1159,313      8             120,467 
 1159,313      8             121,106 
 1159,313      8             121,69 
 1159,313      8             122,341 
 1159,313      8             122,976 
 1159,313      8             123,623 
 1159,313      8             124,344 
 1159,313      8             124,96 
 1159,313      8             125,552 
 1159,313      8             126,184 
 1159,313      8             126,825 
 1159,313      8             127,461 
 1159,313      8             128,065 
 1159,313      8             128,698 
 1159,313      8             129,332 
 1159,313      8             129,972 
 1159,313      8             130,612 
 1159,313      8             131,218 
 1159,313      8             131,916 
 1159,313      8             132,542 
 1159,313      8             133,188 
 1159,313      8             133,823 
 1159,313      8             134,481 
 1159,313      8             135,137 
 1159,313      8             135,782 
 1159,313      8             136,418 
 1159,313      8             137,118 
 1159,313      8             137,708 
 1159,313      8             138,357 
 1159,313      8             139,057 
 1159,313      8             139,701 
 1159,313      8             140,391 
 1159,313      8             141,047 
 1159,313      8             141,666 
 1159,313      8             142,272 
 1159,313      8             142,947 
 1159,313      8             143,543 
 1159,313      8             144,176 
 1159,313      8             144,812 
 1159,313      8             145,407 
 1159,313      8             146,102 
 1159,313      8             146,74 
 1159,313      8             147,375 
 1159,313      8             147,984 
 1159,313      8             148,66 
 1159,313      8             149,248 
 1159,313      8             149,849 
 1159,313      8             150,474 
 1159,313      8             151,065 
 1159,313      8             151,688 
 1159,313      8             152,29 
 1159,313      8             152,974 
 1159,313      8             153,575 
 1159,313      8             154,213 
 1159,313      8             154,795 
 1159,313      8             155,377 
 1159,313      8             156,005 
 1159,313      8             156,653 
 1159,313      8             157,293 
 1159,313      8             157,94 
 1159,313      8             158,556 
 1159,313      8             159,331 
 1159,313      8             160,041 
 1159,313      8             160,685 
 1159,313      8             161,273 
 1159,313      8             161,969 
 1158,236      8             162,563 
 1158,236      8             163,2 
 1158,236      8             163,785 
 1158,236      8             164,469 
 1158,236      8             165,122 
 1158,236      8             165,721 
 1158,236      8             166,404 
 1158,236      8             167,061 
 1158,236      8             167,705 
 1158,236      8             168,405 
 1158,236      8             169,002 
 1158,236      8             169,685 
 1158,236      8             170,278 
 1158,236      8             170,923 
 1158,236      8             171,55 
 1158,236      8             172,153 
 1158,236      8             172,786 
 1158,236      8             173,426 
 1158,236      8             174,078 
 1158,236      8             174,668 
 1158,236      8             175,301 
 1158,236      8             175,949 
 1158,236      8             176,722 
 1158,236      8             177,431 
 1158,236      8             178,135 
 1158,236      8             178,774 
 1158,236      8             179,408 
 1158,236      8             180,209 
 1158,236      8             180,899 
 1158,236      8             181,623 
 1158,236      8             182,376 
 1158,236      8             183,034 
 1158,236      8             183,615 
 1158,236      8             184,256 
 1158,236      8             184,883 
 1158,236      8             185,523 
 1158,236      8             186,14 
 1158,236      8             186,772 
 1158,236      8             187,348 
 1158,236      8             188,058 
 1158,236      8             188,69 
 1158,236      8             189,331 
 1158,236      8             189,974 
 1158,236      8             190,564 
 1158,236      8             191,271 
 1158,236      8             191,989 
 1158,236      8             192,612 
 1158,236      8             193,278 
 1158,236      8             193,958 
 1158,236      8             194,618 
 1158,236      8             195,2 
 1158,236      8             195,842 
 1158,236      8             196,468 
 1158,236      8             197,072 
 1158,236      8             197,748 
 1158,236      8             198,363 
 1158,236      8             198,997 
 1158,236      8             199,625 
 1158,236      8             200,327 
 1158,236      8             200,913 
 1158,236      8             201,511 
 1158,236      8             202,142 
 1158,236      8             202,782 
 1158,236      8             203,422 
 1158,236      8             204,069 
 1158,236      8             204,711 
 1158,236      8             205,346 
 1158,236      8             205,993 
 1158,236      8             206,593 
 1158,236      8             207,228 
 1158,236      8             207,931 
 1158,236      8             208,571 
 1158,236      8             209,151 
 1158,236      8             209,8 
 1158,236      8             210,444 
 1158,236      8             211,084 
 1158,236      8             211,676 
 1158,236      8             212,316 
 1158,236      8             212,968 
 1158,236      8             213,599 
 1158,236      8             214,238 
 1158,236      8             214,886 
 1158,236      8             215,579 
 1158,236      8             216,323 
 1158,236      8             216,959 
 1158,236      8             217,595 
 1158,236      8             218,235 
 1158,236      8             218,939 
 1158,236      8             219,64 
 1158,236      8             220,297 
 1158,236      8             220,99 
 1158,236      8             221,639 
 1158,236      8             222,232 
 1158,236      8             222,888 
 1158,236      8             223,527 
 1158,236      8             224,164 
 1158,236      8             224,823 
 1158,236      8             225,456 
 1158,236      8             226,157 
 1158,236      8             226,857 
 1158,236      8             227,434 
 1158,236      8             228,112 
 1158,236      8             228,8 
 1158,236      8             229,385 
 1158,236      8             230,031 
 1158,236      8             230,675 
 1158,236      8             231,307 
 1158,236      8             231,945 
 1158,236      8             232,583 
 1158,236      8             233,226 
 1158,236      8             233,883 
 1158,236      8             234,607 
 1158,236      8             235,185 
 1158,236      8             235,809 
 1158,236      8             236,463 
 1158,236      8             237,098 
 1158,236      8             237,686 
 1158,236      8             238,394 
 1158,236      8             239,08 
 1158,236      8             239,732 
 1158,236      8             240,352 
 1158,236      8             240,986 
 1158,236      8             241,676 
 1158,236      8             242,277 
 1158,236      8             242,955 
 1158,236      8             243,603 
 1158,236      8             244,255 
 1158,236      8             244,906 
 1158,236      8             245,544 
 1158,236      8             246,181 
 1158,236      8             246,777 
 1158,236      8             247,408 
 1158,236      8             248,043 
 1158,236      8             248,77 
 1158,236      8             249,391 
 1158,236      8             250,039 
 1158,236      8             250,684 
 1158,236      8             251,333 
 1158,236      8             251,977 
 1158,236      8             252,627 
 1158,236      8             253,215 
 1158,236      8             253,856 
 1158,236      8             254,495 
 1158,236      8             255,135 
 1158,236      8             255,779 
 1158,236      8             256,41 
 1158,236      8             257,055 
 1158,236      8             257,641 
 1158,236      8             258,241 
 1158,236      8             258,876 
 1158,236      8             259,473 
 1158,236      8             260,094 
 1158,236      8             260,688 
 1158,236      8             261,331 
 1158,236      8             262,021 
 1158,236      8             262,676 
 1158,236      8             263,31 
 1158,236      8             263,944 
 1158,236      8             264,648 
 1158,236      8             265,289 
 1158,236      8             265,916 
 1158,236      8             266,511 
 1158,236      8             267,259 
 1158,236      8             267,924 
 1158,236      8             268,554 
 1158,236      8             269,187 
 1158,236      8             269,838 
 1158,236      8             270,482 
 1158,236      8             271,077 
 1158,236      8             271,785 
 1158,236      8             272,492 
 1158,236      8             273,127 
 1158,236      8             273,819 
 1158,236      8             274,526 
 1158,236      8             275,234 
 1158,236      8             275,836 
 1158,236      8             276,478 
 1158,236      8             277,24 
 1158,236      8             277,872 
 1158,236      8             278,471 
 1158,236      8             279,088 
 1158,236      8             279,688 
 1158,236      8             280,323 
 1158,236      8             281,018 
 1158,236      8             281,679 
 1158,236      8             282,297 
 1158,236      8             282,951 
 1158,236      8             283,532 
 1158,236      8             284,175 
 1158,236      8             284,816 
 1158,236      8             285,454 
 1158,236      8             286,099 
 1158,236      8             286,743 
 1158,236      8             287,383 
 1158,236      8             288,02 
 1158,236      8             288,671 
 1158,236      8             289,308 
 1158,236      8             289,938 
 1158,236      8             290,528 
 1158,236      8             291,163 
 1158,236      8             291,861 
 1158,236      8             292,499 
 1158,236      8             293,099 
 1158,236      8             293,79 
 1158,236      8             294,383 
 1158,236      8             295,084 
 1158,236      8             295,706 
 1158,236      8             296,308 
 1158,236      8             297,017 
 1158,236      8             297,718 
 1158,236      8             298,411 
 1158,236      8             299,001 
 1158,236      8             299,655 
 1158,236      8             300,296 
 1158,236      8             300,984 
 1158,236      8             301,697 
 1158,236      8             302,29 
 1158,236      8             302,977 
 1158,236      8             303,563 
 1158,236      8             304,209 
 1158,236      8             304,864 
 1158,236      8             305,547 
 1158,236      8             306,144 
 1158,236      8             306,731 
 1158,236      8             307,37 
 1158,236      8             308,053 
 1158,236      8             308,639 
 1158,236      8             309,411 
 1158,236      8             310,055 
 1158,236      8             310,635 
 1158,236      8             311,283 
 1158,236      8             311,918 
 1158,236      8             312,551 
 1158,236      8             313,188 
 1158,236      8             313,845 
 1158,236      8             314,481 
 1158,236      8             315,127 
 1158,236      8             315,759 
 1158,236      8             316,397 
 1158,236      8             317 
 1158,236      8             317,619 
 1158,236      8             318,208 
 1158,236      8             318,786 
 1158,236      8             319,434 
 1158,236      8             320,064 
 1158,236      8             320,698 
 1158,236      8             321,355 
 1158,236      8             321,989 
 1158,236      8             322,643 
 1158,236      8             323,268 
 1145,647      8             323,865 
 1145,647      8             324,498 
 1145,647      8             325,089 
 1145,647      8             325,765 
 1145,647      8             326,409 
 1145,647      8             327,067 
 1145,647      8             327,712 
 1145,647      8             328,34 
 1145,647      8             328,992 
 1145,647      8             329,617 
 1145,647      8             330,274 
 1145,647      8             330,861 
 1145,647      8             331,498 
 1145,647      8             332,128 
 1145,647      8             332,766 
 1145,647      8             333,369 
 1145,647      8             334,053 
 1145,647      8             334,85 
 1145,647      8             335,53 
 1145,647      8             336,129 
 1145,647      8             336,769 
 1145,647      8             337,453 
 1145,647      8             338,095 
 1145,647      8             338,697 
 1145,647      8             339,388 
 1145,647      8             340,02 
 1145,647      8             340,68 
 1145,647      8             341,323 
 1145,647      8             342,014 
 1145,647      8             342,606 
 1145,647      8             343,239 
 1145,647      8             343,958 
 1145,647      8             344,639 
 1145,647      8             345,293 
 1145,647      8             345,893 
 1145,647      8             346,523 
 1145,647      8             347,176 
 1145,647      8             347,8 
 1145,647      8             348,502 
 1145,647      8             349,103 
 1145,647      8             349,787 
 1145,647      8             350,43 
 1145,647      8             351,101 
 1145,647      8             351,728 
 1145,647      8             352,321 
 1145,647      8             353,07 
 1145,647      8             353,715 
 1145,647      8             354,414 
 1145,647      8             355,051 
 1145,647      8             355,649 
 1145,647      8             356,292 
 1145,647      8             356,884 
 1145,647      8             357,582 
 1145,647      8             358,223 
 1145,647      8             358,851 
 1145,647      8             359,499 
 1145,647      8             360,098 
 1145,647      8             360,78 
 1145,647      8             361,388 
 1145,647      8             362,018 
 1145,647      8             362,601 
 1145,647      8             363,249 
 1145,647      8             363,889 
 1145,647      8             364,468 
 1145,647      8             365,085 
 1145,647      8             365,687 
 1145,647      8             366,326 
 1145,647      8             366,973 
 1145,647      8             367,604 
 1145,647      8             368,188 
 1145,647      8             368,83 
 1145,647      8             369,474 
 1145,647      8             370,104 
 1145,647      8             370,734 
 1145,647      8             371,33 
 1145,647      8             371,967 
 1145,647      8             372,661 
 1145,647      8             373,262 
 1145,647      8             373,896 
 1145,647      8             374,485 
 1145,647      8             375,256 
 1145,647      8             375,952 
 1145,647      8             376,654 
 1145,647      8             377,358 
 1145,647      8             377,956 
 1145,647      8             378,643 
 1145,647      8             379,233 
 1145,647      8             379,931 
 1145,647      8             380,594 
 1145,647      8             381,34 
 1145,647      8             381,938 
 1145,647      8             382,629 
 1145,647      8             383,28 
 1145,647      8             383,917 
 1145,647      8             384,506 
 1145,647      8             385,121 
 1145,647      8             385,725 
 1145,647      8             386,361 
 1074,057      8             386,986 
 1074,057      8             387,589 
 1074,057      8             388,213 
 1074,057      8             388,908 
 1074,057      8             389,562 
 1074,057      8             390,226 
 1074,057      8             390,863 
 1074,057      8             391,513 
 1074,057      8             392,204 
 1074,057      8             392,846 
 1074,057      8             393,491 
 1074,057      8             394,143 
 1074,057      8             394,78 
 1074,057      8             395,471 
 1074,057      8             396,117 
 1074,057      8             396,706 
 1074,057      8             397,338 
 1074,057      8             397,932 
 1074,057      8             398,571 
 1074,057      8             399,223 
 1074,057      8             399,838 
 1074,057      8             400,442 
 1074,057      8             401,072 
 1074,057      8             401,66 
 1074,057      8             402,286 
 1074,057      8             402,922 
 1074,057      8             403,577 
 1074,057      8             404,267 
 1074,057      8             405,002 
 1074,057      8             405,64 
 1074,057      8             406,27 
 1074,057      8             406,875 
 1074,057      8             407,557 
 1074,057      8             408,203 
 1074,057      8             408,847 
 1074,057      8             409,44 
 1074,057      8             410,083 
 1074,057      8             410,71 
 1074,057      8             411,294 
 1074,057      8             411,985 
 1074,057      8             412,588 
 1074,057      8             413,222 
 1074,057      8             413,848 
 1074,057      8             414,447 
 1074,057      8             415,078 
 1074,057      8             415,703 
 1074,057      8             416,35 
 1074,057      8             416,952 
 1074,057      8             417,595 
 1074,057      8             418,244 
 1074,057      8             418,977 
 1074,057      8             419,595 
 1074,057      8             420,292 
 1074,057      8             420,886 
 1074,057      8             421,513 
 1074,057      8             422,165 
 1074,057      8             422,806 
 1074,057      8             423,45 
 1074,057      8             424,097 
 1074,057      8             424,75 
 1074,057      8             425,376 
 1074,057      8             426,026 
 1074,057      8             426,62 
 1074,057      8             427,248 
 1074,057      8             427,85 
 1074,057      8             428,527 
 1074,057      8             429,13 
 1074,057      8             429,708 
 1074,057      8             430,348 
 1074,057      8             431,038 
 1074,057      8             431,628 
 1074,057      8             432,279 
 1074,057      8             432,87 
 1074,057      8             433,517 
 1074,057      8             434,2 
 1074,057      8             434,808 
 1074,057      8             435,443 
 1074,057      8             436,081 
 1074,057      8             436,726 
 1074,057      8             437,307 
 1074,057      8             437,963 
 1074,057      8             438,592 
 1074,057      8             439,239 
 1074,057      8             439,935 
 1074,057      8             440,57 
 1074,057      8             441,173 
 1074,057      8             441,795 
 1074,057      8             442,436 
 1074,057      8             443,079 
 1074,057      8             443,653 
 1074,057      8             444,264 
 1074,057      8             444,956 
 1074,057      8             445,585 
 1074,057      8             446,177 
 1074,057      8             446,819 
 1074,057      8             447,416 
 1074,057      8             448,04 
 1074,057      8             448,635 
 1074,057      8             449,271 
 1074,057      8             449,992 
 1074,057      8             450,581 
 1074,057      8             451,283 
 1074,057      8             451,919 
 1074,057      8             452,505 
 1074,057      8             453,142 
 1074,057      8             453,772 
 1074,057      8             454,407 
 1074,057      8             455,004 
 1074,057      8             455,698 
 1074,057      8             456,352 
 1074,057      8             456,951 
 1074,057      8             457,589 
 1074,057      8             458,177 
 1074,057      8             458,859 
 1074,057      8             459,507 
 1074,057      8             460,139 
 1074,057      8             460,782 
 1074,057      8             461,497 
 1074,057      8             462,158 
 1074,057      8             462,856 
 1074,057      8             463,493 
 1074,057      8             464,092 
 1074,057      8             464,719 
 1074,057      8             465,374 
 1074,057      8             466,067 
 1074,057      8             466,729 
 1074,057      8             467,42 
 1074,057      8             468,091 
 1074,057      8             468,774 
 1074,057      8             469,371 
 1074,057      8             470,056 
 1074,057      8             470,709 
 1074,057      8             471,338 
 1074,057      8             471,982 
 1074,057      8             472,582 
 1074,057      8             473,287 
 1074,057      8             473,937 
 1074,057      8             474,57 
 1074,057      8             475,148 
 1074,057      8             475,796 
 1074,057      8             476,395 
 1074,057      8             477,031 
 1074,057      8             477,612 
 1074,057      8             478,299 
 1074,057      8             478,96 
 1074,057      8             479,58 
 1074,057      8             480,252 
 1074,057      8             480,836 
 1074,057      8             481,424 
 1074,057      8             482,055 
 1074,057      8             482,637 
 1074,057      8             483,228 
 1074,057      8             483,858 
 1074,057      8             484,556 
 1074,057      8             485,2 
 1074,057      8             485,813 
 1074,057      8             486,44 
 1074,057      8             487,024 
 1074,057      8             487,663 
 1074,057      8             488,312 
 1074,057      8             488,949 
 1074,057      8             489,586 
 1074,057      8             490,235 
 1074,057      8             490,881 
 1074,057      8             491,519 
 1074,057      8             492,182 
 1074,057      8             492,811 
 1074,057      8             493,454 
 1074,057      8             494,151 
 1074,057      8             494,751 
 1074,057      8             495,382 
 1074,057      8             495,981 
 1074,057      8             496,626 
 1074,057      8             497,238 
 1074,057      8             497,912 
 1074,057      8             498,501 
 1074,057      8             499,178 
 1074,057      8             499,776 
 1074,057      8             500,406 
 1074,057      8             501,044 
 1074,057      8             501,643 
 1074,057      8             502,319 
 1074,057      8             502,969 
 1074,057      8             503,564 
 1074,057      8             504,215 
 1074,057      8             504,852 
 1074,057      8             505,492 
 1074,057      8             506,136 
 1074,057      8             506,777 
 1074,057      8             507,407 
 1074,057      8             508,044 
 1074,057      8             508,635 
 1074,057      8             509,266 
 1074,057      8             509,932 
 1074,057      8             510,576 
 1074,057      8             511,172 
 1074,057      8             511,795 
 1074,057      8             512,402 
 1074,057      8             513,015 
 1074,057      8             513,658 
 1074,057      8             514,254 
 1074,057      8             514,936 
 1074,057      8             515,538 
 1074,057      8             516,173 
 1074,057      8             516,821 
 1074,057      8             517,456 
 1074,057      8             518,05 
 1074,057      8             518,699 
 1074,057      8             519,339 
 1074,057      8             520,048 
 1074,057      8             520,734 
 1074,057      8             521,396 
 1074,057      8             522,042 
 1074,057      8             522,689 
 1074,057      8             523,324 
 1074,057      8             523,965 
 1074,057      8             524,596 
 1074,057      8             525,204 
 1074,057      8             525,835 
 1074,057      8             526,479 
 1074,057      8             527,109 
 1074,057      8             527,749 
 1074,057      8             528,41 
 1074,057      8             529,062 
 1074,057      8             529,76 
 1074,057      8             530,351 
 1074,057      8             530,988 
 1074,057      8             531,626 
 1074,057      8             532,274 
 1074,057      8             532,916 
 1074,057      8             533,505 
 1074,057      8             534,157 
 1074,057      8             534,785 
 1074,057      8             535,375 
 1074,057      8             536,012 
 1074,057      8             536,603 
 1074,057      8             537,223 
 1074,057      8             537,819 
 1074,057      8             538,441 
 1074,057      8             539,018 
 1074,057      8             539,606 
 1074,057      8             540,348 
 1074,057      8             541,037 
 1074,057      8             541,679 
 1074,057      8             542,342 
 1074,057      8             542,98 
 1074,057      8             543,602 
 1074,057      8             544,245 
 1074,057      8             544,831 
 1074,057      8             545,464 
 1074,057      8             546,082 
 1074,057      8             546,666 
 1074,057      8             547,296 
 1074,057      8             547,94 
 1074,057      8             548,575 
 1074,057      8             549,23 
 1074,057      8             549,865 
 1074,057      8             550,488 
 1074,057      8             551,154 
 1074,057      8             551,824 
 1074,057      8             552,455 
 1074,057      8             553,225 
 1074,057      8             553,849 
 1074,057      8             554,442 
 1074,057      8             555,039 
 1074,057      8             555,663 
 1074,057      8             556,242 
 1074,057      8             556,881 
 1074,057      8             557,515 
 1074,057      8             558,247 
 1074,057      8             558,842 
 1074,057      8             559,476 
 1074,057      8             560,06 
 1074,057      8             560,692 
 1074,057      8             561,407 
 1074,057      8             561,988 
 1074,057      8             562,676 
 1074,057      8             563,266 
 1074,057      8             563,926 
 1074,057      8             564,609 
 1074,057      8             565,196 
 1074,057      8             565,849 
 1074,057      8             566,477 
 1074,057      8             567,129 
 1074,057      8             567,77 
 1074,057      8             568,361 
 1074,057      8             568,991 
 1074,057      8             569,622 
 1074,057      8             570,233 
 1074,057      8             570,821 
 1074,057      8             571,451 
 1074,057      8             572,041 
 1074,057      8             572,735 
 1074,057      8             573,335 
 1074,057      8             573,97 
 1074,057      8             574,555 
 1074,057      8             575,173 
 1074,057      8             575,788 
 1074,057      8             576,413 
 1074,057      8             577,004 
 1074,057      8             577,658 
 1074,057      8             578,271 
 1074,057      8             578,875 
 1074,057      8             579,451 
 1074,057      8             580,068 
 1074,057      8             580,647 
 1074,057      8             581,307 
 1074,057      8             581,958 
 1074,057      8             582,555 
 1074,057      8             583,191 
 1074,057      8             583,821 
 1074,057      8             584,454 
 1074,057      8             585,111 
 1074,057      8             585,692 
 1074,057      8             586,348 
 1074,057      8             587,038 
 1074,057      8             587,623 
 1074,057      8             588,225 
 1074,057      8             588,871 
 1074,057      8             589,562 
 1074,057      8             590,153 
 1074,057      8             590,831 
 1074,057      8             591,478 
 1074,057      8             592,073 
 1074,057      8             592,76 
 1074,057      8             593,356 
 1074,057      8             594,014 
 1074,057      8             594,653 
 1074,057      8             595,236 
 1074,057      8             595,862 
 1074,057      8             596,452 
 1074,057      8             597,099 
 1074,057      8             597,68 
 1074,057      8             598,324 
 1074,057      8             598,951 
 1074,057      8             599,604 
 1074,057      8             600,386 
 1074,057      8             600,976 
 1074,057      8             601,623 
 1074,057      8             602,259 
 1074,057      8             602,898 
 1074,057      8             603,488 
 1074,057      8             604,061 
 1074,057      8             604,766 
 1074,057      8             605,459 
 1074,057      8             606,133 
 1074,057      8             606,755 
 1074,057      8             607,362 
 1074,057      8             608,003 
 1074,057      8             608,619 
 1074,057      8             609,267 
 1074,057      8             609,898 
 1074,057      8             610,548 
 1074,057      8             611,189 
 1074,057      8             611,912 
 1074,057      8             612,509 
 1074,057      8             613,148 
 1074,057      8             613,779 
 1074,057      8             614,367 
 1074,057      8             614,959 
 1074,057      8             615,66 
 1074,057      8             616,351 
 1074,057      8             617,008 
 1074,057      8             617,699 
 1074,057      8             618,308 
 1074,057      8             618,994 
 1074,057      8             619,595 
 1074,057      8             620,229 
 1074,057      8             620,858 
 1074,057      8             621,446 
 1074,057      8             622,08 
 1074,057      8             622,727 
 1074,057      8             623,391 
 1074,057      8             624,032 
 1074,057      8             624,723 
 1074,057      8             625,331 
 1074,057      8             625,956 
 1074,057      8             626,602 
 1074,057      8             627,244 
 1074,057      8             627,883 
 1074,057      8             628,476 
 1074,057      8             629,095 
 1074,057      8             629,687 
 1074,057      8             630,34 
 1074,057      8             630,991 
 1074,057      8             631,704 
 1074,057      8             632,336 
 1074,057      8             633,062 
 1074,057      8             633,705 
 1074,057      8             634,396 
 1074,057      8             634,994 
 1074,057      8             635,676 
 1074,057      8             636,36 
 1074,057      8             636,972 
 1074,057      8             637,629 
 1074,057      8             638,285 
 1074,057      8             638,912 
 1074,057      8             639,506 
 1074,057      8             640,123 
 1074,057      8             640,722 
 1074,057      8             641,343 
 1074,057      8             642,003 
 1074,057      8             642,759 
 1074,057      8             643,497 
 1074,057      8             644,097 
 1074,057      8             644,717 
 1074,057      8             645,318 
 1074,057      8             645,956 
 1074,057      8             646,594 
 1074,057      8             647,188 
 1074,057      8             647,829 
 1074,057      8             648,471 
 1074,057      8             649,055 
 1074,057      8             649,751 
 1074,057      8             650,401 
 1074,057      8             651,05 
 1074,057      8             651,668 
 1074,057      8             652,265 
 1074,057      8             652,885 
 1074,057      8             653,491 
 1074,057      8             654,129 
 1074,057      8             654,878 
 1074,057      8             655,466 
 1074,057      8             656,111 
 1074,057      8             656,739 
 1074,057      8             657,331 
 1074,057      8             657,985 
 1074,057      8             658,621 
 1074,057      8             659,2 
 1074,057      8             659,831 
 1074,057      8             660,475 
 1074,057      8             661,075 
 1074,057      8             661,698 
 1074,057      8             662,352 
 1074,057      8             662,941 
 1074,057      8             663,581 
 1074,057      8             664,159 
 1074,057      8             664,792 
 1074,057      8             665,48 
 1074,057      8             666,139 
 1074,057      8             666,794 
 1074,057      8             667,422 
 1074,057      8             668,057 
 1074,057      8             668,757 
 1074,057      8             669,353 
 1074,057      8             669,989 
 1074,057      8             670,63 
 1074,057      8             671,223 
 1074,057      8             671,864 
 1074,057      8             672,485 
 1074,057      8             673,086 
 1074,057      8             673,701 
 1074,057      8             674,346 
 1074,057      8             675,016 
 1074,057      8             675,659 
 1074,057      8             676,289 
 1074,057      8             676,887 
 1074,057      8             677,518 
 1074,057      8             678,153 
 1074,057      8             678,85 
 1074,057      8             679,496 
 1074,057      8             680,085 
 1074,057      8             680,715 
 1074,057      8             681,415 
 1074,057      8             682,071 
 1074,057      8             682,717 
 1074,057      8             683,296 
 1074,057      8             683,932 
 1074,057      8             684,631 
 1074,057      8             685,276 
 1074,057      8             685,871 
 1074,057      8             686,487 
 1074,057      8             687,128 
 1074,057      8             687,716 
 1074,057      8             688,348 
 1074,057      8             688,996 
 1074,057      8             689,584 
 1074,057      8             690,245 
 1074,057      8             690,868 
 1074,057      8             691,408 
 1074,057      8             692,048 
 1074,057      8             692,743 
 1074,057      8             693,377 
 1074,057      8             693,958 
 1074,057      8             694,606 
 1074,057      8             695,194 
 1074,057      8             695,811 
 1074,057      8             696,398 
 1074,057      8             697,042 
 1074,057      8             697,691 
 1074,057      8             698,277 
 1074,057      8             698,9 
 1074,057      8             699,5 
 1074,057      8             700,136 
 1074,057      8             700,71 
 1074,057      8             701,362 
 1074,057      8             701,986 
 1074,057      8             702,572 
 1074,057      8             703,206 
 1074,057      8             703,804 
 1074,057      8             704,441 
 1074,057      8             705,094 
 1074,057      8             705,708 
 1074,057      8             706,305 
 1074,057      8             706,931 
 1074,057      8             707,585 
 1074,057      8             708,216 
 1074,057      8             708,802 
 1074,057      8             709,43 
 1074,057      8             710,082 
 1074,057      8             710,728 
 1074,057      8             711,353 
 1074,057      8             711,959 
 1074,057      8             712,605 
 1074,057      8             713,22 
 1074,057      8             713,933 
 1074,057      8             714,516 
 1074,057      8             715,145 
 1074,057      8             715,734 
 1074,057      8             716,391 
 1074,057      8             717,028 
 1074,057      8             717,648 
 1074,057      8             718,297 
 1074,057      8             718,93 
 1074,057      8             719,536 
 1074,057      8             720,236 
 1074,057      8             720,82 
 1074,057      8             721,468 
 1074,057      8             722,106 
 1074,057      8             722,697 
 1074,057      8             723,322 
 1074,057      8             723,903 
 1074,057      8             724,543 
 1074,057      8             725,183 
 1074,057      8             725,819 
 1074,057      8             726,462 
 1074,057      8             727,062 
 1074,057      8             727,687 
 1074,057      8             728,385 
 1074,057      8             728,981 
 1074,057      8             729,612 
 1074,057      8             730,203 
 1074,057      8             730,846 
 1074,057      8             731,427 
 1074,057      8             732,108 
 1074,057      8             732,819 
 1074,057      8             733,413 
 1074,057      8             733,996 
 1074,057      8             734,632 
 1074,057      8             735,287 
 1074,057      8             735,927 
 1074,057      8             736,561 
 1074,057      8             737,204 
 1074,057      8             737,796 
 1074,057      8             738,431 
 1074,057      8             739,062 
 1074,057      8             739,767 
 1074,057      8             740,407 
 1074,057      8             741,052 
 1074,057      8             741,644 
 1074,057      8             742,273 
 1074,057      8             742,904 
 1074,057      8             743,502 
 1074,057      8             744,186 
 1074,057      8             744,774 
 1074,057      8             745,406 
 1074,057      8             746,012 
 1074,057      8             746,646 
 1074,057      8             747,347 
 1074,057      8             747,932 
 1074,057      8             748,552 
 1074,057      8             749,266 
 1074,057      8             749,926 
 1074,057      8             750,565 
 1074,057      8             751,15 
 1074,057      8             751,85 
 1074,057      8             752,472 
 1074,057      8             753,121 
 1074,057      8             753,705 
 1074,057      8             754,335 
 1074,057      8             754,974 
 1074,057      8             755,621 
 1074,057      8             756,263 
 1074,057      8             756,912 
 1074,057      8             757,555 
 1074,057      8             758,187 
 1074,057      8             758,79 
 1074,057      8             759,371 
 1074,057      8             760,075 
 1074,057      8             760,755 
 1074,057      8             761,345 
 1074,057      8             762,005 
 1074,057      8             762,637 
 1074,057      8             763,219 
 1074,057      8             763,859 
 1074,057      8             764,441 
 1074,057      8             765,089 
 1074,057      8             765,708 
 1074,057      8             766,307 
 1074,057      8             766,934 
 1074,057      8             767,583 
 1074,057      8             768,219 
 1074,057      8             768,85 
 1074,057      8             769,456 
 1074,057      8             770,143 
 1074,057      8             770,857 
 1074,057      8             771,49 
 1074,057      8             772,135 
 1074,057      8             772,728 
 1074,057      8             773,404 
 1074,057      8             773,998 
 1074,057      8             774,59 
 1074,057      8             775,277 
 1074,057      8             775,856 
 1074,057      8             776,456 
 1074,057      8             777,091 
 1074,057      8             777,721 
 1074,057      8             778,364 
 1074,057      8             778,957 
 1074,057      8             779,594 
 1074,057      8             780,25 
 1074,057      8             780,928 
 1074,057      8             781,524 
 1074,057      8             782,15 
 1074,057      8             782,74 
 1074,057      8             783,448 
 1074,057      8             784,037 
 1074,057      8             784,713 
 1074,057      8             785,383 
 1074,057      8             786,015 
 1074,057      8             786,65 
 1074,057      8             787,246 
 1074,057      8             787,926 
 1074,057      8             788,524 
 1074,057      8             789,156 
 1074,057      8             789,806 
 1074,057      8             790,439 
 1074,057      8             791,081 
 1074,057      8             791,664 
 1074,057      8             792,317 
 1074,057      8             793,015 
 1074,057      8             793,791 
 1074,057      8             794,507 
 1074,057      8             795,143 
 1074,057      8             795,778 
 1074,057      8             796,369 
 1074,057      8             796,994 
 1074,057      8             797,641 
 1074,057      8             798,28 
 1074,057      8             798,875 
 1074,057      8             799,519 
 1074,057      8             800,096 
 1074,057      8             800,726 
 1074,057      8             801,311 
 1074,057      8             801,953 
 1074,057      8             802,576 
 1074,057      8             803,228 
 1074,057      8             803,821 
 1074,057      8             804,501 
 1074,057      8             805,097 
 1074,057      8             805,725 
 1074,057      8             806,317 
 1074,057      8             807,013 
 1074,057      8             807,709 
 1074,057      8             808,312 
 1074,057      8             808,934 
 1074,057      8             809,516 
 1074,057      8             810,119 
 1074,057      8             810,745 
 1074,057      8             811,336 
 1074,057      8             811,972 
 1074,057      8             812,606 
 1074,057      8             813,185 
 1074,057      8             813,833 
 1074,057      8             814,424 
 1074,057      8             815,121 
 1074,057      8             815,767 
 1074,057      8             816,389 
 1074,057      8             816,999 
 1074,057      8             817,629 
 1074,057      8             818,27 
 1074,057      8             818,901 
 1074,057      8             819,499 
 1074,057      8             820,08 
 1074,057      8             820,715 
 1074,057      8             821,351 
 1074,057      8             821,991 
 1074,057      8             822,57 
 1074,057      8             823,163 
 1074,057      8             823,806 
 1074,057      8             824,434 
 1074,057      8             825,034 
 1074,057      8             825,719 
 1074,057      8             826,32 
 1074,057      8             826,944 
 1074,057      8             827,539 
 1074,057      8             828,18 
 1074,057      8             828,817 
 1074,057      8             829,435 
 1074,057      8             830,077 
 1074,057      8             830,672 
 1074,057      8             831,322 
 1074,057      8             831,944 
 1074,057      8             832,542 
 1074,057      8             833,246 
 1074,057      8             833,87 
 1074,057      8             834,506 
 1074,057      8             835,107 
 1074,057      8             835,798 
 1074,057      8             836,528 
 1074,057      8             837,143 
 1074,057      8             837,741 
 1074,057      8             838,376 
 1074,057      8             839,022 
 1074,057      8             839,655 
 1074,057      8             840,261 
 1074,057      8             840,878 
 1074,057      8             841,469 
 1074,057      8             842,056 
 1074,057      8             842,674 
 1074,057      8             843,214 
 1074,057      8             843,842 
 1074,057      8             844,482 
 1074,057      8             845,078 
 1074,057      8             845,718 
 1074,057      8             846,352 
 1074,057      8             846,98 
 1074,057      8             847,564 
 1074,057      8             848,147 
 1074,057      8             848,737 
 1074,057      8             849,369 
 1074,057      8             850,013 
 1074,057      8             850,636 
 1074,057      8             851,243 
 1074,057      8             851,865 
 1074,057      8             852,517 
 1074,057      8             853,108 
 1074,057      8             853,75 
 1074,057      8             854,382 
 1074,057      8             855,017 
 1074,057      8             855,675 
 1074,057      8             856,329 
 1074,057      8             857,011 
 1074,057      8             857,605 
 1074,057      8             858,226 
 1074,057      8             858,831 
 1074,057      8             859,453 
 1074,057      8             860,11 
 1074,057      8             860,755 
 1074,057      8             861,398 
 1074,057      8             862,091 
 1074,057      8             862,681 
 1074,057      8             863,32 
 1074,057      8             863,938 
 1074,057      8             864,582 
 1074,057      8             865,168 
 1074,057      8             865,8 
 1074,057      8             866,385 
 1074,057      8             867,048 
 1074,057      8             867,688 
 1074,057      8             868,322 
 1074,057      8             868,958 
 1074,057      8             869,598 
 1074,057      8             870,253 
 1074,057      8             870,885 
 1074,057      8             871,487 
 1074,057      8             872,133 
 1074,057      8             872,776 
 1074,057      8             873,407 
 1074,057      8             874,119 
 1074,057      8             874,745 
 1074,057      8             875,385 
 1074,057      8             875,974 
 1074,057      8             876,614 
 1074,057      8             877,202 
 1074,057      8             877,857 
 1074,057      8             878,469 
 1074,057      8             879,071 
 1074,057      8             879,707 
 1074,057      8             880,285 
 1074,057      8             880,932 
 1074,057      8             881,569 
 1074,057      8             882,208 
 1074,057      8             882,849 
 1074,057      8             883,508 
 1074,057      8             884,15 
 1074,057      8             884,829 
 1074,057      8             885,484 
 1074,057      8             886,062 
 1074,057      8             886,697 
 1074,057      8             887,305 
 1074,057      8             887,939 
 1074,057      8             888,578 
 1074,057      8             889,163 
 1074,057      8             889,846 
 1074,057      8             890,438 
 1074,057      8             891,077 
 1074,057      8             891,668 
 1074,057      8             892,361 
 1074,057      8             892,994 
 1074,057      8             893,629 
 1074,057      8             894,224 
 1074,057      8             894,812 
 1074,057      8             895,443 
 1074,057      8             896,141 
 1074,057      8             896,736 
 1074,057      8             897,376 
 1074,057      8             897,999 
 1074,057      8             898,595 
 1074,057      8             899,239 
 1074,057      8             899,935 
 1074,057      8             900,542 
 1074,057      8             900,857 
 1074,057      8             901,195 
 1074,057      8             901,537 
 1074,057      8             901,874 
 1074,057      8             902,225 
 1074,057      8             902,559 
 1074,057      8             902,872 
 1074,057      8             903,181 
 1074,057      8             903,497 
 1074,057      8             903,833 
 1074,057      8             904,151 
 1074,057      8             904,451 
 1074,057      8             904,758 
 1074,057      8             905,075 
 1074,057      8             905,412 
 1074,057      8             905,735 
 1074,057      8             906,051 
 1074,057      8             906,351 
 1074,057      8             906,688 
 1074,057      8             907,002 
 1074,057      8             907,296 
 1074,057      8             907,605 
 1074,057      8             907,911 
 1074,057      8             908,248 
 1074,057      8             908,557 
 1074,057      8             908,875 
 1074,057      8             909,216 
 1074,057      8             909,562 
 1074,057      8             909,893 
 1074,057      8             910,243 
 1074,057      8             910,571 
 1074,057      8             910,928 
 1074,057      8             911,334 
 1074,057      8             911,634 
 1074,057      8             911,961 
 1074,057      8             912,3 
 1074,057      8             912,632 
 1074,057      8             912,985 
 1074,057      8             913,293 
 1074,057      8             913,604 
 1074,057      8             913,957 
 1074,057      8             914,243 
 1074,057      8             914,564 
 1074,057      8             914,87 
 1074,057      8             915,19 
 1074,057      8             915,488 
 1074,057      8             915,805 
 1074,057      8             916,124 
 1074,057      8             916,438 
 1074,057      8             916,781 
 1074,057      8             917,101 
 1074,057      8             917,417 
 1074,057      8             917,733 
 1074,057      8             918,072 
 1074,057      8             918,38 
 1074,057      8             918,691 
 1074,057      8             919,076 
 1074,057      8             919,371 
 1074,057      8             919,672 
 1074,057      8             919,987 
 1074,057      8             920,328 
 1074,057      8             920,651 
 1074,057      8             920,982 
 1074,057      8             921,296 
 1074,057      8             921,629 
 1074,057      8             922,187 
 1074,057      8             922,765 
 1074,057      8             923,396 
 1074,057      8             924,004 
 1074,057      8             924,642 
 1074,057      8             925,326 
 1074,057      8             925,978 
 1074,057      8             926,634 
 1074,057      8             927,303 
 1074,057      8             928,134 
 1074,057      8             928,86 
 1074,057      8             929,457 
 1074,057      8             930,169 
 1074,057      8             930,754 
 1074,057      8             931,385 
 1074,057      8             932,041 
 1074,057      8             932,732 
 1074,057      8             933,339 
 1074,057      8             933,973 
 1074,057      8             934,612 
 1074,057      8             935,263 
 1074,057      8             935,906 
 1074,057      8             936,545 
 1074,057      8             937,197 
 1074,057      8             937,806 
 1074,057      8             938,524 
 1074,057      8             939,159 
 1074,057      8             939,815 
 1074,057      8             940,458 
 1074,057      8             941,053 
 1074,057      8             941,688 
 1074,057      8             942,333 
 1074,057      8             942,957 
 1074,057      8             943,596 
 1074,057      8             944,216 
 1074,057      8             944,84 
 1074,057      8             945,437 
 1074,057      8             946,072 
 1074,057      8             946,719 
 1074,057      8             947,308 
 1074,057      8             947,942 
 1074,057      8             948,605 
 1074,057      8             949,295 
 1074,057      8             950,033 
 1074,057      8             950,63 
 1074,057      8             951,321 
 1074,057      8             951,921 
 1074,057      8             952,609 
 1074,057      8             953,194 
 1074,057      8             953,823 
 1074,057      8             954,423 
 1074,057      8             955,07 
 1074,057      8             955,703 
 1074,057      8             956,413 
 1074,057      8             957,063 
 1074,057      8             957,719 
 1074,057      8             958,351 
 1074,057      8             959,013 
 1074,057      8             959,664 
 1074,057      8             960,271 
 1074,057      8             960,913 
 1074,057      8             961,593 
 1074,057      8             962,219 
 1074,057      8             962,858 
 1074,057      8             963,509 
 1074,057      8             964,146 
 1074,057      8             964,751 
 1074,057      8             965,42 
 1074,057      8             966,14 
 1074,057      8             966,794 
 1074,057      8             967,376 
 1074,057      8             968,05 
 1074,057      8             968,682 
 1074,057      8             969,386 
 1074,057      8             970,03 
 1074,057      8             970,74 
 1074,057      8             971,47 
 1074,057      8             972,12 
 1074,057      8             972,774 
 1074,057      8             973,518 
 1074,057      8             974,219 
 1074,057      8             974,885 
 1074,057      8             975,493 
 1074,057      8             976,123 
 1074,057      8             976,758 
 1074,057      8             977,404 
 1074,057      8             978,025 
 1074,057      8             978,62 
 1074,057      8             979,281 
 1074,057      8             979,958 
 1074,057      8             980,601 
 1074,057      8             981,234 
 1074,057      8             981,841 
 1074,057      8             982,468 
 1074,057      8             983,065 
 1074,057      8             983,705 
 1074,057      8             984,402 
 1074,057      8             985,071 
 1074,057      8             985,796 
 1074,057      8             986,498 
 1074,057      8             987,147 
 1074,057      8             987,771 
 1074,057      8             988,359 
 1074,057      8             989,011 
 1074,057      8             989,64 
 1074,057      8             990,354 
 1074,057      8             991,04 
 1074,057      8             991,731 
 1074,057      8             992,376 
 1074,057      8             993,018 
 1074,057      8             993,663 
 1074,057      8             994,305 
 1074,057      8             994,907 
 1074,057      8             995,604 
 1074,057      8             996,294 
 1074,057      8             996,896 
 1074,057      8             997,273 
 1074,057      8             997,605 
 1074,057      8             997,921 
 1074,057      8             998,24 
 1074,057      8             998,577 
 1074,057      8             998,899 
 1074,057      8             999,226 
 1074,057      8             999,795 
