Iteraciones:   1862 

Costo         Vehículos     Tiempo [seg]
 1969,849      13            0,808 
 1969,849      13            1,363 
 1819,833      13            1,934 
 1804,064      13            2,412 
 1720,092      13            2,939 
 1720,092      13            3,334 
 1720,092      13            3,73 
 1720,092      13            4,073 
 1720,092      13            4,435 
 1720,092      13            4,823 
 1720,092      13            5,192 
 1720,092      13            5,582 
 1720,092      13            5,909 
 1720,092      13            6,247 
 1720,092      13            6,578 
 1720,092      13            6,916 
 1720,092      13            7,248 
 1720,092      13            7,624 
 1634,86       13            8,001 
 1634,86       13            8,492 
 1634,86       13            8,956 
 1634,86       13            9,329 
 1634,86       13            9,648 
 1634,86       13            9,979 
 1634,86       13            10,385 
 1634,86       13            10,722 
 1634,86       13            11,031 
 1634,86       13            11,364 
 1634,86       13            11,751 
 1634,86       13            12,128 
 1634,86       13            12,46 
 1634,86       13            12,799 
 1634,86       13            13,165 
 1634,86       13            13,518 
 1634,86       13            13,86 
 1634,86       13            14,226 
 1634,86       13            14,622 
 1634,86       13            14,945 
 1634,86       13            15,278 
 1634,86       13            15,574 
 1634,86       13            15,917 
 1634,86       13            16,28 
 1634,86       13            16,679 
 1634,86       13            17,033 
 1634,86       13            17,428 
 1634,86       13            17,756 
 1634,86       13            18,095 
 1634,86       13            18,467 
 1634,86       13            18,823 
 1634,86       13            19,112 
 1634,86       13            19,436 
 1634,86       13            19,783 
 1634,86       13            20,12 
 1634,86       13            20,463 
 1634,86       13            20,782 
 1634,86       13            21,122 
 1634,86       13            21,456 
 1634,86       13            21,826 
 1634,86       13            22,151 
 1634,86       13            22,496 
 1634,86       13            22,839 
 1634,86       13            23,191 
 1634,86       13            23,528 
 1634,86       13            23,949 
 1634,86       13            24,303 
 1634,86       13            24,612 
 1634,86       13            24,954 
 1634,86       13            25,315 
 1634,86       13            25,732 
 1634,86       13            26,16 
 1634,86       13            26,526 
 1634,86       13            26,874 
 1634,86       13            27,212 
 1634,86       13            27,565 
 1634,86       13            27,967 
 1634,86       13            28,285 
 1634,86       13            28,606 
 1634,86       13            28,977 
 1634,86       13            29,295 
 1634,86       13            29,682 
 1634,86       13            30,032 
 1634,86       13            30,429 
 1634,86       13            30,802 
 1634,86       13            31,152 
 1634,86       13            31,512 
 1634,86       13            31,857 
 1634,86       13            32,26 
 1634,86       13            32,644 
 1634,86       13            33,014 
 1634,86       13            33,342 
 1634,86       13            33,691 
 1634,86       13            34,021 
 1634,86       13            34,335 
 1634,86       13            34,748 
 1634,86       13            35,079 
 1634,86       13            35,457 
 1634,86       13            35,825 
 1634,86       13            36,179 
 1634,86       13            36,52 
 1634,86       13            36,836 
 1634,86       13            37,163 
 1634,86       13            37,517 
 1634,86       13            37,875 
 1634,86       13            38,241 
 1634,86       13            38,569 
 1634,86       13            38,935 
 1634,86       13            39,266 
 1634,86       13            39,595 
 1634,86       13            39,944 
 1634,86       13            40,272 
 1634,86       13            40,574 
 1634,86       13            40,917 
 1634,86       13            41,269 
 1634,86       13            41,604 
 1634,86       13            41,974 
 1634,86       13            42,329 
 1634,86       13            42,656 
 1634,86       13            42,975 
 1634,86       13            43,292 
 1634,86       13            43,627 
 1634,86       13            43,98 
 1634,86       13            44,306 
 1634,86       13            44,686 
 1634,86       13            45,053 
 1634,86       13            45,391 
 1634,86       13            45,714 
 1634,86       13            46,096 
 1634,86       13            46,505 
 1634,86       13            46,86 
 1634,86       13            47,279 
 1634,86       13            47,649 
 1634,86       13            47,998 
 1634,86       13            48,375 
 1634,86       13            48,716 
 1634,86       13            49,082 
 1634,86       13            49,43 
 1634,86       13            49,794 
 1634,86       13            50,147 
 1634,86       13            50,523 
 1634,86       13            50,895 
 1634,86       13            51,215 
 1634,86       13            51,569 
 1634,86       13            51,897 
 1634,86       13            52,315 
 1634,86       13            52,807 
 1634,86       13            53,216 
 1634,86       13            53,56 
 1634,86       13            53,899 
 1634,86       13            54,245 
 1634,86       13            54,571 
 1634,86       13            54,943 
 1634,86       13            55,293 
 1634,233      13            55,662 
 1622,065      13            56,009 
 1622,065      13            56,351 
 1622,065      13            56,678 
 1622,065      13            57,008 
 1622,065      13            57,372 
 1622,065      13            57,786 
 1622,065      13            58,2 
 1622,065      13            58,576 
 1622,065      13            58,948 
 1622,065      13            59,274 
 1622,065      13            59,667 
 1622,065      13            60,058 
 1622,065      13            60,426 
 1622,065      13            60,793 
 1622,065      13            61,162 
 1622,065      13            61,554 
 1622,065      13            61,902 
 1622,065      13            62,279 
 1622,065      13            62,606 
 1622,065      13            62,949 
 1622,065      13            63,302 
 1605,329      13            63,652 
 1605,329      13            63,979 
 1605,329      13            64,319 
 1605,329      13            64,656 
 1605,329      13            64,991 
 1605,329      13            65,354 
 1605,329      13            65,718 
 1605,329      13            66,086 
 1605,329      13            66,446 
 1605,329      13            66,764 
 1605,329      13            67,068 
 1605,329      13            67,414 
 1605,329      13            67,73 
 1605,329      13            68,072 
 1605,329      13            68,432 
 1605,329      13            68,833 
 1605,329      13            69,196 
 1605,329      13            69,545 
 1605,329      13            69,869 
 1605,329      13            70,212 
 1605,329      13            70,524 
 1605,329      13            70,889 
 1605,329      13            71,237 
 1605,329      13            71,817 
 1605,329      13            72,679 
 1605,329      13            73,426 
 1605,329      13            74,027 
 1605,329      13            74,751 
 1605,329      13            75,406 
 1605,329      13            76,271 
 1605,329      13            77,148 
 1605,329      13            77,926 
 1605,329      13            78,639 
 1605,329      13            79,294 
 1605,329      13            79,988 
 1605,329      13            80,897 
 1605,329      13            81,659 
 1605,329      13            82,372 
 1605,329      13            83,024 
 1605,329      13            83,675 
 1605,329      13            84,392 
 1605,329      13            85,143 
 1605,329      13            85,8 
 1605,329      13            86,504 
 1605,329      13            87,223 
 1605,329      13            87,874 
 1605,329      13            88,603 
 1605,329      13            89,286 
 1605,329      13            90,075 
 1605,329      13            90,831 
 1605,329      13            91,531 
 1605,329      13            92,273 
 1605,329      13            92,999 
 1605,329      13            93,72 
 1605,329      13            94,346 
 1605,329      13            95,014 
 1605,329      13            95,7 
 1605,329      13            96,473 
 1605,329      13            97,147 
 1605,329      13            97,912 
 1605,329      13            98,64 
 1605,329      13            99,321 
 1605,329      13            100,018 
 1605,329      13            100,73 
 1605,329      13            101,373 
 1605,329      13            102,016 
 1605,329      13            102,73 
 1605,329      13            103,324 
 1605,329      13            104,042 
 1605,329      13            104,836 
 1594,297      13            105,582 
 1594,297      13            106,31 
 1594,297      13            106,975 
 1594,297      13            107,678 
 1594,297      13            108,325 
 1594,297      13            108,989 
 1594,297      13            109,672 
 1594,297      13            110,345 
 1594,297      13            110,934 
 1594,297      13            111,734 
 1594,297      13            112,51 
 1594,297      13            113,247 
 1594,297      13            113,947 
 1594,297      13            114,75 
 1594,297      13            115,443 
 1594,297      13            116,172 
 1594,297      13            116,841 
 1594,297      13            117,569 
 1594,297      13            118,268 
 1594,297      13            118,999 
 1594,297      13            119,636 
 1594,297      13            120,327 
 1594,297      13            121,005 
 1594,297      13            121,741 
 1594,297      13            122,394 
 1594,297      13            123,059 
 1594,297      13            123,725 
 1594,297      13            124,398 
 1594,297      13            125,061 
 1594,297      13            125,787 
 1594,297      13            126,587 
 1594,297      13            127,245 
 1594,297      13            128,005 
 1594,297      13            128,623 
 1594,297      13            129,386 
 1594,297      13            130,07 
 1594,297      13            130,784 
 1594,297      13            131,471 
 1594,297      13            132,139 
 1594,297      13            133,012 
 1594,297      13            133,673 
 1594,297      13            134,404 
 1594,297      13            135,093 
 1594,297      13            135,878 
 1594,297      13            136,545 
 1594,297      13            137,512 
 1594,297      13            138,249 
 1594,297      13            139,008 
 1594,297      13            139,645 
 1594,297      13            140,307 
 1594,297      13            140,963 
 1594,297      13            141,619 
 1594,297      13            142,309 
 1594,297      13            142,917 
 1594,297      13            143,631 
 1594,297      13            144,337 
 1594,297      13            145,038 
 1594,297      13            145,726 
 1594,297      13            146,448 
 1594,297      13            147,226 
 1594,297      13            147,895 
 1594,297      13            148,662 
 1594,297      13            149,464 
 1594,297      13            150,186 
 1594,297      13            150,91 
 1594,297      13            151,632 
 1594,297      13            152,292 
 1594,297      13            152,972 
 1594,297      13            153,624 
 1594,297      13            154,423 
 1594,297      13            155,323 
 1594,297      13            156,124 
 1594,297      13            156,78 
 1594,297      13            157,531 
 1594,297      13            158,278 
 1594,297      13            158,978 
 1594,297      13            159,706 
 1594,297      13            160,382 
 1594,297      13            161,082 
 1594,297      13            161,792 
 1594,297      13            162,518 
 1594,297      13            163,244 
 1594,297      13            164,08 
 1594,297      13            164,673 
 1594,297      13            165,311 
 1594,297      13            165,975 
 1594,297      13            166,679 
 1594,297      13            167,401 
 1594,297      13            168,035 
 1594,297      13            168,673 
 1594,297      13            169,395 
 1594,297      13            170,102 
 1594,297      13            170,734 
 1594,297      13            171,382 
 1594,297      13            172,043 
 1594,297      13            172,692 
 1594,297      13            173,406 
 1594,297      13            174,049 
 1594,297      13            174,705 
 1594,297      13            175,351 
 1594,297      13            176,122 
 1594,297      13            176,768 
 1594,297      13            177,464 
 1594,297      13            178,184 
 1594,297      13            178,89 
 1594,297      13            179,7 
 1594,297      13            180,489 
 1594,297      13            181,198 
 1594,297      13            181,97 
 1594,297      13            182,679 
 1594,297      13            183,401 
 1594,297      13            184,056 
 1594,297      13            184,756 
 1594,297      13            185,524 
 1594,297      13            186,184 
 1594,297      13            186,903 
 1594,297      13            187,547 
 1594,297      13            188,261 
 1594,297      13            188,977 
 1594,297      13            189,691 
 1594,297      13            190,403 
 1594,297      13            191,044 
 1594,297      13            191,753 
 1594,297      13            192,479 
 1594,297      13            193,121 
 1594,297      13            193,822 
 1594,297      13            194,485 
 1594,297      13            195,184 
 1594,297      13            195,917 
 1594,297      13            196,569 
 1594,297      13            197,24 
 1594,297      13            198,019 
 1594,297      13            198,705 
 1594,297      13            199,432 
 1594,297      13            200,095 
 1594,297      13            200,756 
 1594,297      13            201,422 
 1594,297      13            202,106 
 1594,297      13            202,805 
 1594,297      13            203,604 
 1594,297      13            204,323 
 1594,297      13            205,016 
 1594,297      13            205,662 
 1594,297      13            206,326 
 1594,297      13            207,016 
 1594,297      13            207,724 
 1594,297      13            208,436 
 1594,297      13            209,073 
 1594,297      13            209,795 
 1594,297      13            210,512 
 1594,297      13            211,147 
 1594,297      13            211,92 
 1594,297      13            212,613 
 1594,297      13            213,277 
 1594,297      13            213,98 
 1594,297      13            214,618 
 1594,297      13            215,281 
 1594,297      13            215,91 
 1594,297      13            216,729 
 1594,297      13            217,44 
 1594,297      13            218,129 
 1594,297      13            218,815 
 1594,297      13            219,534 
 1594,297      13            220,301 
 1594,297      13            221,011 
 1594,297      13            221,722 
 1594,297      13            222,426 
 1594,297      13            223,091 
 1594,297      13            223,784 
 1594,297      13            224,552 
 1594,297      13            225,211 
 1594,297      13            225,926 
 1594,297      13            226,684 
 1594,297      13            227,384 
 1594,297      13            228,083 
 1594,297      13            228,665 
 1594,297      13            229,323 
 1594,297      13            230,215 
 1594,297      13            231,004 
 1594,297      13            231,696 
 1594,297      13            232,397 
 1594,297      13            233,128 
 1594,297      13            233,893 
 1594,297      13            234,59 
 1594,297      13            235,256 
 1594,297      13            236,006 
 1594,297      13            236,664 
 1594,297      13            237,422 
 1594,297      13            238,087 
 1594,297      13            238,851 
 1594,297      13            239,553 
 1594,297      13            240,259 
 1594,297      13            240,958 
 1594,297      13            241,602 
 1594,297      13            242,256 
 1594,297      13            242,952 
 1594,297      13            243,617 
 1594,297      13            244,366 
 1594,297      13            245,018 
 1594,297      13            245,666 
 1594,297      13            246,315 
 1594,297      13            246,963 
 1594,297      13            247,713 
 1594,297      13            248,439 
 1594,297      13            249,096 
 1594,297      13            249,862 
 1594,297      13            250,563 
 1594,297      13            251,264 
 1594,297      13            251,97 
 1594,297      13            252,669 
 1594,297      13            253,33 
 1594,297      13            254,094 
 1594,297      13            254,759 
 1594,297      13            255,507 
 1594,297      13            256,222 
 1594,297      13            256,93 
 1594,297      13            257,585 
 1594,297      13            258,266 
 1594,297      13            258,987 
 1588,056      13            259,691 
 1588,056      13            260,355 
 1588,056      13            261,045 
 1588,056      13            261,771 
 1588,056      13            262,597 
 1588,056      13            263,227 
 1588,056      13            263,881 
 1587,371      13            264,575 
 1587,371      13            265,182 
 1587,371      13            265,825 
 1587,371      13            266,472 
 1587,371      13            267,133 
 1587,371      13            267,842 
 1587,371      13            268,567 
 1587,371      13            269,332 
 1587,371      13            269,976 
 1587,371      13            270,67 
 1587,371      13            271,339 
 1587,371      13            272,035 
 1587,371      13            272,735 
 1587,371      13            273,39 
 1587,371      13            274,167 
 1587,371      13            274,802 
 1587,371      13            275,513 
 1587,371      13            276,333 
 1587,371      13            276,938 
 1587,371      13            277,563 
 1587,371      13            278,165 
 1587,371      13            278,804 
 1587,371      13            279,397 
 1587,371      13            280,033 
 1587,371      13            280,654 
 1583,139      13            281,256 
 1583,139      13            281,968 
 1583,139      13            282,657 
 1583,139      13            283,306 
 1583,139      13            284,007 
 1583,139      13            284,911 
 1583,139      13            285,625 
 1583,139      13            286,344 
 1583,139      13            287,18 
 1583,139      13            287,891 
 1583,139      13            288,585 
 1583,139      13            289,282 
 1583,139      13            289,941 
 1583,139      13            290,634 
 1583,139      13            291,295 
 1583,139      13            292,053 
 1583,139      13            292,714 
 1583,139      13            293,429 
 1583,139      13            294,179 
 1583,139      13            294,822 
 1583,139      13            295,473 
 1583,139      13            296,185 
 1583,139      13            296,826 
 1583,139      13            297,449 
 1583,139      13            298,217 
 1583,139      13            298,864 
 1583,139      13            299,504 
 1583,139      13            300,154 
 1583,139      13            300,848 
 1583,139      13            301,63 
 1583,139      13            302,266 
 1583,139      13            302,925 
 1583,139      13            303,565 
 1583,139      13            304,334 
 1583,139      13            304,966 
 1583,139      13            305,627 
 1583,139      13            306,392 
 1583,139      13            307,032 
 1583,139      13            307,746 
 1583,139      13            308,403 
 1583,139      13            309,085 
 1583,139      13            309,755 
 1583,139      13            310,385 
 1583,139      13            311,037 
 1583,139      13            311,672 
 1583,139      13            312,308 
 1583,139      13            312,953 
 1583,139      13            313,606 
 1583,139      13            314,294 
 1583,139      13            314,958 
 1583,139      13            315,593 
 1583,139      13            316,246 
 1583,139      13            316,88 
 1583,139      13            317,589 
 1583,139      13            318,218 
 1583,139      13            318,936 
 1583,139      13            319,588 
 1583,139      13            320,298 
 1583,139      13            320,994 
 1583,139      13            321,711 
 1583,139      13            322,365 
 1583,139      13            323,065 
 1583,139      13            323,708 
 1583,139      13            324,473 
 1583,139      13            325,12 
 1583,139      13            325,895 
 1583,139      13            326,54 
 1583,139      13            327,25 
 1583,139      13            327,92 
 1583,139      13            328,52 
 1583,139      13            329,271 
 1583,139      13            330,045 
 1583,139      13            330,703 
 1583,139      13            331,409 
 1583,139      13            332,179 
 1583,139      13            332,878 
 1583,139      13            333,601 
 1583,139      13            334,44 
 1583,139      13            335,209 
 1583,139      13            335,856 
 1583,139      13            336,514 
 1583,139      13            337,231 
 1583,139      13            337,872 
 1583,139      13            338,633 
 1583,139      13            339,228 
 1583,139      13            339,941 
 1583,139      13            340,575 
 1583,139      13            341,346 
 1583,139      13            342,057 
 1583,139      13            342,775 
 1583,139      13            343,461 
 1583,139      13            344,102 
 1583,139      13            344,696 
 1583,139      13            345,386 
 1583,139      13            346,059 
 1583,139      13            346,689 
 1583,139      13            347,392 
 1583,139      13            348,088 
 1583,139      13            348,734 
 1583,139      13            349,438 
 1583,139      13            350,03 
 1583,139      13            350,669 
 1583,139      13            351,366 
 1583,139      13            352,013 
 1583,139      13            352,8 
 1583,139      13            353,425 
 1583,139      13            354,023 
 1583,139      13            354,724 
 1583,139      13            355,359 
 1583,139      13            356,003 
 1583,139      13            356,647 
 1583,139      13            357,314 
 1583,139      13            357,954 
 1583,139      13            358,707 
 1583,139      13            359,434 
 1583,139      13            360,253 
 1583,139      13            360,949 
 1583,139      13            361,735 
 1583,139      13            362,364 
 1583,139      13            363,071 
 1583,139      13            363,68 
 1583,139      13            364,378 
 1583,139      13            365,077 
 1583,139      13            365,787 
 1583,139      13            366,505 
 1583,139      13            367,149 
 1583,139      13            367,843 
 1583,139      13            368,557 
 1583,139      13            369,265 
 1583,139      13            369,969 
 1583,139      13            370,619 
 1583,139      13            371,318 
 1583,139      13            372,015 
 1583,139      13            372,666 
 1583,139      13            373,373 
 1583,139      13            374,038 
 1583,139      13            374,736 
 1583,139      13            375,433 
 1583,139      13            376,085 
 1583,139      13            376,673 
 1583,139      13            377,303 
 1583,139      13            377,945 
 1583,139      13            378,735 
 1583,139      13            379,44 
 1583,139      13            380,095 
 1583,139      13            380,849 
 1583,139      13            381,479 
 1583,139      13            382,101 
 1583,139      13            382,812 
 1583,139      13            383,462 
 1583,139      13            384,287 
 1583,139      13            385,003 
 1583,139      13            385,662 
 1583,139      13            386,363 
 1583,139      13            387,02 
 1583,139      13            387,708 
 1583,139      13            388,361 
 1583,139      13            389,018 
 1583,139      13            389,783 
 1583,139      13            390,485 
 1583,139      13            391,133 
 1583,139      13            391,776 
 1583,139      13            392,544 
 1583,139      13            393,262 
 1583,139      13            393,956 
 1583,139      13            394,614 
 1583,139      13            395,314 
 1583,139      13            395,968 
 1583,139      13            396,728 
 1583,139      13            397,455 
 1583,139      13            398,224 
 1583,139      13            398,928 
 1583,139      13            399,64 
 1583,139      13            400,363 
 1583,139      13            401,057 
 1583,139      13            401,775 
 1583,139      13            402,404 
 1583,139      13            403,101 
 1583,139      13            403,698 
 1583,139      13            404,391 
 1583,139      13            404,984 
 1583,139      13            405,69 
 1583,139      13            406,388 
 1583,139      13            407,039 
 1583,139      13            407,806 
 1583,139      13            408,518 
 1583,139      13            409,118 
 1583,139      13            409,752 
 1583,139      13            410,396 
 1583,139      13            411,232 
 1583,139      13            411,877 
 1583,139      13            412,66 
 1583,139      13            413,346 
 1583,139      13            413,999 
 1583,139      13            414,648 
 1583,139      13            415,302 
 1583,139      13            415,995 
 1583,139      13            416,707 
 1583,139      13            417,411 
 1583,139      13            418,065 
 1583,139      13            418,766 
 1583,139      13            419,458 
 1583,139      13            420,128 
 1583,139      13            420,83 
 1583,139      13            421,523 
 1583,139      13            422,186 
 1583,139      13            422,889 
 1583,139      13            423,65 
 1583,139      13            424,31 
 1583,139      13            425,014 
 1583,139      13            425,758 
 1583,139      13            426,422 
 1583,139      13            427,009 
 1583,139      13            427,69 
 1583,139      13            428,402 
 1583,139      13            429,107 
 1583,139      13            429,763 
 1583,139      13            430,454 
 1583,139      13            431,123 
 1583,139      13            431,754 
 1583,139      13            432,389 
 1583,139      13            433,106 
 1583,139      13            433,868 
 1583,139      13            434,519 
 1583,139      13            435,233 
 1583,139      13            435,991 
 1583,139      13            436,719 
 1583,139      13            437,491 
 1583,139      13            438,25 
 1583,139      13            439,102 
 1583,139      13            439,847 
 1583,139      13            440,517 
 1583,139      13            441,22 
 1583,139      13            441,982 
 1583,139      13            442,679 
 1583,139      13            443,413 
 1583,139      13            444,029 
 1583,139      13            444,684 
 1583,139      13            445,386 
 1583,139      13            446,033 
 1583,139      13            446,759 
 1583,139      13            447,514 
 1583,139      13            448,214 
 1583,139      13            448,874 
 1583,139      13            449,533 
 1583,139      13            450,15 
 1583,139      13            450,862 
 1583,139      13            451,458 
 1583,139      13            452,23 
 1583,139      13            452,929 
 1583,139      13            453,595 
 1583,139      13            454,302 
 1583,139      13            454,949 
 1583,139      13            455,594 
 1583,139      13            456,308 
 1583,139      13            457,138 
 1583,139      13            457,788 
 1583,139      13            458,516 
 1583,139      13            459,164 
 1583,139      13            459,872 
 1583,139      13            460,508 
 1583,139      13            461,139 
 1583,139      13            461,736 
 1583,139      13            462,57 
 1583,139      13            463,263 
 1583,139      13            463,917 
 1583,139      13            464,558 
 1583,139      13            465,212 
 1583,139      13            465,983 
 1583,139      13            466,622 
 1583,139      13            467,379 
 1583,139      13            468,11 
 1583,139      13            468,696 
 1583,139      13            469,396 
 1583,139      13            470,035 
 1583,139      13            470,804 
 1583,139      13            471,574 
 1583,139      13            472,208 
 1583,139      13            472,855 
 1583,139      13            473,452 
 1583,139      13            474,039 
 1583,139      13            474,735 
 1583,139      13            475,389 
 1583,139      13            476,028 
 1583,139      13            476,613 
 1583,139      13            477,253 
 1583,139      13            477,973 
 1583,139      13            478,657 
 1583,139      13            479,257 
 1583,139      13            479,951 
 1583,139      13            480,586 
 1583,139      13            481,244 
 1583,139      13            481,955 
 1583,139      13            482,583 
 1583,139      13            483,245 
 1583,139      13            483,922 
 1583,139      13            484,57 
 1583,139      13            485,141 
 1583,139      13            485,771 
 1583,139      13            486,364 
 1583,139      13            487,131 
 1583,139      13            487,721 
 1583,139      13            488,371 
 1583,139      13            489,053 
 1583,139      13            489,783 
 1583,139      13            490,484 
 1583,139      13            491,143 
 1583,139      13            491,949 
 1583,139      13            492,602 
 1583,139      13            493,252 
 1583,139      13            494,013 
 1583,139      13            494,717 
 1583,139      13            495,36 
 1583,139      13            496,2 
 1583,139      13            496,8 
 1583,139      13            497,44 
 1583,139      13            498,137 
 1583,139      13            498,839 
 1583,139      13            499,501 
 1583,139      13            500,086 
 1583,139      13            500,721 
 1583,139      13            501,412 
 1583,139      13            502,067 
 1583,139      13            502,709 
 1583,139      13            503,353 
 1583,139      13            503,981 
 1583,139      13            504,578 
 1583,139      13            505,348 
 1583,139      13            506,059 
 1583,139      13            506,826 
 1583,139      13            507,425 
 1583,139      13            508,194 
 1583,139      13            508,907 
 1583,139      13            509,604 
 1583,139      13            510,302 
 1583,139      13            511,03 
 1583,139      13            511,774 
 1583,139      13            512,447 
 1583,139      13            513,155 
 1583,139      13            513,833 
 1583,139      13            514,604 
 1583,139      13            515,302 
 1583,139      13            515,952 
 1583,139      13            516,709 
 1583,139      13            517,368 
 1583,139      13            518,03 
 1583,139      13            518,682 
 1583,139      13            519,331 
 1583,139      13            520,157 
 1583,139      13            520,853 
 1583,139      13            521,571 
 1583,139      13            522,284 
 1583,139      13            523 
 1583,139      13            523,703 
 1583,139      13            524,35 
 1583,139      13            525,126 
 1583,139      13            525,873 
 1583,139      13            526,539 
 1583,139      13            527,177 
 1583,139      13            527,89 
 1583,139      13            528,535 
 1583,139      13            529,166 
 1583,139      13            529,813 
 1583,139      13            530,466 
 1583,139      13            531,149 
 1583,139      13            531,741 
 1578,133      13            532,391 
 1578,133      13            533,08 
 1578,133      13            533,745 
 1578,133      13            534,365 
 1578,133      13            535,022 
 1578,133      13            535,654 
 1578,133      13            536,32 
 1578,133      13            537,073 
 1578,133      13            537,863 
 1578,133      13            538,573 
 1578,133      13            539,334 
 1578,133      13            539,983 
 1578,133      13            540,766 
 1578,133      13            541,405 
 1578,133      13            542,099 
 1578,133      13            542,747 
 1578,133      13            543,408 
 1578,133      13            544,076 
 1578,133      13            544,734 
 1578,133      13            545,375 
 1578,133      13            546,026 
 1578,133      13            546,723 
 1578,133      13            547,415 
 1578,133      13            548,075 
 1578,133      13            548,775 
 1578,133      13            549,476 
 1578,133      13            550,078 
 1578,133      13            550,833 
 1578,133      13            551,553 
 1578,133      13            552,19 
 1578,133      13            552,826 
 1578,133      13            553,421 
 1578,133      13            554,107 
 1578,133      13            554,774 
 1578,133      13            555,452 
 1578,133      13            556,061 
 1578,133      13            556,747 
 1578,133      13            557,387 
 1578,133      13            558,046 
 1578,133      13            558,738 
 1578,133      13            559,39 
 1578,133      13            559,976 
 1578,133      13            560,619 
 1578,133      13            561,327 
 1578,133      13            562,152 
 1578,133      13            562,791 
 1578,133      13            563,441 
 1578,133      13            564,1 
 1578,133      13            564,683 
 1578,133      13            565,396 
 1578,133      13            566,094 
 1578,133      13            566,783 
 1578,133      13            567,495 
 1578,133      13            568,156 
 1578,133      13            568,85 
 1578,133      13            569,568 
 1578,133      13            570,279 
 1578,133      13            570,919 
 1578,133      13            571,612 
 1578,133      13            572,206 
 1578,133      13            572,899 
 1578,133      13            573,516 
 1578,133      13            574,183 
 1578,133      13            574,887 
 1578,133      13            575,591 
 1578,133      13            576,249 
 1578,133      13            576,942 
 1578,133      13            577,599 
 1578,133      13            578,239 
 1578,133      13            578,946 
 1578,133      13            579,606 
 1578,133      13            580,309 
 1578,133      13            581,01 
 1578,133      13            581,72 
 1578,133      13            582,438 
 1578,133      13            583,184 
 1578,133      13            583,849 
 1578,133      13            584,501 
 1578,133      13            585,079 
 1578,133      13            585,765 
 1578,133      13            586,481 
 1578,133      13            587,125 
 1578,133      13            587,784 
 1578,133      13            588,468 
 1578,133      13            589,124 
 1578,133      13            589,781 
 1578,133      13            590,411 
 1578,133      13            591,12 
 1578,133      13            591,772 
 1578,133      13            592,521 
 1578,133      13            593,111 
 1578,133      13            593,771 
 1578,133      13            594,413 
 1578,133      13            595,104 
 1578,133      13            595,806 
 1578,133      13            596,469 
 1578,133      13            597,238 
 1578,133      13            597,931 
 1578,133      13            598,585 
 1578,133      13            599,284 
 1578,133      13            599,917 
 1578,133      13            600,586 
 1578,133      13            601,296 
 1578,133      13            601,975 
 1578,133      13            602,623 
 1578,133      13            603,21 
 1578,133      13            603,821 
 1578,133      13            604,468 
 1578,133      13            605,122 
 1578,133      13            605,777 
 1578,133      13            606,479 
 1578,133      13            607,17 
 1578,133      13            607,833 
 1578,133      13            608,476 
 1578,133      13            609,174 
 1578,133      13            609,768 
 1578,133      13            610,458 
 1578,133      13            611,103 
 1578,133      13            611,8 
 1578,133      13            612,508 
 1578,133      13            613,155 
 1578,133      13            613,815 
 1578,133      13            614,578 
 1578,133      13            615,235 
 1578,133      13            615,94 
 1578,133      13            616,588 
 1578,133      13            617,334 
 1578,133      13            617,997 
 1578,133      13            618,637 
 1578,133      13            619,28 
 1578,133      13            619,94 
 1578,133      13            620,639 
 1578,133      13            621,284 
 1578,133      13            621,923 
 1578,133      13            622,559 
 1578,133      13            623,262 
 1578,133      13            623,918 
 1578,133      13            624,63 
 1578,133      13            625,255 
 1578,133      13            626,024 
 1578,133      13            626,667 
 1578,133      13            627,311 
 1578,133      13            627,904 
 1578,133      13            628,497 
 1578,133      13            629,13 
 1578,133      13            629,764 
 1578,133      13            630,431 
 1578,133      13            631,141 
 1578,133      13            631,761 
 1578,133      13            632,344 
 1578,133      13            632,934 
 1578,133      13            633,652 
 1578,133      13            634,382 
 1578,133      13            635,033 
 1578,133      13            635,679 
 1578,133      13            636,316 
 1578,133      13            636,96 
 1578,133      13            637,683 
 1578,133      13            638,404 
 1578,133      13            639,09 
 1578,133      13            639,747 
 1578,133      13            640,384 
 1578,133      13            641,08 
 1578,133      13            641,745 
 1578,133      13            642,368 
 1578,133      13            642,966 
 1578,133      13            643,671 
 1578,133      13            644,37 
 1578,133      13            645,082 
 1578,133      13            645,729 
 1578,133      13            646,386 
 1578,133      13            647,025 
 1578,133      13            647,657 
 1578,133      13            648,253 
 1578,133      13            649,009 
 1578,133      13            649,657 
 1578,133      13            650,289 
 1578,133      13            651,071 
 1578,133      13            651,843 
 1578,133      13            652,491 
 1578,133      13            653,137 
 1578,133      13            653,778 
 1578,133      13            654,427 
 1578,133      13            655,176 
 1578,133      13            655,773 
 1578,133      13            656,479 
 1578,133      13            657,11 
 1578,133      13            657,826 
 1578,133      13            658,472 
 1578,133      13            659,188 
 1578,133      13            659,877 
 1578,133      13            660,526 
 1578,133      13            661,221 
 1578,133      13            661,883 
 1578,133      13            662,513 
 1578,133      13            663,158 
 1578,133      13            663,834 
 1578,133      13            664,479 
 1578,133      13            665,147 
 1578,133      13            665,917 
 1578,133      13            666,562 
 1578,133      13            667,247 
 1578,133      13            667,901 
 1578,133      13            668,656 
 1578,133      13            669,258 
 1578,133      13            669,941 
 1578,133      13            670,665 
 1578,133      13            671,319 
 1578,133      13            672,009 
 1578,133      13            672,734 
 1578,133      13            673,365 
 1578,133      13            674,061 
 1578,133      13            674,717 
 1578,133      13            675,424 
 1578,133      13            676,062 
 1578,133      13            676,701 
 1578,133      13            677,357 
 1578,133      13            678,073 
 1578,133      13            678,765 
 1578,133      13            679,469 
 1578,133      13            680,137 
 1578,133      13            680,775 
 1578,133      13            681,426 
 1578,133      13            682,123 
 1578,133      13            682,71 
 1578,133      13            683,392 
 1578,133      13            683,978 
 1578,133      13            684,641 
 1578,133      13            685,286 
 1578,133      13            685,975 
 1578,133      13            686,565 
 1578,133      13            687,215 
 1578,133      13            687,914 
 1578,133      13            688,549 
 1578,133      13            689,279 
 1578,133      13            689,961 
 1578,133      13            690,496 
 1578,133      13            691,202 
 1578,133      13            691,848 
 1578,133      13            692,481 
 1578,133      13            693,174 
 1578,133      13            693,804 
 1578,133      13            694,464 
 1578,133      13            695,273 
 1578,133      13            695,924 
 1578,133      13            696,52 
 1578,133      13            697,141 
 1578,133      13            697,861 
 1578,133      13            698,584 
 1578,133      13            699,245 
 1578,133      13            699,898 
 1578,133      13            700,587 
 1578,133      13            701,283 
 1578,133      13            701,952 
 1578,133      13            702,654 
 1578,133      13            703,284 
 1578,133      13            704,005 
 1578,133      13            704,706 
 1578,133      13            705,366 
 1578,133      13            706,048 
 1578,133      13            706,707 
 1578,133      13            707,346 
 1578,133      13            707,937 
 1578,133      13            708,639 
 1578,133      13            709,265 
 1578,133      13            709,972 
 1578,133      13            710,572 
 1578,133      13            711,22 
 1578,133      13            711,851 
 1578,133      13            712,488 
 1578,133      13            713,129 
 1578,133      13            713,799 
 1578,133      13            714,501 
 1578,133      13            715,149 
 1578,133      13            715,907 
 1578,133      13            716,5 
 1578,133      13            717,132 
 1578,133      13            717,762 
 1578,133      13            718,369 
 1578,133      13            719,062 
 1578,133      13            719,761 
 1578,133      13            720,371 
 1578,133      13            721,063 
 1578,133      13            721,706 
 1578,133      13            722,472 
 1578,133      13            723,111 
 1578,133      13            723,776 
 1578,133      13            724,437 
 1578,133      13            725,145 
 1578,133      13            725,861 
 1578,133      13            726,458 
 1578,133      13            727,139 
 1578,133      13            727,733 
 1578,133      13            728,322 
 1578,133      13            729,079 
 1578,133      13            729,713 
 1578,133      13            730,378 
 1578,133      13            731,127 
 1578,133      13            731,785 
 1578,133      13            732,364 
 1578,133      13            733,005 
 1578,133      13            733,723 
 1578,133      13            734,309 
 1578,133      13            735,014 
 1578,133      13            735,824 
 1578,133      13            736,485 
 1578,133      13            737,256 
 1578,133      13            737,95 
 1578,133      13            738,608 
 1578,133      13            739,254 
 1578,133      13            739,898 
 1578,133      13            740,606 
 1578,133      13            741,299 
 1578,133      13            741,902 
 1578,133      13            742,652 
 1578,133      13            743,307 
 1578,133      13            743,94 
 1578,133      13            744,601 
 1578,133      13            745,306 
 1578,133      13            746,07 
 1578,133      13            746,727 
 1578,133      13            747,426 
 1578,133      13            748,077 
 1578,133      13            748,703 
 1578,133      13            749,469 
 1578,133      13            750,132 
 1578,133      13            750,777 
 1578,133      13            751,524 
 1578,133      13            752,17 
 1578,133      13            752,751 
 1578,133      13            753,477 
 1578,133      13            754,135 
 1578,133      13            754,788 
 1578,133      13            755,518 
 1578,133      13            756,159 
 1578,133      13            756,854 
 1578,133      13            757,552 
 1578,133      13            758,236 
 1578,133      13            758,888 
 1578,133      13            759,474 
 1578,133      13            760,104 
 1578,133      13            760,753 
 1578,133      13            761,401 
 1578,133      13            762,151 
 1578,133      13            762,861 
 1578,133      13            763,572 
 1578,133      13            764,15 
 1578,133      13            764,803 
 1578,133      13            765,511 
 1578,133      13            766,159 
 1578,133      13            766,793 
 1578,133      13            767,454 
 1578,133      13            768,097 
 1578,133      13            768,713 
 1578,133      13            769,359 
 1578,133      13            769,964 
 1578,133      13            770,59 
 1578,133      13            771,234 
 1578,133      13            771,89 
 1578,133      13            772,52 
 1578,133      13            773,115 
 1578,133      13            773,806 
 1578,133      13            774,407 
 1578,133      13            775,097 
 1578,133      13            775,679 
 1578,133      13            776,376 
 1578,133      13            776,974 
 1578,133      13            777,668 
 1578,133      13            778,262 
 1578,133      13            778,956 
 1578,133      13            779,596 
 1578,133      13            780,307 
 1578,133      13            780,954 
 1578,133      13            781,661 
 1578,133      13            782,367 
 1578,133      13            783,133 
 1578,133      13            783,797 
 1578,133      13            784,548 
 1578,133      13            785,241 
 1578,133      13            785,953 
 1578,133      13            786,657 
 1578,133      13            787,297 
 1578,133      13            787,951 
 1578,133      13            788,59 
 1578,133      13            789,29 
 1578,133      13            790,12 
 1578,133      13            790,781 
 1578,133      13            791,43 
 1578,133      13            792,134 
 1578,133      13            792,839 
 1578,133      13            793,613 
 1578,133      13            794,321 
 1578,133      13            794,965 
 1578,133      13            795,619 
 1578,133      13            796,301 
 1578,133      13            796,9 
 1578,133      13            797,59 
 1578,133      13            798,253 
 1578,133      13            798,943 
 1578,133      13            799,545 
 1578,133      13            800,222 
 1578,133      13            800,89 
 1578,133      13            801,539 
 1578,133      13            802,297 
 1578,133      13            803,009 
 1578,133      13            803,652 
 1578,133      13            804,294 
 1578,133      13            804,953 
 1578,133      13            805,593 
 1578,133      13            806,348 
 1578,133      13            807,004 
 1578,133      13            807,659 
 1578,133      13            808,34 
 1578,133      13            808,927 
 1578,133      13            809,647 
 1578,133      13            810,362 
 1578,133      13            811,002 
 1578,133      13            811,625 
 1578,133      13            812,279 
 1578,133      13            812,983 
 1578,133      13            813,656 
 1578,133      13            814,563 
 1578,133      13            815,285 
 1578,133      13            815,939 
 1578,133      13            816,684 
 1578,133      13            817,401 
 1578,133      13            818,062 
 1578,133      13            818,776 
 1578,133      13            819,417 
 1578,133      13            820,118 
 1578,133      13            820,779 
 1578,133      13            821,472 
 1578,133      13            822,12 
 1578,133      13            822,771 
 1578,133      13            823,518 
 1578,133      13            824,123 
 1578,133      13            824,817 
 1578,133      13            825,46 
 1578,133      13            826,173 
 1578,133      13            826,902 
 1578,133      13            827,542 
 1578,133      13            828,306 
 1578,133      13            828,936 
 1578,133      13            829,658 
 1578,133      13            830,368 
 1578,133      13            831,026 
 1578,133      13            831,773 
 1578,133      13            832,417 
 1578,133      13            833,133 
 1578,133      13            833,856 
 1578,133      13            834,559 
 1578,133      13            835,215 
 1578,133      13            835,9 
 1578,133      13            836,556 
 1578,133      13            837,271 
 1578,133      13            837,918 
 1578,133      13            838,612 
 1578,133      13            839,334 
 1578,133      13            839,954 
 1578,133      13            840,655 
 1578,133      13            841,371 
 1578,133      13            842,013 
 1578,133      13            842,715 
 1578,133      13            843,361 
 1578,133      13            844,04 
 1578,133      13            844,825 
 1578,133      13            845,489 
 1578,133      13            846,192 
 1578,133      13            846,825 
 1578,133      13            847,465 
 1578,133      13            848,124 
 1578,133      13            848,83 
 1578,133      13            849,424 
 1578,133      13            850,128 
 1578,133      13            850,749 
 1578,133      13            851,392 
 1578,133      13            852,099 
 1578,133      13            852,74 
 1578,133      13            853,475 
 1578,133      13            854,108 
 1578,133      13            854,824 
 1578,133      13            855,526 
 1578,133      13            856,283 
 1578,133      13            856,885 
 1578,133      13            857,526 
 1578,133      13            858,176 
 1578,133      13            858,82 
 1578,133      13            859,456 
 1578,133      13            860,088 
 1578,133      13            860,727 
 1578,133      13            861,328 
 1578,133      13            862,017 
 1578,133      13            862,679 
 1578,133      13            863,376 
 1578,133      13            863,961 
 1578,133      13            864,71 
 1578,133      13            865,444 
 1578,133      13            866,085 
 1578,133      13            866,728 
 1578,133      13            867,36 
 1578,133      13            868,054 
 1578,133      13            868,701 
 1578,133      13            869,37 
 1578,133      13            870,012 
 1578,133      13            870,725 
 1578,133      13            871,481 
 1578,133      13            872,176 
 1578,133      13            872,899 
 1578,133      13            873,615 
 1578,133      13            874,28 
 1578,133      13            875,008 
 1578,133      13            875,653 
 1578,133      13            876,359 
 1578,133      13            877,072 
 1578,133      13            877,775 
 1578,133      13            878,423 
 1578,133      13            879,201 
 1578,133      13            879,902 
 1578,133      13            880,563 
 1578,133      13            881,308 
 1578,133      13            882,011 
 1578,133      13            882,676 
 1578,133      13            883,375 
 1578,133      13            884,006 
 1578,133      13            884,676 
 1578,133      13            885,372 
 1578,133      13            886,095 
 1578,133      13            886,839 
 1578,133      13            887,48 
 1578,133      13            888,128 
 1578,133      13            888,785 
 1578,133      13            889,431 
 1578,133      13            890,195 
 1578,133      13            890,839 
 1578,133      13            891,443 
 1578,133      13            892,069 
 1578,133      13            892,667 
 1578,133      13            893,359 
 1578,133      13            894 
 1578,133      13            894,664 
 1578,133      13            895,342 
 1578,133      13            896,005 
 1578,133      13            896,708 
 1578,133      13            897,341 
 1578,133      13            898,003 
 1578,133      13            898,71 
 1578,133      13            899,348 
 1578,133      13            899,939 
 1578,133      13            900,63 
 1578,133      13            901,283 
 1578,133      13            901,978 
 1578,133      13            902,567 
 1578,133      13            903,214 
 1578,133      13            903,987 
 1578,133      13            904,6 
 1578,133      13            905,234 
 1578,133      13            905,941 
 1578,133      13            906,595 
 1578,133      13            907,222 
 1578,133      13            907,882 
 1578,133      13            908,638 
 1578,133      13            909,35 
 1578,133      13            910,122 
 1578,133      13            910,719 
 1578,133      13            911,187 
 1578,133      13            911,532 
 1578,133      13            911,928 
 1578,133      13            912,273 
 1578,133      13            912,6 
 1578,133      13            912,946 
 1578,133      13            913,287 
 1578,133      13            913,595 
 1578,133      13            913,927 
 1578,133      13            914,325 
 1578,133      13            914,668 
 1578,133      13            915,019 
 1578,133      13            915,359 
 1578,133      13            915,68 
 1578,133      13            916,022 
 1578,133      13            916,428 
 1578,133      13            916,781 
 1578,133      13            917,105 
 1578,133      13            917,44 
 1578,133      13            917,757 
 1578,133      13            918,077 
 1578,133      13            918,368 
 1578,133      13            918,713 
 1578,133      13            919,059 
 1578,133      13            919,383 
 1578,133      13            919,751 
 1578,133      13            920,079 
 1578,133      13            920,46 
 1578,133      13            920,807 
 1578,133      13            921,123 
 1578,133      13            921,453 
 1578,133      13            921,792 
 1578,133      13            922,14 
 1578,133      13            922,487 
 1578,133      13            922,83 
 1578,133      13            923,208 
 1578,133      13            923,567 
 1578,133      13            923,875 
 1578,133      13            924,189 
 1578,133      13            924,502 
 1578,133      13            924,805 
 1578,133      13            925,139 
 1578,133      13            925,468 
 1578,133      13            925,799 
 1578,133      13            926,119 
 1578,133      13            926,442 
 1578,133      13            926,759 
 1578,133      13            927,109 
 1578,133      13            927,469 
 1578,133      13            927,771 
 1578,133      13            928,086 
 1578,133      13            928,423 
 1578,133      13            928,709 
 1578,133      13            929,099 
 1578,133      13            929,412 
 1578,133      13            929,729 
 1578,133      13            930,035 
 1578,133      13            930,353 
 1578,133      13            930,689 
 1578,133      13            931,004 
 1578,133      13            931,339 
 1578,133      13            931,674 
 1578,133      13            932,006 
 1578,133      13            932,31 
 1578,133      13            932,653 
 1578,133      13            932,969 
 1578,133      13            933,314 
 1578,133      13            933,639 
 1578,133      13            933,99 
 1578,133      13            934,316 
 1578,133      13            934,618 
 1578,133      13            934,949 
 1578,133      13            935,278 
 1578,133      13            935,577 
 1578,133      13            935,902 
 1578,133      13            936,211 
 1578,133      13            936,551 
 1578,133      13            936,867 
 1578,133      13            937,226 
 1578,133      13            937,573 
 1578,133      13            937,898 
 1578,133      13            938,258 
 1578,133      13            938,579 
 1578,133      13            938,885 
 1578,133      13            939,222 
 1578,133      13            939,578 
 1578,133      13            939,947 
 1578,133      13            940,299 
 1578,133      13            940,635 
 1578,133      13            940,935 
 1578,133      13            941,255 
 1578,133      13            941,578 
 1578,133      13            941,925 
 1578,133      13            942,267 
 1578,133      13            942,603 
 1578,133      13            942,958 
 1578,133      13            943,28 
 1578,133      13            943,658 
 1578,133      13            943,966 
 1578,133      13            944,287 
 1578,133      13            944,601 
 1578,133      13            944,965 
 1578,133      13            945,282 
 1578,133      13            945,638 
 1578,133      13            945,971 
 1578,133      13            946,32 
 1578,133      13            946,615 
 1578,133      13            946,994 
 1578,133      13            947,292 
 1578,133      13            947,564 
 1578,133      13            947,892 
 1578,133      13            948,185 
 1578,133      13            948,531 
 1578,133      13            948,86 
 1578,133      13            949,224 
 1578,133      13            949,553 
 1578,133      13            949,876 
 1578,133      13            950,218 
 1578,133      13            950,567 
 1578,133      13            950,885 
 1578,133      13            951,253 
 1578,133      13            951,605 
 1578,133      13            951,96 
 1578,133      13            952,282 
 1578,133      13            952,596 
 1578,133      13            952,95 
 1578,133      13            953,308 
 1578,133      13            953,646 
 1578,133      13            954,001 
 1578,133      13            954,339 
 1578,133      13            954,66 
 1578,133      13            955,007 
 1578,133      13            955,323 
 1578,133      13            955,688 
 1578,133      13            956,017 
 1578,133      13            956,371 
 1578,133      13            956,706 
 1578,133      13            957,031 
 1578,133      13            957,415 
 1578,133      13            957,752 
 1578,133      13            958,091 
 1578,133      13            958,481 
 1578,133      13            958,814 
 1578,133      13            959,172 
 1578,133      13            959,526 
 1578,133      13            959,821 
 1578,133      13            960,165 
 1578,133      13            960,476 
 1578,133      13            960,849 
 1578,133      13            961,198 
 1578,133      13            961,522 
 1578,133      13            961,813 
 1578,133      13            962,15 
 1578,133      13            962,528 
 1578,133      13            962,859 
 1578,133      13            963,172 
 1578,133      13            963,508 
 1578,133      13            963,874 
 1578,133      13            964,204 
 1578,133      13            964,538 
 1578,133      13            964,901 
 1578,133      13            965,206 
 1578,133      13            965,571 
 1578,133      13            965,927 
 1578,133      13            966,241 
 1578,133      13            966,571 
 1578,133      13            966,896 
 1578,133      13            967,227 
 1578,133      13            967,551 
 1578,133      13            967,916 
 1578,133      13            968,287 
 1578,133      13            968,597 
 1578,133      13            968,912 
 1578,133      13            969,256 
 1578,133      13            969,619 
 1578,133      13            969,938 
 1578,133      13            970,296 
 1578,133      13            970,63 
 1578,133      13            970,97 
 1578,133      13            971,284 
 1578,133      13            971,665 
 1578,133      13            972,041 
 1578,133      13            972,355 
 1578,133      13            972,678 
 1578,133      13            973,033 
 1578,133      13            973,369 
 1578,133      13            973,757 
 1578,133      13            974,071 
 1578,133      13            974,403 
 1578,133      13            974,703 
 1578,133      13            975,018 
 1578,133      13            975,359 
 1578,133      13            975,676 
 1578,133      13            976,021 
 1578,133      13            976,37 
 1578,133      13            976,665 
 1578,133      13            976,981 
 1578,133      13            977,404 
 1578,133      13            977,762 
 1578,133      13            978,111 
 1578,133      13            978,439 
 1578,133      13            978,777 
 1578,133      13            979,096 
 1578,133      13            979,415 
 1578,133      13            979,778 
 1578,133      13            980,16 
 1578,133      13            980,496 
 1578,133      13            980,869 
 1578,133      13            981,204 
 1578,133      13            981,528 
 1578,133      13            981,858 
 1578,133      13            982,214 
 1578,133      13            982,509 
 1578,133      13            982,84 
 1578,133      13            983,153 
 1578,133      13            983,468 
 1578,133      13            983,814 
 1578,133      13            984,147 
 1578,133      13            984,48 
 1578,133      13            984,83 
 1578,133      13            985,133 
 1578,133      13            985,456 
 1578,133      13            985,799 
 1578,133      13            986,111 
 1578,133      13            986,471 
 1578,133      13            986,797 
 1578,133      13            987,131 
 1578,133      13            987,446 
 1578,133      13            987,796 
 1578,133      13            988,103 
 1578,133      13            988,437 
 1578,133      13            988,798 
 1578,133      13            989,113 
 1578,133      13            989,464 
 1578,133      13            989,785 
 1578,133      13            990,113 
 1578,133      13            990,492 
 1578,133      13            990,825 
 1578,133      13            991,16 
 1578,133      13            991,485 
 1578,133      13            991,901 
 1578,133      13            992,242 
 1578,133      13            992,548 
 1578,133      13            992,889 
 1578,133      13            993,274 
 1578,133      13            993,643 
 1578,133      13            993,987 
 1578,133      13            994,318 
 1578,133      13            994,695 
 1578,133      13            995,04 
 1578,133      13            995,38 
 1578,133      13            995,725 
 1578,133      13            996,046 
 1578,133      13            996,359 
 1578,133      13            996,714 
 1578,133      13            997,066 
 1578,133      13            997,379 
 1578,133      13            997,716 
 1578,133      13            998,047 
 1578,133      13            998,396 
 1578,133      13            998,73 
 1578,133      13            999,074 
 1578,133      13            999,447 
 1578,133      13            999,805 
 1578,133      13            1000,196 
 1578,133      13            1000,558 
 1578,133      13            1000,941 
 1578,133      13            1001,28 
 1578,133      13            1001,594 
 1578,133      13            1001,937 
 1578,133      13            1002,281 
 1578,133      13            1002,595 
 1578,133      13            1003,006 
 1578,133      13            1003,331 
 1578,133      13            1003,677 
 1578,133      13            1004,031 
 1578,133      13            1004,395 
 1578,133      13            1004,684 
 1578,133      13            1005,019 
 1578,133      13            1005,354 
 1578,133      13            1005,694 
 1578,133      13            1006,052 
 1578,133      13            1006,393 
 1578,133      13            1006,727 
 1578,133      13            1007,04 
 1578,133      13            1007,35 
 1578,133      13            1007,71 
 1578,133      13            1008,019 
 1578,133      13            1008,352 
 1578,133      13            1008,681 
 1578,133      13            1009,007 
 1578,133      13            1009,338 
 1578,133      13            1009,65 
 1578,133      13            1009,997 
 1578,133      13            1010,317 
 1578,133      13            1010,627 
 1578,133      13            1010,975 
 1578,133      13            1011,302 
 1578,133      13            1011,61 
 1578,133      13            1011,909 
 1578,133      13            1012,243 
 1578,133      13            1012,559 
 1578,133      13            1012,884 
 1578,133      13            1013,207 
 1578,133      13            1013,504 
 1578,133      13            1013,825 
 1578,133      13            1014,137 
 1578,133      13            1014,474 
 1578,133      13            1014,85 
 1578,133      13            1015,206 
 1578,133      13            1015,559 
 1578,133      13            1015,879 
 1578,133      13            1016,193 
 1578,133      13            1016,517 
 1578,133      13            1016,846 
 1578,133      13            1017,15 
 1578,133      13            1017,518 
 1578,133      13            1017,865 
 1578,133      13            1018,19 
 1578,133      13            1018,507 
 1578,133      13            1018,852 
 1578,133      13            1019,196 
 1578,133      13            1019,529 
 1578,133      13            1019,892 
 1578,133      13            1020,225 
 1578,133      13            1020,551 
 1578,133      13            1020,851 
 1578,133      13            1021,19 
 1578,133      13            1021,504 
 1578,133      13            1021,824 
 1578,133      13            1022,152 
 1578,133      13            1022,514 
 1578,133      13            1022,86 
 1578,133      13            1023,166 
 1578,133      13            1023,501 
 1578,133      13            1023,845 
 1578,133      13            1024,196 
 1578,133      13            1024,497 
 1578,133      13            1024,871 
 1578,133      13            1025,194 
 1578,133      13            1025,508 
 1578,133      13            1025,822 
 1578,133      13            1026,154 
 1578,133      13            1026,538 
 1578,133      13            1026,928 
 1578,133      13            1027,298 
 1578,133      13            1027,652 
 1578,133      13            1027,966 
 1578,133      13            1028,349 
 1578,133      13            1028,685 
 1578,133      13            1029,018 
 1578,133      13            1029,39 
 1578,133      13            1029,711 
 1578,133      13            1030,015 
 1578,133      13            1030,38 
 1578,133      13            1030,712 
 1578,133      13            1031,027 
 1578,133      13            1031,349 
 1578,133      13            1031,684 
 1578,133      13            1032,048 
 1578,133      13            1032,374 
 1578,133      13            1032,723 
 1578,133      13            1033,047 
 1578,133      13            1033,379 
 1578,133      13            1033,772 
 1578,133      13            1034,125 
 1578,133      13            1034,469 
 1578,133      13            1034,798 
 1578,133      13            1035,21 
 1578,133      13            1035,534 
 1578,133      13            1035,883 
 1578,133      13            1036,218 
 1578,133      13            1036,553 
 1578,133      13            1036,877 
 1578,133      13            1037,171 
 1578,133      13            1037,464 
 1578,133      13            1037,794 
 1578,133      13            1038,175 
 1578,133      13            1038,504 
 1578,133      13            1038,831 
 1578,133      13            1039,174 
 1578,133      13            1039,504 
 1578,133      13            1039,831 
 1578,133      13            1040,171 
 1578,133      13            1040,525 
 1578,133      13            1040,851 
 1578,133      13            1041,168 
 1578,133      13            1041,497 
 1578,133      13            1041,839 
 1578,133      13            1042,167 
 1578,133      13            1042,469 
 1578,133      13            1042,787 
 1578,133      13            1043,094 
 1578,133      13            1043,459 
 1578,133      13            1043,773 
 1578,133      13            1044,094 
 1578,133      13            1044,411 
 1578,133      13            1044,846 
 1578,133      13            1045,2 
 1578,133      13            1045,564 
 1578,133      13            1045,941 
 1578,133      13            1046,286 
 1578,133      13            1046,651 
 1578,133      13            1046,984 
 1578,133      13            1047,347 
 1578,133      13            1047,677 
 1578,133      13            1048,059 
 1578,133      13            1048,405 
 1578,133      13            1048,736 
 1578,133      13            1049,06 
 1578,133      13            1049,41 
 1578,133      13            1049,735 
 1578,133      13            1050,065 
 1578,133      13            1050,385 
 1578,133      13            1050,701 
 1578,133      13            1051,046 
 1578,133      13            1051,339 
 1578,133      13            1051,655 
 1578,133      13            1052,027 
 1578,133      13            1052,363 
 1578,133      13            1052,687 
 1578,133      13            1053,032 
 1578,133      13            1053,367 
 1578,133      13            1053,677 
 1578,133      13            1054,019 
 1578,133      13            1054,377 
 1578,133      13            1054,72 
 1578,133      13            1055,094 
 1578,133      13            1055,45 
 1578,133      13            1055,779 
 1578,133      13            1056,102 
 1578,133      13            1056,436 
 1578,133      13            1056,793 
 1578,133      13            1057,119 
 1578,133      13            1057,458 
 1578,133      13            1057,774 
 1578,133      13            1058,123 
