Iteraciones:   1663 

Costo         Vehículos     Tiempo [seg]
 967,651       10            5,015 
 967,651       10            10,344 
 952,822       10            12,859 
 897,353       10            14,234 
 897,353       10            14,859 
 897,353       10            15,344 
 894,786       10            15,984 
 894,786       10            16,531 
 894,786       10            16,953 
 894,786       10            17,39 
 894,786       10            17,765 
 894,786       10            18,734 
 894,786       10            19,109 
 894,786       10            19,531 
 894,786       10            19,906 
 894,786       10            20,406 
 894,786       10            20,781 
 894,786       10            21,219 
 894,786       10            21,594 
 894,786       10            22,297 
 894,786       10            22,672 
 894,786       10            23,047 
 894,786       10            23,484 
 894,786       10            23,922 
 889,974       10            24,344 
 889,974       10            24,859 
 889,974       10            25,281 
 889,974       10            25,672 
 889,974       10            26,047 
 889,974       10            26,484 
 889,974       10            26,906 
 889,974       10            27,281 
 889,974       10            27,656 
 889,974       10            28,172 
 889,974       10            28,656 
 889,974       10            29,156 
 889,974       10            29,547 
 889,974       10            29,984 
 889,974       10            30,469 
 889,974       10            30,844 
 889,974       10            31,344 
 889,974       10            31,922 
 889,974       10            32,297 
 889,974       10            32,672 
 889,974       10            33,047 
 889,974       10            33,969 
 889,974       10            34,344 
 889,974       10            34,906 
 889,974       10            35,234 
 889,974       10            36,297 
 889,974       10            36,719 
 889,974       10            37,172 
 889,974       10            37,594 
 889,974       10            37,984 
 881,264       10            38,422 
 881,264       10            38,875 
 881,264       10            40,015 
 881,264       10            40,39 
 881,264       10            40,797 
 881,264       10            41,156 
 881,264       10            41,531 
 881,264       10            41,859 
 881,264       10            42,359 
 881,264       10            42,781 
 881,264       10            43,156 
 881,264       10            43,547 
 881,264       10            43,922 
 881,264       10            44,344 
 881,264       10            44,719 
 879,68        10            45,109 
 879,68        10            46,094 
 879,68        10            46,484 
 879,68        10            47,109 
 879,68        10            47,531 
 879,68        10            47,906 
 879,68        10            48,281 
 879,68        10            48,672 
 879,68        10            49,094 
 879,68        10            49,469 
 879,68        10            49,859 
 879,68        10            50,297 
 879,68        10            50,781 
 879,68        10            51,156 
 879,68        10            51,531 
 879,68        10            51,922 
 879,68        10            52,359 
 879,68        10            53,156 
 879,68        10            53,547 
 879,68        10            53,969 
 879,68        10            54,469 
 879,68        10            54,859 
 879,68        10            55,234 
 879,68        10            56,422 
 879,68        10            57,172 
 879,68        10            57,547 
 879,68        10            58,031 
 879,68        10            58,422 
 879,68        10            59,422 
 879,68        10            59,859 
 879,68        10            60,344 
 879,68        10            60,719 
 879,68        10            61,094 
 879,68        10            61,531 
 879,68        10            61,906 
 879,68        10            62,344 
 879,68        10            62,672 
 879,68        10            63,047 
 879,68        10            63,406 
 879,68        10            63,906 
 879,68        10            64,344 
 879,68        10            64,719 
 879,68        10            65,156 
 879,68        10            65,547 
 879,68        10            66,219 
 879,68        10            66,594 
 879,68        10            66,984 
 879,68        10            67,359 
 879,68        10            67,859 
 879,68        10            68,234 
 879,68        10            68,609 
 879,68        10            69,031 
 879,68        10            69,609 
 879,68        10            70,094 
 879,68        10            70,484 
 879,68        10            70,922 
 879,68        10            71,484 
 879,68        10            71,906 
 879,68        10            72,297 
 879,68        10            72,672 
 879,68        10            73,047 
 879,68        10            73,437 
 879,68        10            73,875 
 879,68        10            74,437 
 879,68        10            74,812 
 879,68        10            75,312 
 879,68        10            76,172 
 879,68        10            76,75 
 879,68        10            77,125 
 879,68        10            77,687 
 879,68        10            78,109 
 879,68        10            78,484 
 879,68        10            78,922 
 879,68        10            79,297 
 879,68        10            79,672 
 879,68        10            80,062 
 879,68        10            80,5 
 879,68        10            80,922 
 879,68        10            81,297 
 879,68        10            81,625 
 879,68        10            82 
 879,68        10            82,359 
 879,68        10            82,687 
 879,68        10            83,297 
 879,68        10            83,672 
 879,68        10            84,047 
 879,68        10            84,484 
 879,68        10            84,922 
 879,68        10            85,312 
 879,68        10            85,687 
 879,68        10            86,062 
 879,68        10            86,437 
 879,361       10            86,875 
 879,361       10            87,359 
 879,361       10            87,687 
 879,361       10            88,062 
 879,361       10            88,484 
 879,361       10            88,875 
 879,361       10            89,25 
 879,361       10            89,625 
 879,361       10            90 
 879,361       10            90,375 
 879,361       10            90,797 
 879,361       10            91,125 
 879,361       10            91,5 
 879,361       10            91,937 
 879,361       10            92,375 
 878,104       10            92,797 
 878,104       10            93,125 
 878,104       10            93,5 
 878,104       10            93,922 
 878,104       10            94,359 
 878,104       10            94,812 
 878,104       10            95,234 
 878,104       10            95,562 
 878,104       10            96,062 
 878,104       10            96,437 
 878,104       10            96,812 
 878,104       10            97,172 
 878,104       10            97,734 
 878,104       10            98,109 
 878,104       10            98,609 
 878,104       10            98,984 
 878,104       10            99,562 
 878,104       10            100,047 
 878,104       10            100,484 
 878,104       10            100,984 
 878,104       10            101,375 
 878,104       10            101,75 
 878,104       10            102,312 
 878,104       10            102,687 
 878,104       10            103,359 
 878,104       10            103,734 
 878,104       10            104,187 
 878,104       10            104,562 
 878,104       10            104,984 
 878,104       10            105,359 
 878,104       10            105,75 
 878,104       10            106,125 
 878,104       10            106,5 
 878,104       10            106,875 
 878,104       10            107,359 
 878,104       10            107,734 
 878,104       10            108,234 
 878,104       10            108,609 
 878,104       10            109,062 
 878,104       10            109,437 
 877,896       10            109,812 
 877,896       10            110,25 
 877,896       10            110,625 
 877,896       10            111 
 877,896       10            111,422 
 877,896       10            111,875 
 877,896       10            112,375 
 877,896       10            112,75 
 877,896       10            113,125 
 877,896       10            113,5 
 877,896       10            113,875 
 877,896       10            114,25 
 877,896       10            114,625 
 877,896       10            115,172 
 877,896       10            115,562 
 877,896       10            115,937 
 877,896       10            116,359 
 877,896       10            116,812 
 877,896       10            117,187 
 877,896       10            117,609 
 877,896       10            117,984 
 875,082       10            118,422 
 875,082       10            118,812 
 875,082       10            119,234 
 875,082       10            119,687 
 875,082       10            120,062 
 875,082       10            120,484 
 873,125       10            120,812 
 873,125       10            121,187 
 873,125       10            121,562 
 873,125       10            121,937 
 873,125       10            122,312 
 873,125       10            122,75 
 873,125       10            123,109 
 873,125       10            123,5 
 873,125       10            123,875 
 873,125       10            124,297 
 873,125       10            124,672 
 873,125       10            125 
 873,125       10            125,375 
 873,125       10            125,75 
 871,403       10            126,125 
 871,403       10            126,547 
 871,403       10            126,937 
 871,403       10            127,375 
 871,403       10            127,812 
 871,403       10            128,172 
 871,403       10            128,547 
 871,403       10            128,922 
 871,403       10            129,297 
 871,403       10            129,75 
 871,403       10            130,125 
 871,403       10            130,609 
 871,403       10            130,984 
 871,403       10            131,359 
 871,403       10            131,687 
 871,403       10            132,047 
 871,403       10            132,422 
 871,403       10            132,75 
 871,403       10            133,125 
 871,403       10            133,562 
 871,403       10            133,937 
 871,403       10            134,312 
 871,403       10            134,734 
 871,403       10            135,125 
 871,403       10            135,609 
 871,403       10            136,172 
 871,403       10            136,562 
 871,403       10            136,922 
 871,403       10            137,297 
 871,403       10            137,672 
 871,403       10            138,047 
 871,403       10            138,437 
 871,403       10            138,859 
 871,403       10            139,312 
 871,403       10            139,687 
 871,403       10            140,062 
 871,403       10            140,812 
 871,403       10            141,25 
 871,403       10            141,672 
 871,403       10            142,047 
 871,403       10            142,672 
 871,403       10            143,125 
 871,403       10            143,484 
 871,403       10            143,859 
 871,403       10            144,234 
 871,403       10            144,609 
 871,403       10            144,984 
 871,403       10            145,359 
 871,403       10            145,734 
 871,403       10            146,125 
 870,45        10            146,5 
 870,45        10            146,922 
 870,45        10            147,297 
 870,45        10            147,672 
 870,45        10            148,109 
 870,45        10            148,797 
 870,45        10            149,172 
 870,45        10            149,672 
 870,45        10            150 
 870,45        10            150,375 
 870,45        10            151 
 870,45        10            151,359 
 870,45        10            151,75 
 870,45        10            152,125 
 870,45        10            152,547 
 870,45        10            152,875 
 870,45        10            153,25 
 870,45        10            153,609 
 870,45        10            154,109 
 870,45        10            154,562 
 870,45        10            155 
 870,45        10            155,375 
 870,45        10            155,734 
 870,45        10            156,125 
 870,45        10            156,5 
 870,45        10            156,984 
 870,45        10            157,437 
 870,45        10            157,812 
 870,45        10            158,187 
 870,45        10            158,625 
 870,45        10            159,047 
 870,45        10            159,375 
 870,45        10            159,922 
 870,45        10            160,312 
 870,45        10            160,875 
 870,45        10            161,75 
 870,45        10            162,125 
 870,45        10            162,625 
 870,45        10            163 
 870,45        10            163,484 
 870,45        10            163,859 
 870,45        10            164,234 
 870,45        10            164,625 
 870,45        10            165 
 870,45        10            165,359 
 870,45        10            165,797 
 870,45        10            166,172 
 870,45        10            166,562 
 870,45        10            166,937 
 870,45        10            167,297 
 870,45        10            167,687 
 870,45        10            168,062 
 870,45        10            168,437 
 870,45        10            168,812 
 870,45        10            169,375 
 870,45        10            169,797 
 870,45        10            170,172 
 870,45        10            170,562 
 870,45        10            171,062 
 870,45        10            171,484 
 870,45        10            171,859 
 870,45        10            172,25 
 870,45        10            172,609 
 870,45        10            173 
 870,45        10            173,375 
 870,45        10            173,812 
 870,45        10            174,187 
 870,45        10            174,562 
 870,45        10            174,984 
 870,45        10            175,359 
 870,45        10            175,734 
 870,45        10            176,109 
 870,45        10            176,484 
 870,45        10            176,859 
 870,45        10            177,187 
 870,45        10            177,75 
 870,45        10            178,687 
 870,45        10            179,047 
 870,45        10            179,625 
 870,45        10            180 
 870,45        10            180,422 
 870,45        10            180,812 
 870,45        10            181,234 
 870,45        10            181,609 
 870,45        10            182,312 
 870,45        10            182,687 
 870,45        10            183,297 
 870,45        10            183,672 
 870,45        10            184,047 
 870,45        10            184,422 
 870,45        10            184,875 
 870,45        10            185,297 
 870,45        10            185,687 
 870,45        10            186,062 
 870,45        10            186,562 
 870,45        10            187,047 
 870,45        10            187,422 
 870,45        10            187,859 
 870,45        10            188,422 
 870,45        10            188,797 
 870,45        10            189,187 
 870,45        10            189,547 
 870,45        10            190,047 
 870,45        10            190,562 
 870,45        10            191,125 
 870,45        10            191,5 
 870,45        10            191,875 
 870,45        10            192,25 
 870,45        10            192,625 
 870,45        10            193 
 870,45        10            193,422 
 870,45        10            193,75 
 870,45        10            194,125 
 870,45        10            194,562 
 870,45        10            194,937 
 870,45        10            195,297 
 870,45        10            195,734 
 870,45        10            196,125 
 870,45        10            196,484 
 870,45        10            196,875 
 870,45        10            197,234 
 870,45        10            197,609 
 870,45        10            198 
 870,45        10            198,437 
 870,45        10            198,875 
 870,45        10            199,25 
 870,45        10            199,672 
 870,45        10            200,172 
 870,45        10            200,672 
 870,45        10            201,047 
 870,45        10            201,484 
 870,45        10            201,859 
 870,45        10            202,375 
 870,45        10            202,75 
 870,45        10            203,125 
 870,45        10            203,5 
 870,45        10            203,937 
 870,45        10            204,375 
 870,45        10            204,734 
 870,45        10            205,109 
 870,45        10            205,5 
 870,45        10            205,875 
 870,45        10            206,25 
 870,45        10            206,734 
 870,45        10            207,062 
 870,45        10            207,437 
 870,45        10            207,797 
 870,45        10            208,172 
 870,45        10            208,5 
 870,45        10            208,937 
 870,45        10            209,422 
 870,45        10            209,703 
 870,45        10            210,062 
 870,45        10            210,437 
 870,45        10            210,906 
 870,45        10            211,219 
 870,45        10            211,594 
 870,45        10            212 
 870,45        10            212,359 
 870,45        10            212,703 
 870,45        10            213,047 
 870,45        10            213,39 
 870,45        10            213,75 
 870,45        10            214,062 
 870,45        10            214,422 
 870,45        10            214,812 
 870,45        10            215,203 
 870,45        10            215,578 
 870,45        10            216,015 
 870,45        10            216,375 
 870,45        10            216,734 
 870,45        10            217,015 
 870,45        10            217,375 
 870,45        10            217,75 
 870,45        10            218,109 
 870,45        10            218,422 
 870,45        10            218,922 
 870,45        10            219,312 
 870,45        10            219,656 
 870,45        10            220,031 
 870,45        10            220,422 
 870,45        10            220,797 
 870,45        10            221,125 
 870,45        10            221,453 
 870,45        10            221,781 
 870,45        10            222,047 
 870,45        10            222,453 
 870,45        10            222,781 
 870,45        10            223,187 
 870,45        10            223,562 
 870,45        10            223,859 
 870,45        10            224,219 
 870,45        10            224,625 
 870,45        10            224,937 
 870,45        10            225,328 
 870,45        10            225,672 
 870,45        10            225,984 
 870,45        10            226,453 
 870,45        10            226,828 
 870,45        10            227,156 
 870,45        10            227,469 
 870,45        10            227,812 
 870,45        10            228,125 
 870,45        10            228,453 
 870,45        10            228,781 
 870,45        10            229,172 
 870,45        10            229,515 
 870,45        10            229,875 
 870,45        10            230,125 
 870,45        10            230,422 
 870,45        10            230,812 
 870,45        10            231,125 
 870,45        10            231,531 
 870,45        10            231,844 
 870,45        10            232,172 
 870,45        10            232,484 
 870,45        10            232,812 
 870,45        10            233,125 
 870,45        10            233,469 
 870,45        10            233,844 
 870,45        10            234,437 
 870,45        10            234,828 
 870,45        10            235,125 
 870,45        10            235,422 
 870,45        10            235,781 
 870,45        10            236,125 
 870,45        10            236,453 
 870,45        10            236,859 
 870,45        10            237,172 
 870,45        10            237,578 
 870,45        10            237,922 
 870,45        10            238,297 
 870,45        10            238,594 
 870,45        10            238,906 
 870,45        10            239,234 
 870,45        10            239,594 
 870,45        10            240,109 
 870,45        10            240,5 
 870,45        10            241,109 
 870,45        10            241,453 
 870,45        10            241,89 
 870,45        10            242,297 
 870,45        10            242,656 
 870,45        10            243,047 
 866,869       10            243,594 
 866,869       10            243,969 
 866,869       10            244,297 
 866,869       10            244,672 
 866,869       10            245,031 
 866,869       10            245,781 
 866,869       10            246,172 
 866,869       10            246,547 
 866,869       10            246,984 
 866,869       10            247,359 
 866,869       10            247,734 
 866,869       10            248,094 
 866,869       10            248,422 
 866,869       10            248,859 
 866,869       10            249,406 
 866,869       10            249,844 
 866,869       10            250,172 
 866,869       10            250,547 
 866,869       10            250,922 
 866,869       10            251,297 
 866,869       10            251,781 
 866,869       10            252,328 
 866,869       10            252,719 
 866,869       10            253,39 
 866,869       10            253,828 
 866,869       10            254,281 
 866,869       10            254,765 
 866,869       10            255,14 
 866,869       10            255,531 
 866,869       10            256,047 
 866,869       10            256,469 
 866,869       10            256,969 
 866,869       10            257,406 
 866,869       10            257,922 
 866,869       10            258,281 
 866,869       10            258,656 
 866,869       10            259,047 
 866,869       10            259,422 
 866,869       10            259,859 
 866,869       10            260,219 
 866,869       10            260,562 
 866,869       10            260,937 
 866,869       10            261,484 
 866,869       10            261,922 
 866,869       10            262,297 
 866,869       10            262,687 
 866,869       10            263,109 
 866,869       10            263,484 
 866,869       10            263,922 
 866,869       10            264,297 
 866,869       10            264,672 
 866,869       10            265,109 
 866,869       10            265,5 
 866,869       10            265,859 
 866,869       10            266,25 
 866,869       10            266,672 
 866,869       10            267,109 
 866,869       10            267,5 
 866,869       10            267,875 
 866,869       10            268,359 
 866,869       10            268,734 
 866,869       10            269,062 
 866,869       10            269,484 
 866,869       10            269,859 
 866,869       10            270,25 
 866,869       10            270,687 
 866,869       10            271,109 
 866,869       10            271,437 
 866,869       10            271,875 
 866,869       10            272,234 
 866,869       10            272,609 
 866,869       10            273,203 
 866,869       10            273,75 
 866,869       10            274,187 
 866,869       10            274,578 
 866,869       10            275,094 
 866,869       10            275,922 
 866,869       10            276,297 
 866,869       10            276,828 
 866,869       10            277,219 
 866,869       10            277,672 
 866,869       10            278,219 
 866,869       10            278,609 
 866,869       10            279,094 
 866,869       10            279,469 
 866,869       10            279,922 
 866,869       10            280,297 
 866,869       10            280,687 
 866,869       10            281,109 
 866,869       10            281,484 
 866,869       10            281,875 
 866,869       10            282,25 
 866,869       10            282,75 
 866,869       10            283,14 
 866,869       10            283,515 
 866,869       10            283,89 
 866,869       10            284,406 
 866,869       10            284,828 
 866,869       10            285,219 
 866,869       10            285,64 
 866,869       10            286,015 
 866,869       10            286,469 
 866,869       10            286,906 
 866,869       10            287,297 
 866,869       10            288,109 
 866,869       10            288,531 
 866,869       10            288,906 
 866,869       10            289,359 
 866,869       10            289,797 
 866,869       10            290,172 
 866,869       10            290,531 
 865,944       10            290,906 
 865,944       10            291,281 
 865,944       10            291,609 
 865,944       10            292,094 
 865,944       10            292,594 
 865,944       10            292,984 
 865,944       10            293,406 
 865,944       10            293,734 
 865,944       10            294,109 
 865,944       10            294,594 
 865,944       10            294,969 
 865,944       10            295,344 
 865,944       10            295,797 
 865,944       10            296,172 
 865,944       10            296,656 
 865,944       10            297,125 
 865,944       10            297,453 
 865,944       10            297,937 
 865,944       10            298,687 
 865,944       10            299,015 
 865,944       10            299,562 
 865,944       10            300,062 
 865,944       10            300,5 
 865,944       10            301,015 
 865,944       10            301,39 
 865,944       10            301,765 
 865,944       10            302,453 
 865,944       10            303,062 
 865,944       10            303,39 
 865,944       10            303,765 
 865,944       10            304,187 
 865,944       10            304,562 
 865,944       10            304,937 
 865,944       10            305,265 
 865,944       10            305,687 
 865,944       10            306,062 
 865,944       10            306,453 
 865,944       10            306,828 
 865,944       10            307,203 
 865,944       10            307,562 
 865,944       10            307,953 
 865,944       10            308,328 
 865,944       10            308,703 
 865,944       10            309,078 
 865,944       10            309,562 
 865,944       10            309,937 
 865,944       10            310,312 
 865,944       10            310,703 
 865,944       10            311,062 
 865,944       10            311,5 
 865,944       10            311,875 
 865,944       10            312,265 
 865,944       10            312,625 
 865,944       10            313 
 865,944       10            313,328 
 865,944       10            313,703 
 865,944       10            314,078 
 865,944       10            314,89 
 865,944       10            315,265 
 865,944       10            315,625 
 865,944       10            316,203 
 865,944       10            316,64 
 865,944       10            317,078 
 865,944       10            317,515 
 865,944       10            318,015 
 865,944       10            318,39 
 865,944       10            318,765 
 865,944       10            319,14 
 865,944       10            319,687 
 865,944       10            320,078 
 865,944       10            320,437 
 865,944       10            321,328 
 865,944       10            321,703 
 865,944       10            322,078 
 865,944       10            322,453 
 865,944       10            322,828 
 865,944       10            323,187 
 865,944       10            323,562 
 865,944       10            324,328 
 865,944       10            324,703 
 865,944       10            325,125 
 865,944       10            325,515 
 865,944       10            326,047 
 865,944       10            326,422 
 865,944       10            326,797 
 865,944       10            327,234 
 865,944       10            327,625 
 865,944       10            328,062 
 865,944       10            328,437 
 865,944       10            328,812 
 865,944       10            329,25 
 865,944       10            330,359 
 865,944       10            330,75 
 865,944       10            331,125 
 865,944       10            331,484 
 865,944       10            331,859 
 865,944       10            332,25 
 865,944       10            332,625 
 865,944       10            333 
 865,944       10            333,359 
 865,944       10            333,734 
 865,944       10            334,125 
 865,944       10            334,484 
 865,944       10            334,859 
 865,944       10            335,297 
 865,944       10            335,687 
 865,944       10            336,062 
 865,944       10            336,437 
 865,944       10            336,812 
 865,944       10            337,234 
 865,944       10            337,562 
 865,944       10            337,922 
 865,944       10            338,297 
 865,944       10            338,625 
 865,944       10            339,047 
 865,944       10            339,422 
 865,944       10            339,937 
 865,944       10            340,359 
 865,944       10            340,75 
 865,944       10            341,187 
 865,944       10            341,562 
 865,944       10            341,984 
 865,944       10            342,359 
 865,944       10            342,734 
 865,944       10            343,125 
 865,944       10            343,5 
 865,944       10            343,859 
 865,944       10            344,234 
 865,944       10            344,625 
 865,944       10            345 
 865,944       10            345,672 
 865,944       10            346 
 865,944       10            346,437 
 865,944       10            346,797 
 865,944       10            347,234 
 865,944       10            347,562 
 865,944       10            348 
 865,944       10            348,359 
 865,944       10            348,734 
 865,944       10            349,125 
 865,944       10            349,562 
 865,944       10            349,922 
 865,944       10            350,422 
 865,944       10            350,797 
 865,944       10            351,172 
 865,944       10            351,547 
 865,944       10            351,922 
 865,944       10            352,312 
 865,944       10            352,687 
 865,944       10            353,187 
 865,944       10            353,734 
 865,944       10            354,109 
 865,944       10            354,484 
 865,944       10            354,859 
 865,944       10            355,312 
 865,944       10            355,734 
 865,944       10            356,062 
 865,944       10            356,437 
 865,944       10            356,812 
 865,944       10            357,234 
 865,944       10            357,609 
 865,944       10            357,984 
 865,944       10            358,375 
 865,944       10            358,734 
 865,944       10            359,109 
 865,944       10            359,484 
 865,944       10            359,859 
 865,944       10            360,234 
 865,944       10            360,609 
 865,944       10            360,984 
 865,944       10            361,375 
 865,944       10            362,172 
 865,944       10            362,547 
 865,944       10            362,937 
 865,944       10            363,312 
 865,944       10            363,672 
 865,944       10            364,109 
 865,944       10            364,484 
 865,944       10            364,937 
 865,944       10            365,312 
 865,944       10            365,672 
 865,944       10            366,234 
 865,944       10            366,562 
 865,944       10            367,047 
 865,944       10            367,422 
 865,944       10            367,797 
 865,944       10            368,172 
 865,944       10            368,547 
 865,944       10            369,172 
 865,944       10            369,5 
 865,944       10            369,875 
 865,944       10            370,25 
 865,944       10            370,625 
 865,944       10            370,984 
 865,944       10            371,359 
 865,944       10            371,734 
 865,944       10            372,172 
 865,944       10            372,547 
 865,944       10            372,922 
 865,944       10            373,312 
 865,944       10            373,687 
 865,944       10            374,047 
 865,944       10            374,422 
 865,944       10            374,797 
 865,944       10            375,172 
 865,944       10            375,5 
 865,944       10            375,875 
 865,944       10            376,25 
 865,944       10            376,625 
 865,944       10            377,062 
 865,944       10            377,437 
 865,944       10            377,859 
 865,944       10            378,187 
 865,944       10            378,609 
 865,944       10            378,984 
 865,944       10            379,359 
 865,944       10            379,687 
 865,944       10            380,172 
 865,944       10            380,547 
 865,944       10            380,922 
 865,944       10            381,297 
 865,944       10            381,625 
 865,944       10            382,125 
 865,944       10            382,547 
 865,944       10            382,922 
 865,944       10            383,312 
 865,944       10            383,797 
 865,944       10            384,125 
 865,944       10            384,609 
 865,944       10            384,984 
 865,944       10            385,437 
 865,944       10            385,859 
 865,944       10            386,234 
 865,944       10            386,687 
 865,944       10            387,109 
 865,944       10            387,437 
 865,944       10            387,812 
 865,944       10            388,187 
 865,944       10            388,609 
 865,944       10            388,984 
 865,944       10            389,625 
 865,944       10            389,984 
 865,944       10            390,375 
 865,944       10            390,875 
 865,944       10            391,25 
 865,944       10            391,625 
 865,944       10            392 
 865,944       10            392,375 
 865,944       10            392,812 
 865,944       10            393,187 
 865,944       10            393,547 
 865,944       10            393,922 
 865,944       10            394,312 
 865,944       10            394,687 
 865,944       10            395,062 
 865,944       10            395,547 
 865,944       10            395,922 
 865,944       10            396,312 
 865,944       10            396,812 
 865,944       10            397,234 
 865,944       10            397,812 
 865,944       10            398,234 
 865,944       10            398,672 
 865,944       10            399,062 
 865,944       10            399,437 
 865,944       10            399,812 
 865,944       10            400,187 
 865,944       10            400,609 
 865,944       10            400,937 
 865,944       10            401,312 
 865,944       10            401,687 
 865,944       10            402,047 
 865,944       10            402,422 
 865,944       10            402,75 
 865,944       10            403,125 
 865,944       10            403,5 
 865,944       10            403,922 
 865,944       10            404,312 
 865,944       10            404,922 
 865,944       10            405,375 
 865,944       10            405,75 
 865,944       10            406,25 
 865,944       10            406,687 
 865,944       10            407,109 
 865,944       10            407,5 
 865,944       10            408 
 865,944       10            408,437 
 865,944       10            408,859 
 865,944       10            409,297 
 865,944       10            409,672 
 865,944       10            410,062 
 865,944       10            410,609 
 865,944       10            410,937 
 865,944       10            411,312 
 865,944       10            411,687 
 865,944       10            412,062 
 865,944       10            412,5 
 865,944       10            412,875 
 865,944       10            413,234 
 865,944       10            413,562 
 865,944       10            413,984 
 865,944       10            414,422 
 865,944       10            415,047 
 865,944       10            415,422 
 865,944       10            415,797 
 865,944       10            416,234 
 865,944       10            416,609 
 865,944       10            417 
 865,944       10            417,437 
 865,944       10            417,859 
 865,944       10            418,234 
 865,944       10            418,609 
 865,944       10            419 
 865,944       10            419,422 
 865,944       10            419,797 
 865,944       10            420,125 
 865,944       10            420,547 
 865,944       10            420,922 
 865,944       10            421,359 
 865,944       10            421,75 
 865,944       10            422,109 
 865,944       10            422,5 
 865,944       10            422,937 
 865,944       10            423,359 
 865,944       10            423,859 
 865,944       10            424,25 
 865,944       10            424,75 
 865,944       10            425,125 
 865,944       10            425,547 
 865,944       10            425,922 
 865,944       10            426,547 
 865,944       10            426,922 
 865,944       10            427,297 
 865,944       10            427,672 
 865,944       10            428,172 
 865,944       10            428,5 
 865,944       10            428,922 
 865,944       10            429,297 
 865,944       10            429,672 
 865,944       10            430,234 
 865,944       10            430,75 
 865,944       10            431,125 
 865,944       10            431,5 
 865,944       10            431,875 
 865,944       10            432,312 
 865,944       10            432,64 
 865,944       10            433,015 
 865,944       10            433,39 
 865,944       10            434 
 865,944       10            434,39 
 865,944       10            434,953 
 865,944       10            435,312 
 865,944       10            435,687 
 865,944       10            436,125 
 865,944       10            436,5 
 865,944       10            436,89 
 865,944       10            437,265 
 865,944       10            437,687 
 865,944       10            438,062 
 865,944       10            438,39 
 865,944       10            438,765 
 865,944       10            439,14 
 865,944       10            439,515 
 865,944       10            439,937 
 865,944       10            440,375 
 865,944       10            440,765 
 865,944       10            441,125 
 865,944       10            441,515 
 865,944       10            441,89 
 865,944       10            442,265 
 865,944       10            442,687 
 865,944       10            443,64 
 865,944       10            444,062 
 865,944       10            444,937 
 865,944       10            445,39 
 865,944       10            445,812 
 865,944       10            446,203 
 865,944       10            446,578 
 865,944       10            446,953 
 865,944       10            447,453 
 865,944       10            447,828 
 865,944       10            448,203 
 865,944       10            448,578 
 865,944       10            448,953 
 865,944       10            449,453 
 865,944       10            450,062 
 865,944       10            450,562 
 865,944       10            451 
 865,944       10            451,375 
 865,944       10            451,75 
 865,944       10            452,125 
 865,944       10            452,5 
 865,944       10            452,937 
 865,944       10            453,39 
 865,944       10            453,812 
 865,944       10            454,187 
 865,944       10            454,64 
 865,944       10            455,015 
 865,944       10            455,515 
 865,944       10            455,953 
 865,944       10            456,375 
 865,944       10            456,703 
 865,944       10            457,078 
 865,944       10            457,5 
 865,944       10            457,89 
 865,944       10            458,265 
 865,944       10            458,687 
 865,944       10            459,062 
 865,944       10            459,515 
 865,944       10            459,953 
 865,944       10            460,328 
 865,944       10            460,75 
 865,944       10            461,375 
 865,944       10            461,75 
 865,944       10            462,125 
 865,944       10            462,515 
 865,944       10            462,89 
 865,944       10            463,25 
 865,944       10            463,625 
 865,944       10            464,062 
 865,944       10            464,437 
 865,944       10            464,812 
 865,944       10            465,14 
 865,944       10            465,515 
 865,944       10            465,89 
 865,944       10            466,375 
 865,944       10            466,765 
 865,944       10            467,125 
 865,944       10            467,5 
 865,944       10            467,875 
 865,944       10            468,265 
 865,944       10            468,625 
 865,944       10            469 
 865,944       10            469,375 
 865,944       10            469,75 
 865,944       10            470,125 
 865,944       10            470,5 
 865,944       10            470,89 
 865,944       10            471,265 
 865,944       10            471,64 
 865,944       10            472,125 
 865,944       10            472,5 
 865,944       10            472,875 
 865,944       10            473,265 
 865,944       10            473,64 
 865,944       10            474,078 
 865,944       10            474,5 
 865,944       10            474,937 
 865,944       10            475,265 
 865,944       10            475,64 
 865,944       10            476,328 
 865,944       10            476,765 
 865,944       10            477,125 
 865,944       10            477,5 
 865,944       10            477,875 
 865,944       10            478,375 
 865,944       10            478,75 
 865,944       10            479,125 
 865,944       10            479,64 
 865,944       10            480,015 
 865,944       10            480,453 
 865,944       10            480,828 
 865,944       10            481,25 
 865,944       10            481,687 
 865,944       10            482,078 
 865,944       10            482,562 
 865,944       10            482,937 
 865,944       10            483,328 
 865,944       10            483,703 
 865,944       10            484,078 
 865,944       10            484,453 
 865,944       10            484,828 
 865,944       10            485,328 
 865,944       10            485,703 
 865,944       10            486,562 
 865,944       10            486,937 
 865,944       10            487,312 
 865,944       10            487,703 
 865,944       10            488,062 
 865,944       10            488,437 
 865,944       10            488,812 
 865,944       10            489,187 
 865,944       10            489,578 
 865,944       10            489,953 
 865,944       10            490,437 
 865,944       10            491 
 865,944       10            491,375 
 865,944       10            491,75 
 865,944       10            492,125 
 865,944       10            492,515 
 865,944       10            492,953 
 865,944       10            493,5 
 865,944       10            493,937 
 865,944       10            494,265 
 865,944       10            494,687 
 865,944       10            495,14 
 865,944       10            495,515 
 865,944       10            495,937 
 865,944       10            496,453 
 865,944       10            497,125 
 865,944       10            497,5 
 865,944       10            497,875 
 865,944       10            498,203 
 865,944       10            498,578 
 865,944       10            498,953 
 865,944       10            499,5 
 865,944       10            499,875 
 865,944       10            500,265 
 865,944       10            500,687 
 865,944       10            501,062 
 865,944       10            501,39 
 865,944       10            501,89 
 865,944       10            502,265 
 865,944       10            502,687 
 865,944       10            503,062 
 865,944       10            503,5 
 865,944       10            503,89 
 865,944       10            504,437 
 865,944       10            504,812 
 865,944       10            505,203 
 865,944       10            505,625 
 865,944       10            506 
 865,944       10            506,453 
 865,944       10            506,875 
 865,944       10            507,25 
 865,944       10            507,625 
 865,944       10            508 
 865,944       10            508,39 
 865,944       10            508,89 
 865,944       10            509,312 
 865,944       10            509,703 
 865,944       10            510,078 
 865,944       10            510,453 
 865,944       10            510,875 
 865,944       10            511,265 
 865,944       10            511,703 
 865,944       10            512,078 
 865,944       10            512,437 
 865,944       10            512,812 
 865,944       10            513,25 
 865,944       10            513,75 
 865,944       10            514,078 
 865,944       10            514,562 
 865,944       10            514,937 
 865,944       10            515,312 
 865,944       10            515,703 
 865,944       10            516,14 
 865,944       10            516,5 
 865,944       10            516,89 
 865,944       10            517,25 
 865,944       10            517,625 
 865,944       10            518 
 865,944       10            518,437 
 865,944       10            518,812 
 865,944       10            519,187 
 865,944       10            519,515 
 865,944       10            519,937 
 865,944       10            520,328 
 865,944       10            520,703 
 865,944       10            521,125 
 865,944       10            521,5 
 865,944       10            521,875 
 865,944       10            522,312 
 865,944       10            522,765 
 865,944       10            523,14 
 865,944       10            523,515 
 865,944       10            523,89 
 865,944       10            524,328 
 865,944       10            524,703 
 865,944       10            525,078 
 865,944       10            525,687 
 865,944       10            526,078 
 865,944       10            526,453 
 865,944       10            526,828 
 865,944       10            527,25 
 865,944       10            527,578 
 865,944       10            527,953 
 865,944       10            528,312 
 865,944       10            528,687 
 865,944       10            529,078 
 865,944       10            529,453 
 865,944       10            529,828 
 865,944       10            530,203 
 865,944       10            530,578 
 865,944       10            531 
 865,944       10            531,328 
 865,944       10            531,703 
 865,944       10            532,094 
 865,944       10            532,484 
 865,944       10            532,812 
 865,944       10            533,187 
 865,944       10            533,562 
 865,944       10            534 
 865,944       10            534,422 
 865,944       10            534,797 
 865,944       10            535,172 
 865,944       10            535,562 
 865,944       10            535,922 
 865,944       10            536,297 
 865,944       10            536,672 
 865,944       10            537,062 
 865,944       10            537,422 
 865,944       10            537,922 
 865,944       10            538,25 
 865,944       10            538,672 
 865,944       10            539,047 
 865,944       10            539,375 
 865,944       10            539,859 
 865,944       10            540,234 
 865,944       10            540,609 
 865,944       10            541 
 865,944       10            541,359 
 865,944       10            541,875 
 865,944       10            542,25 
 865,944       10            542,672 
 865,944       10            543,047 
 865,944       10            543,484 
 865,944       10            543,937 
 865,944       10            544,5 
 865,944       10            544,875 
 865,944       10            545,25 
 865,944       10            545,625 
 865,944       10            546 
 865,944       10            546,734 
 865,944       10            547,125 
 865,944       10            547,484 
 865,944       10            547,859 
 865,944       10            548,25 
 865,944       10            548,687 
 865,944       10            549,109 
 865,944       10            549,5 
 865,944       10            549,922 
 865,944       10            550,312 
 865,944       10            550,734 
 865,944       10            551,172 
 865,944       10            551,5 
 865,944       10            551,922 
 865,944       10            552,297 
 865,944       10            552,672 
 865,944       10            553,047 
 865,944       10            553,422 
 865,944       10            553,797 
 865,944       10            554,297 
 865,944       10            554,734 
 865,944       10            555,625 
 865,944       10            556,125 
 865,944       10            556,484 
 865,944       10            556,922 
 865,944       10            557,359 
 865,944       10            557,734 
 865,944       10            558,125 
 865,944       10            558,547 
 865,944       10            558,922 
 865,944       10            559,422 
 865,944       10            559,75 
 865,944       10            560,125 
 865,944       10            560,562 
 865,944       10            561,047 
 865,944       10            561,422 
 865,944       10            561,875 
 865,944       10            562,375 
 865,944       10            562,75 
 865,944       10            563,125 
 865,944       10            563,547 
 865,944       10            564 
 865,944       10            564,359 
 865,944       10            564,75 
 865,944       10            565,187 
 865,944       10            565,672 
 865,944       10            566 
 865,944       10            566,437 
 865,944       10            566,984 
 865,944       10            567,359 
 865,944       10            567,75 
 865,944       10            568,234 
 865,944       10            568,672 
 865,944       10            569,047 
 865,944       10            569,437 
 865,944       10            570,062 
 865,944       10            570,437 
 865,944       10            570,812 
 865,944       10            571,172 
 865,944       10            571,547 
 865,944       10            571,875 
 865,944       10            572,359 
 865,944       10            572,734 
 865,944       10            573,109 
 865,944       10            573,484 
 865,944       10            573,859 
 865,944       10            574,297 
 865,944       10            574,672 
 865,944       10            575,047 
 865,944       10            575,422 
 865,944       10            576 
 865,944       10            576,547 
 865,944       10            577 
 865,944       10            577,375 
 865,944       10            577,75 
 865,944       10            578,172 
 865,944       10            578,562 
 865,944       10            578,937 
 865,944       10            579,312 
 865,944       10            579,687 
 865,944       10            580,062 
 865,944       10            580,484 
 865,944       10            580,875 
 865,944       10            581,25 
 865,944       10            581,625 
 865,944       10            582,047 
 865,944       10            582,484 
 865,944       10            582,875 
 865,944       10            583,25 
 865,944       10            583,625 
 865,944       10            584,187 
 865,944       10            584,625 
 865,944       10            585,062 
 865,944       10            585,5 
 865,944       10            585,875 
 865,944       10            586,25 
 865,944       10            586,672 
 865,944       10            587,187 
 865,944       10            587,562 
 865,944       10            587,937 
 865,944       10            588,312 
 865,944       10            588,687 
 865,944       10            589,125 
 865,944       10            589,484 
 865,944       10            589,875 
 865,944       10            590,25 
 865,944       10            590,625 
 865,944       10            591 
 865,944       10            591,359 
 865,944       10            591,734 
 865,944       10            592,109 
 865,944       10            592,797 
 865,944       10            593,187 
 865,944       10            593,562 
 865,944       10            593,937 
 865,944       10            594,312 
 865,944       10            594,687 
 865,944       10            595,312 
 865,944       10            595,672 
 865,944       10            596,062 
 865,944       10            596,437 
 865,944       10            596,812 
 865,944       10            597,234 
 865,944       10            597,734 
 865,944       10            598,187 
 865,944       10            598,609 
 865,944       10            599,062 
 865,944       10            599,484 
 865,944       10            599,859 
 865,944       10            600,312 
 865,944       10            600,672 
 865,944       10            601,047 
 865,944       10            601,484 
 865,944       10            601,859 
 865,944       10            602,25 
 865,944       10            602,734 
 865,944       10            603,125 
 865,944       10            603,5 
 865,944       10            603,875 
 865,944       10            604,312 
 865,944       10            604,687 
 865,944       10            605,109 
 865,944       10            605,484 
 865,944       10            605,875 
 865,944       10            606,234 
 865,944       10            606,609 
 865,944       10            606,937 
 865,944       10            607,312 
 865,944       10            607,797 
 865,944       10            608,297 
 865,944       10            608,672 
 865,944       10            609,047 
 865,944       10            609,422 
 865,944       10            609,797 
 865,944       10            610,125 
 865,944       10            610,484 
 865,944       10            610,859 
 865,944       10            611,187 
 865,944       10            611,547 
 865,944       10            611,922 
 865,944       10            612,297 
 865,944       10            612,875 
 865,944       10            613,25 
 865,944       10            613,625 
 865,944       10            613,984 
 865,944       10            614,359 
 865,944       10            614,875 
 865,944       10            615,25 
 865,944       10            615,625 
 865,944       10            616 
 865,944       10            616,484 
 865,944       10            616,922 
 865,944       10            617,312 
 865,944       10            617,687 
 865,944       10            618,062 
 865,944       10            618,484 
 865,944       10            618,812 
 865,944       10            619,172 
 865,944       10            619,562 
 865,944       10            619,984 
 865,944       10            620,312 
 865,944       10            620,687 
 865,944       10            621,047 
 865,944       10            621,437 
 865,944       10            621,859 
 865,944       10            622,187 
 865,944       10            622,609 
 865,944       10            623 
 865,944       10            623,359 
 865,944       10            623,734 
 865,944       10            624,109 
 865,944       10            624,5 
 865,944       10            625,172 
 865,944       10            625,5 
 865,944       10            625,875 
 865,944       10            626,25 
 865,944       10            626,672 
 865,944       10            627,047 
 865,944       10            627,484 
 865,944       10            627,984 
 865,944       10            628,359 
 865,944       10            628,812 
 865,944       10            629,172 
 865,944       10            629,547 
 865,944       10            630,047 
 865,944       10            630,375 
 865,944       10            630,797 
 865,944       10            631,734 
 865,944       10            632,062 
 865,944       10            632,484 
 865,944       10            632,922 
 865,944       10            633,25 
 865,944       10            633,625 
 865,944       10            634,047 
 865,944       10            634,375 
 865,944       10            634,75 
 865,944       10            635,125 
 865,944       10            635,5 
 865,944       10            636,047 
 865,944       10            636,422 
 865,944       10            636,797 
 865,944       10            637,172 
 865,944       10            637,547 
 865,944       10            638 
 865,944       10            638,625 
 865,944       10            638,984 
 865,944       10            639,437 
 865,944       10            639,812 
 865,944       10            640,187 
 865,944       10            640,562 
 865,944       10            640,922 
 865,944       10            641,422 
 865,944       10            641,75 
 865,944       10            642,234 
 865,944       10            642,562 
 865,944       10            642,937 
 865,944       10            643,359 
 865,944       10            643,75 
 865,944       10            644,125 
 865,944       10            644,547 
 865,944       10            645 
 865,944       10            645,359 
 865,944       10            645,734 
 865,944       10            646,125 
 865,944       10            646,562 
 865,944       10            646,937 
 865,944       10            647,312 
 865,944       10            647,859 
 865,944       10            648,25 
 865,944       10            648,687 
 865,944       10            649,109 
 865,944       10            649,484 
 865,944       10            649,875 
 865,944       10            650,234 
 865,944       10            650,687 
 865,944       10            651,187 
 865,944       10            651,625 
 865,944       10            652,062 
 865,944       10            652,422 
 865,944       10            652,797 
 865,944       10            653,172 
 865,944       10            653,547 
 865,944       10            653,937 
 865,944       10            654,359 
 865,944       10            654,734 
 865,944       10            655,125 
 865,944       10            655,5 
 865,944       10            655,922 
 865,944       10            656,312 
 865,944       10            656,687 
 865,944       10            657,047 
 865,944       10            657,437 
 865,944       10            657,859 
 865,944       10            658,312 
 865,944       10            658,687 
 865,944       10            659,062 
 865,944       10            659,484 
 865,944       10            659,859 
 865,944       10            660,484 
 865,944       10            660,937 
 865,944       10            661,359 
 865,944       10            661,734 
 865,944       10            662,109 
 865,944       10            662,547 
 865,944       10            662,937 
 865,944       10            663,297 
 865,944       10            663,625 
 865,944       10            664,062 
 865,944       10            664,437 
 865,944       10            664,797 
 865,944       10            665,172 
 865,944       10            665,562 
 865,944       10            666,047 
 865,944       10            666,422 
 865,944       10            666,75 
 865,944       10            667,125 
 865,944       10            667,5 
 865,944       10            667,922 
 865,944       10            668,25 
 865,944       10            668,625 
 865,944       10            669,062 
 865,944       10            669,937 
 865,944       10            670,422 
 865,944       10            670,797 
 865,944       10            671,172 
 865,944       10            671,609 
 865,944       10            672 
 865,944       10            672,484 
 865,944       10            672,859 
 865,944       10            673,25 
 865,944       10            673,625 
 865,944       10            674,047 
 865,944       10            674,422 
 865,944       10            674,937 
 865,944       10            675,359 
 865,944       10            675,734 
 865,944       10            676,109 
 865,944       10            676,484 
 865,944       10            676,859 
 865,944       10            677,312 
 865,944       10            677,75 
 865,944       10            678,125 
 865,944       10            678,484 
 865,944       10            678,875 
 865,944       10            679,25 
 865,944       10            679,625 
 865,944       10            680 
 865,944       10            680,359 
 865,944       10            680,75 
 865,944       10            681,125 
 865,944       10            681,5 
 865,944       10            681,812 
 865,944       10            682,672 
 865,944       10            683 
 865,944       10            683,422 
 865,944       10            683,812 
 865,944       10            684,187 
 865,944       10            684,625 
 865,944       10            685,187 
 865,944       10            685,859 
 865,944       10            686,312 
 865,944       10            686,734 
 865,944       10            687,234 
 865,944       10            687,609 
 865,944       10            688,062 
 865,944       10            688,437 
 865,944       10            688,859 
 865,944       10            689,25 
 865,944       10            689,672 
 865,944       10            690,125 
 865,944       10            690,5 
 865,944       10            690,875 
 865,944       10            691,359 
 865,944       10            691,812 
 865,944       10            692,187 
 865,944       10            692,812 
 865,944       10            693,187 
 865,944       10            693,609 
 865,944       10            693,937 
 865,944       10            694,359 
 865,944       10            694,734 
 865,944       10            695,125 
 865,944       10            695,609 
 865,944       10            696,047 
 865,944       10            696,375 
 865,944       10            696,75 
 865,944       10            697,125 
 865,944       10            697,484 
 865,944       10            697,859 
 865,944       10            698,234 
 865,944       10            698,562 
 865,944       10            699,109 
 865,944       10            699,484 
 865,944       10            699,875 
 865,944       10            700,297 
 865,944       10            700,687 
 865,944       10            701,062 
 865,944       10            701,422 
