Costo de la solución:
 1254,81494908828 

1	1	146,455	30	0	50	39	36		0
1	2	125,24	82	0	47	45	41	42	40		0
1	3	134,159	45	0	48	43	35		0
1	4	108,652	97	0	46	44	49	34	37	33		0
1	5	132,031	82	0	20	31	10	28	22	3		0
1	6	111,05	75	0	38	32	29	27	30	21		0
1	7	121,831	44	0	26	25	19		0
1	8	109,084	98	0	18	17	15	14	13		0
1	9	120,821	94	0	23	16	9	8	24	7		0
1	10	68,071	99	0	12	11	5	2		0
1	11	49,63	24	0	6	4		0
1	12	27,784	7	0	1		0
1	13	0	0	0		0
1	14	0	0	0		0
1	15	0	0	0		0

Tiempo de ejecución:
 5,70306249999703 
