Costo de la solución:
 2732,13953959341 

1	1	139,413	82	0	140	130	116	126	121	115		0
1	2	129,423	64	0	139	138	131	120	114		0
1	3	137,139	35	0	128	85	101	57	74	36		0
1	4	136,842	106	0	132	113	145	112	133	99		0
1	5	130,281	127	0	123	122	127	125	118	117		0
1	6	109,88	129	0	148	141	93	144	136	147	94	110	88		0
1	7	119,145	134	0	150	149	135	111	64	41	40		0
1	8	121,897	96	0	96	134	98	97	86	58	43		0
1	9	137,891	72	0	79	80	70	84	105	35		0
1	10	127,816	110	0	137	89	75	107	106	91	73		0
1	11	106,348	119	0	102	61	83	82	81	60	51	31		0
1	12	131,309	88	0	62	59	69	27	28	26		0
1	13	119,364	102	0	46	22	71	49	29	20	50	3		0
1	14	124,263	132	0	24	146	63	47	14	8	7		0
1	15	110,879	141	0	67	25	92	66	143	55	95	13		0
1	16	133,397	90	0	129	124	65	104	54	39		0
1	17	98,623	98	0	119	109	90	52	44	42	142	87	19		0
1	18	132,683	80	0	103	100	68	53	32	23		0
1	19	115,979	137	0	72	45	33	30	78	76	34	21		0
1	20	63,479	51	0	108	77	48		0
1	21	96,146	60	0	38	56	37	17	15	16	10		0
1	22	103,83	151	0	12	5	18	11	9	2		0
1	23	36,878	15	0	6		0
1	24	34,985	9	0	4		0
1	25	34,234	7	0	1		0
1	26	0	0	0		0
1	27	0	0	0		0
1	28	0	0	0		0

Tiempo de ejecución:
 50,828187500003 
