Costo de la solución:
 2156,95192653522 

1	1	210,197	192	0	96	95	87	80	71	81	79	78	90	88	70	66	65		0
1	2	141,479	94	0	100	99	85	84	83	64		0
1	3	306,424	196	0	92	91	74	67	55	51	98	94	93	82	63	77	62	49		0
1	4	224,614	196	0	59	42	47	46	56	86	72	57	44	58	43	60	38		0
1	5	222,07	165	0	97	89	69	52	75	73	61	45	76	50	48	36		0
1	6	108,96	62	0	68	54	35		0
1	7	203,236	139	0	53	41	33	24	37	34	29	25	40	39	23		0
1	8	68	23	0	32		0
1	9	96,662	65	0	31	20	19	11		0
1	10	149,614	150	0	26	22	21	12	30	28	27	10	9		0
1	11	110,744	61	0	18	17	15	16	14		0
1	12	64,336	32	0	13	8		0
1	13	98,451	27	0	7	6	4		0
1	14	85,696	39	0	5	3		0
1	15	0	0	0	2		0
1	16	0	0	0	1		0
1	17	0	0	0		0

Tiempo de ejecución:
 21,8904062500005 
