Costo de la solución:
 1594,83547160533 

1	1	213,317	125	0	68	79	80	56	63	66	64	65	59	116	0
1	2	189,725	115	0	52	54	57	61	62	60	58	55	53	98	0
1	3	188,287	123	0	109	37	44	46	49	50	51	47	41	38	0
1	4	191,713	82	0	16	24	27	30	33	34	36	29	26	21	0
1	5	17,469	36	0	119	82	88	0
1	6	172,798	127	0	96	97	115	39	42	48	45	43	40	110	0
1	7	176,461	102	0	20	23	32	35	31	28	25	22	19	17	0
1	8	44,09	139	0	86	85	84	18	118	114	90	91	89	92	87	95	0
1	9	119,881	148	0	93	94	108	8	12	13	14	15	5	113	112	111	0
1	10	43,6	89	0	102	101	99	100	103	104	107	106	105	120	0
1	11	129,79	162	0	73	76	77	78	75	72	74	71	67	70	69	0
1	12	107,699	127	0	117	83	6	7	9	11	10	4	3	1	2	81	0
1	13	0	0	0	0

Tiempo de ejecución:
 2207,51759375 
