Costo de la solución:
 1580,39196532124 

1	1	209,922	129	0	65	61	62	64	66	63	60	56	58	55	0
1	2	189,005	107	0	110	40	43	45	51	50	49	47	46	44	0
1	3	189,066	72	0	29	32	35	36	34	31	28	23	26	21	0
1	4	177,43	112	0	20	25	30	33	27	24	22	19	16	17	0
1	5	192,199	111	0	68	79	80	53	52	54	57	59	98	116	0
1	6	-0,001	0	0	0
1	7	175,518	143	0	109	37	41	48	42	39	38	115	97	102	0
1	8	39,359	131	0	87	92	89	91	90	114	118	18	85	86	111	88	0
1	9	129,031	162	0	67	69	70	71	74	72	75	78	77	76	73	0
1	10	53,487	115	0	95	93	94	96	101	99	100	103	104	107	106	105	120	0
1	11	118,626	152	0	84	6	7	9	10	11	15	14	13	12	8	108	0
1	12	106,744	141	0	119	81	2	1	3	4	5	83	113	117	112	82	0
1	13	0	0	0	0

Tiempo de ejecución:
 2783,43231249999 
