Iteraciones:   2398 

Costo         Vehículos     Tiempo [seg]
 1865,667      13            1,766 
 1851,252      13            3,518 
 1815,512      13            5,458 
 1815,512      13            7,022 
 1815,512      13            8,164 
 1779,954      13            10,104 
 1747,163      13            11,559 
 1747,163      13            12,763 
 1747,163      13            14,249 
 1747,163      13            15,36 
 1747,163      13            16,737 
 1747,163      13            17,863 
 1747,163      13            19,067 
 1747,163      13            20,46 
 1747,163      13            21,476 
 1723,507      13            22,697 
 1723,507      13            23,901 
 1723,507      13            25,215 
 1723,507      13            26,404 
 1723,507      13            27,827 
 1723,507      13            29,141 
 1723,507      13            30,33 
 1723,507      13            31,535 
 1723,507      13            32,739 
 1688,081      13            34,116 
 1683,823      13            35,336 
 1660,697      13            36,634 
 1660,697      13            37,761 
 1660,697      13            39,075 
 1660,697      13            40,201 
 1660,697      13            41,593 
 1643,21       13            42,985 
 1643,21       13            44,378 
 1643,21       13            45,739 
 1643,21       13            46,928 
 1643,21       13            48,257 
 1643,21       13            49,446 
 1643,21       13            50,541 
 1643,21       13            51,933 
 1643,21       13            52,95 
 1643,21       13            54,155 
 1643,21       13            55,375 
 1643,21       13            56,36 
 1643,21       13            57,221 
 1643,21       13            58,097 
 1643,21       13            58,941 
 1643,21       13            59,708 
 1643,21       13            60,756 
 1643,21       13            61,71 
 1643,21       13            62,508 
 1643,21       13            63,337 
 1643,21       13            64,213 
 1643,21       13            64,964 
 1643,21       13            65,84 
 1643,21       13            66,622 
 1643,21       13            67,451 
 1643,21       13            68,233 
 1643,21       13            69 
 1643,21       13            69,751 
 1643,21       13            70,564 
 1643,21       13            71,331 
 1643,21       13            72,207 
 1643,21       13            72,989 
 1643,21       13            73,677 
 1643,21       13            74,6 
 1643,21       13            75,46 
 1643,21       13            76,258 
 1643,21       13            76,946 
 1643,21       13            77,791 
 1643,21       13            78,479 
 1643,21       13            79,23 
 1643,21       13            80,075 
 1643,21       13            80,888 
 1643,21       13            81,671 
 1643,21       13            82,421 
 1643,21       13            83,297 
 1643,21       13            84,095 
 1643,21       13            84,831 
 1643,21       13            85,566 
 1643,21       13            86,395 
 1643,21       13            87,13 
 1643,21       13            87,943 
 1643,21       13            88,726 
 1643,21       13            89,523 
 1643,21       13            90,415 
 1643,21       13            91,244 
 1643,21       13            92,214 
 1643,21       13            92,949 
 1643,21       13            93,872 
 1643,21       13            94,748 
 1643,21       13            95,577 
 1643,21       13            96,469 
 1643,21       13            97,439 
 1643,21       13            98,252 
 1621,719      13            99,097 
 1621,719      13            99,848 
 1621,719      13            100,771 
 1621,719      13            101,647 
 1621,719      13            102,664 
 1621,719      13            103,649 
 1621,719      13            104,447 
 1621,719      13            105,542 
 1621,719      13            106,856 
 1621,719      13            107,951 
 1621,719      13            108,858 
 1621,719      13            109,734 
 1621,719      13            110,579 
 1621,719      13            111,361 
 1621,719      13            112,112 
 1621,719      13            112,957 
 1621,719      13            113,833 
 1621,719      13            114,74 
 1621,719      13            115,585 
 1621,719      13            116,523 
 1621,719      13            117,321 
 1621,719      13            118,119 
 1621,719      13            118,917 
 1621,719      13            119,636 
 1621,719      13            120,371 
 1621,719      13            121,169 
 1621,719      13            122,03 
 1621,719      13            122,874 
 1621,719      13            123,672 
 1621,719      13            124,423 
 1621,719      13            125,268 
 1621,719      13            126,144 
 1621,719      13            126,926 
 1621,719      13            127,802 
 1621,719      13            128,474 
 1621,719      13            129,319 
 1621,719      13            130,148 
 1621,719      13            130,946 
 1621,719      13            131,822 
 1621,719      13            132,557 
 1621,719      13            133,371 
 1621,719      13            134,044 
 1621,719      13            134,967 
 1621,719      13            135,78 
 1621,719      13            136,625 
 1621,719      13            137,516 
 1621,719      13            138,236 
 1621,719      13            139,034 
 1621,719      13            139,722 
 1621,719      13            140,692 
 1621,719      13            141,443 
 1621,719      13            142,178 
 1621,719      13            143,039 
 1621,719      13            143,727 
 1621,719      13            144,525 
 1621,719      13            145,401 
 1621,719      13            146,199 
 1621,719      13            147,137 
 1621,719      13            147,872 
 1621,719      13            148,748 
 1621,719      13            150,078 
 1621,719      13            151,408 
 1621,719      13            152,706 
 1621,719      13            154,067 
 1621,719      13            155,397 
 1621,719      13            156,508 
 1621,719      13            157,79 
 1621,719      13            158,995 
 1621,719      13            160,043 
 1621,719      13            161,295 
 1621,719      13            162,593 
 1621,719      13            163,797 
 1621,719      13            165,143 
 1621,719      13            166,269 
 1621,719      13            167,489 
 1621,719      13            168,756 
 1621,719      13            170,024 
 1621,719      13            171,338 
 1621,719      13            172,527 
 1621,719      13            173,841 
 1621,719      13            175,123 
 1621,719      13            176,422 
 1621,719      13            177,642 
 1621,719      13            178,878 
 1621,719      13            180,192 
 1621,719      13            181,24 
 1621,719      13            182,445 
 1621,719      13            183,633 
 1621,719      13            184,65 
 1621,719      13            185,87 
 1621,719      13            187,059 
 1621,719      13            188,092 
 1621,719      13            189,218 
 1621,719      13            190,345 
 1621,719      13            191,471 
 1621,719      13            192,597 
 1621,719      13            193,723 
 1621,719      13            194,85 
 1621,719      13            195,945 
 1621,719      13            197,056 
 1621,719      13            198,354 
 1621,719      13            199,715 
 1621,719      13            200,857 
 1621,719      13            202,187 
 1621,719      13            203,266 
 1621,719      13            204,549 
 1621,719      13            205,691 
 1621,719      13            206,801 
 1621,719      13            207,897 
 1621,719      13            209,023 
 1621,719      13            210,227 
 1621,719      13            211,432 
 1621,719      13            213,121 
 1621,719      13            214,764 
 1621,719      13            215,969 
 1621,719      13            217,189 
 1621,719      13            218,331 
 1621,719      13            219,473 
 1621,719      13            220,568 
 1621,719      13            221,694 
 1621,719      13            223,18 
 1621,719      13            224,228 
 1621,719      13            225,37 
 1621,719      13            226,778 
 1621,719      13            228,374 
 1621,719      13            229,5 
 1621,719      13            230,767 
 1621,719      13            231,878 
 1621,719      13            233,098 
 1621,719      13            234,412 
 1621,719      13            235,554 
 1621,719      13            236,837 
 1621,719      13            238,135 
 1621,719      13            239,246 
 1621,719      13            240,279 
 1621,719      13            241,421 
 1621,719      13            242,719 
 1621,719      13            243,908 
 1621,719      13            245,019 
 1621,719      13            246,223 
 1621,719      13            247,506 
 1621,719      13            248,726 
 1621,719      13            249,899 
 1621,719      13            251,104 
 1621,719      13            252,308 
 1621,719      13            253,513 
 1621,719      13            254,733 
 1621,719      13            255,922 
 1621,719      13            257,205 
 1621,719      13            258,425 
 1621,719      13            259,614 
 1621,719      13            260,818 
 1621,719      13            261,757 
 1621,719      13            262,852 
 1618,684      13            263,947 
 1618,684      13            265,058 
 1618,684      13            266,372 
 1618,684      13            267,467 
 1618,684      13            268,703 
 1618,684      13            269,892 
 1618,684      13            271,174 
 1618,684      13            272,473 
 1618,684      13            273,63 
 1618,684      13            274,835 
 1618,684      13            276,04 
 1610,851      13            277,229 
 1610,851      13            278,37 
 1610,851      13            279,559 
 1610,851      13            280,717 
 1610,851      13            282,062 
 1610,851      13            283,189 
 1610,851      13            284,644 
 1610,851      13            285,895 
 1610,851      13            287,225 
 1610,851      13            288,57 
 1610,851      13            289,868 
 1610,851      13            291,089 
 1610,851      13            292,215 
 1610,851      13            293,639 
 1610,851      13            294,984 
 1610,851      13            296,22 
 1610,851      13            297,456 
 1610,851      13            298,582 
 1610,851      13            299,802 
 1610,851      13            301,022 
 1610,851      13            302,242 
 1610,851      13            303,557 
 1610,851      13            304,933 
 1610,851      13            306,216 
 1610,851      13            307,327 
 1610,851      13            308,453 
 1610,851      13            309,657 
 1610,851      13            310,831 
 1610,851      13            312,239 
 1610,851      13            313,349 
 1610,851      13            314,538 
 1610,851      13            315,743 
 1610,851      13            317,041 
 1610,851      13            318,152 
 1610,851      13            319,247 
 1610,851      13            320,545 
 1610,851      13            321,75 
 1610,851      13            322,954 
 1610,851      13            324,049 
 1610,851      13            325,16 
 1610,851      13            326,271 
 1610,851      13            327,491 
 1610,851      13            328,821 
 1610,851      13            329,9 
 1610,851      13            331,026 
 1610,851      13            332,309 
 1610,851      13            333,608 
 1610,851      13            334,812 
 1610,851      13            335,845 
 1610,851      13            337,127 
 1610,851      13            338,426 
 1610,851      13            339,521 
 1610,851      13            340,632 
 1610,851      13            341,664 
 1610,851      13            343,025 
 1610,851      13            344,23 
 1610,851      13            345,45 
 1610,851      13            346,733 
 1610,851      13            347,953 
 1610,851      13            349,063 
 1610,851      13            350,08 
 1610,851      13            351,363 
 1610,851      13            352,38 
 1610,851      13            353,506 
 1610,851      13            354,648 
 1610,851      13            355,915 
 1610,851      13            357,308 
 1610,851      13            358,778 
 1610,851      13            359,889 
 1610,851      13            361,078 
 1610,851      13            362,486 
 1610,851      13            363,784 
 1610,851      13            364,989 
 1610,851      13            366,115 
 1610,851      13            367,382 
 1610,851      13            368,508 
 1610,851      13            369,838 
 1610,851      13            371,011 
 1610,851      13            372,185 
 1610,851      13            373,514 
 1610,851      13            374,734 
 1610,851      13            375,923 
 1610,851      13            377,081 
 1610,851      13            378,192 
 1610,851      13            379,49 
 1610,851      13            380,663 
 1610,851      13            381,884 
 1610,851      13            383,088 
 1610,851      13            384,277 
 1610,851      13            385,403 
 1610,851      13            386,608 
 1610,851      13            387,812 
 1610,851      13            388,983 
 1610,851      13            390,009 
 1610,851      13            391,378 
 1610,851      13            392,482 
 1610,851      13            393,602 
 1610,851      13            395,064 
 1610,851      13            396,153 
 1610,851      13            397,366 
 1610,851      13            398,657 
 1610,851      13            399,777 
 1610,851      13            401,146 
 1610,851      13            402,234 
 1610,851      13            403,525 
 1610,851      13            404,645 
 1610,851      13            406,014 
 1610,851      13            407,118 
 1610,851      13            408,3 
 1610,851      13            409,685 
 1610,851      13            410,789 
 1610,851      13            411,971 
 1610,851      13            413,169 
 1610,851      13            414,366 
 1610,851      13            415,58 
 1610,851      13            416,715 
 1610,851      13            417,944 
 1610,851      13            419,048 
 1610,851      13            420,075 
 1610,851      13            421,179 
 1610,851      13            422,454 
 1610,851      13            423,636 
 1610,851      13            424,912 
 1610,851      13            426,016 
 1610,851      13            427,307 
 1610,851      13            428,458 
 1610,851      13            429,702 
 1610,851      13            430,807 
 1610,851      13            432,035 
 1610,851      13            433,202 
 1610,851      13            434,462 
 1610,851      13            435,582 
 1610,851      13            436,639 
 1610,851      13            437,899 
 1610,851      13            439,003 
 1610,851      13            440,201 
 1610,851      13            441,492 
 1610,851      13            442,69 
 1610,851      13            443,981 
 1610,851      13            445,256 
 1610,851      13            446,36 
 1610,851      13            447,651 
 1610,851      13            448,647 
 1610,851      13            449,767 
 1610,851      13            451,042 
 1610,851      13            452,333 
 1610,851      13            453,795 
 1610,851      13            454,993 
 1610,851      13            456,19 
 1610,851      13            457,31 
 1610,851      13            458,399 
 1610,851      13            459,441 
 1610,851      13            460,701 
 1610,851      13            461,805 
 1610,851      13            462,925 
 1610,851      13            464,2 
 1610,851      13            465,32 
 1610,851      13            466,596 
 1610,851      13            467,964 
 1610,851      13            469,1 
 1610,851      13            470,546 
 1610,851      13            471,666 
 1610,851      13            472,973 
 1610,851      13            474,155 
 1610,851      13            475,275 
 1610,851      13            476,628 
 1610,851      13            477,825 
 1610,851      13            479,023 
 1610,851      13            480,221 
 1610,851      13            481,683 
 1610,851      13            482,803 
 1610,851      13            484 
 1610,851      13            485,105 
 1610,851      13            486,287 
 1610,851      13            487,407 
 1610,851      13            488,666 
 1604,627      13            489,864 
 1604,627      13            490,984 
 1604,627      13            492,182 
 1604,627      13            493,441 
 1604,627      13            494,577 
 1604,627      13            495,759 
 1604,627      13            497,221 
 1604,627      13            498,559 
 1604,627      13            499,756 
 1604,627      13            501,047 
 1604,627      13            502,245 
 1604,627      13            503,411 
 1604,627      13            504,609 
 1604,627      13            505,744 
 1604,627      13            507,02 
 1604,627      13            508,233 
 1604,627      13            509,493 
 1604,627      13            510,815 
 1604,627      13            511,857 
 1604,627      13            513,055 
 1604,627      13            514,237 
 1604,627      13            515,528 
 1604,627      13            516,694 
 1604,627      13            517,892 
 1604,627      13            519,229 
 1604,627      13            520,334 
 1604,627      13            521,36 
 1604,627      13            522,558 
 1604,627      13            523,849 
 1604,627      13            525,124 
 1601,497      13            526,057 
 1601,497      13            527,255 
 1601,497      13            528,515 
 1601,497      13            529,915 
 1601,497      13            531,097 
 1601,497      13            532,372 
 1601,497      13            533,399 
 1601,497      13            534,41 
 1601,497      13            535,514 
 1601,497      13            536,712 
 1601,497      13            538,003 
 1601,497      13            539,185 
 1601,497      13            540,367 
 1601,497      13            541,393 
 1601,497      13            542,591 
 1601,497      13            543,773 
 1601,497      13            545,064 
 1601,497      13            546,262 
 1601,497      13            547,444 
 1601,497      13            548,657 
 1601,497      13            549,839 
 1601,497      13            551,146 
 1601,497      13            552,405 
 1601,497      13            553,619 
 1601,497      13            554,801 
 1601,497      13            555,827 
 1601,497      13            557,009 
 1601,497      13            558,191 
 1601,497      13            559,591 
 1601,497      13            560,96 
 1601,497      13            562,158 
 1601,497      13            563,371 
 1601,497      13            564,848 
 1601,497      13            566,124 
 1601,497      13            567,415 
 1601,497      13            568,612 
 1601,497      13            569,794 
 1601,497      13            570,899 
 1601,497      13            572,003 
 1601,497      13            573,232 
 1601,497      13            574,538 
 1601,497      13            575,814 
 1601,497      13            577,011 
 1601,497      13            578,225 
 1601,497      13            579,422 
 1601,497      13            580,433 
 1601,497      13            581,538 
 1601,497      13            582,922 
 1601,497      13            584,182 
 1601,497      13            585,768 
 1601,497      13            586,872 
 1601,497      13            587,977 
 1601,497      13            589,159 
 1601,497      13            590,45 
 1601,497      13            592,005 
 1601,497      13            593,109 
 1601,497      13            594,214 
 1601,497      13            595,303 
 1601,497      13            596,718 
 1601,497      13            598,024 
 1601,497      13            599,051 
 1601,497      13            600,155 
 1601,497      13            601,353 
 1601,497      13            602,535 
 1601,497      13            603,562 
 1601,497      13            604,837 
 1601,497      13            605,941 
 1601,497      13            607,123 
 1601,497      13            608,228 
 1601,497      13            609,534 
 1601,497      13            610,81 
 1601,497      13            612,101 
 1601,497      13            613,283 
 1601,497      13            614,402 
 1601,497      13            615,6 
 1601,497      13            616,782 
 1601,497      13            617,887 
 1601,497      13            618,975 
 1601,497      13            620,188 
 1601,497      13            621,293 
 1601,497      13            622,661 
 1601,497      13            623,766 
 1601,497      13            624,948 
 1601,497      13            626,068 
 1601,497      13            627,265 
 1601,497      13            628,37 
 1601,497      13            629,474 
 1601,497      13            630,672 
 1601,497      13            631,683 
 1601,497      13            632,849 
 1601,497      13            634,14 
 1601,497      13            635,26 
 1601,497      13            636,535 
 1601,497      13            637,655 
 1601,497      13            638,837 
 1601,497      13            639,942 
 1601,497      13            641,217 
 1601,497      13            642,321 
 1601,497      13            643,721 
 1601,497      13            644,81 
 1601,497      13            645,914 
 1601,497      13            647,299 
 1601,497      13            648,574 
 1601,497      13            649,694 
 1601,497      13            650,876 
 1601,497      13            652,151 
 1601,497      13            653,178 
 1601,497      13            654,282 
 1601,497      13            655,293 
 1601,497      13            656,569 
 1601,497      13            657,766 
 1601,497      13            658,964 
 1601,497      13            660,239 
 1601,497      13            661,452 
 1601,497      13            662,806 
 1601,497      13            664,003 
 1601,497      13            665,294 
 1601,497      13            666,756 
 1601,497      13            667,969 
 1601,497      13            669,245 
 1601,497      13            670,614 
 1601,497      13            671,827 
 1601,497      13            673,04 
 1601,497      13            674,486 
 1601,497      13            675,793 
 1601,497      13            677,006 
 1601,497      13            678,095 
 1601,497      13            679,199 
 1601,497      13            680,397 
 1601,497      13            681,517 
 1601,497      13            682,683 
 1601,497      13            683,896 
 1601,497      13            685,094 
 1601,497      13            686,276 
 1601,497      13            687,475 
 1601,497      13            688,583 
 1601,497      13            689,863 
 1601,497      13            691,127 
 1601,497      13            692,376 
 1601,497      13            693,577 
 1601,497      13            694,701 
 1601,497      13            695,856 
 1601,497      13            697,183 
 1601,497      13            698,494 
 1601,497      13            699,648 
 1601,497      13            701,053 
 1601,497      13            702,38 
 1601,497      13            703,41 
 1601,497      13            704,518 
 1601,497      13            705,766 
 1601,497      13            706,952 
 1601,497      13            708,248 
 1601,497      13            709,45 
 1601,497      13            710,542 
 1601,497      13            711,65 
 1601,497      13            712,852 
 1601,497      13            714,1 
 1601,497      13            715,396 
 1601,497      13            716,566 
 1601,497      13            717,69 
 1601,497      13            718,97 
 1601,497      13            720,281 
 1601,497      13            721,389 
 1601,497      13            722,653 
 1601,497      13            723,964 
 1601,497      13            725,259 
 1601,497      13            726,477 
 1601,497      13            727,866 
 1601,497      13            729,145 
 1601,497      13            730,254 
 1601,497      13            731,455 
 1601,497      13            732,641 
 1601,497      13            733,937 
 1601,497      13            735,139 
 1601,497      13            736,247 
 1601,497      13            737,464 
 1601,497      13            738,915 
 1601,497      13            740,18 
 1601,497      13            741,241 
 1601,497      13            742,458 
 1601,497      13            743,644 
 1601,497      13            744,862 
 1601,497      13            745,876 
 1601,497      13            747,171 
 1601,497      13            748,373 
 1601,497      13            749,403 
 1601,497      13            750,714 
 1601,497      13            751,932 
 1601,497      13            753,04 
 1601,497      13            754,163 
 1601,497      13            755,396 
 1601,497      13            756,598 
 1601,497      13            757,8 
 1601,497      13            758,923 
 1601,497      13            760,125 
 1601,497      13            761,264 
 1601,497      13            762,56 
 1601,497      13            763,59 
 1601,497      13            764,901 
 1601,497      13            766,118 
 1601,497      13            767,242 
 1601,497      13            768,475 
 1601,497      13            769,692 
 1601,497      13            770,91 
 1601,497      13            772,111 
 1601,497      13            773,329 
 1601,497      13            774,562 
 1601,497      13            775,951 
 1601,497      13            777,09 
 1601,497      13            778,494 
 1601,497      13            779,618 
 1601,497      13            780,836 
 1601,497      13            782,24 
 1601,497      13            783,52 
 1601,497      13            784,55 
 1601,497      13            785,752 
 1601,497      13            786,891 
 1601,497      13            788,108 
 1601,497      13            789,248 
 1601,497      13            790,371 
 1601,497      13            791,495 
 1601,497      13            792,712 
 1601,497      13            793,898 
 1601,497      13            795,1 
 1601,497      13            796,13 
 1601,497      13            797,504 
 1601,497      13            798,534 
 1601,497      13            799,657 
 1601,497      13            800,859 
 1601,497      13            801,905 
 1601,497      13            803,029 
 1601,497      13            804,137 
 1601,497      13            805,448 
 1601,497      13            806,571 
 1601,497      13            807,711 
 1601,497      13            808,725 
 1601,497      13            810,005 
 1601,497      13            811,316 
 1601,497      13            812,58 
 1601,497      13            813,688 
 1601,101      13            814,89 
 1601,101      13            815,92 
 1601,101      13            817,122 
 1601,101      13            818,401 
 1601,101      13            819,494 
 1601,101      13            820,617 
 1601,101      13            821,757 
 1601,101      13            822,88 
 1601,101      13            824,176 
 1601,101      13            825,471 
 1601,101      13            826,392 
 1601,101      13            827,25 
 1601,101      13            828 
 1601,101      13            828,842 
 1601,101      13            829,654 
 1601,101      13            830,356 
 1601,101      13            831,012 
 1601,101      13            831,87 
 1601,101      13            832,666 
 1601,101      13            833,602 
 1601,101      13            834,617 
 1601,101      13            835,522 
 1601,101      13            836,334 
 1601,101      13            837,083 
 1601,101      13            837,957 
 1601,101      13            838,94 
 1601,101      13            839,783 
 1601,101      13            840,532 
 1601,101      13            841,297 
 1601,101      13            842,015 
 1601,101      13            842,764 
 1601,101      13            843,684 
 1601,101      13            844,605 
 1601,101      13            845,386 
 1601,101      13            846,15 
 1601,101      13            846,993 
 1601,101      13            847,789 
 1601,101      13            848,616 
 1601,101      13            849,475 
 1601,101      13            850,942 
 1601,101      13            852,393 
 1601,101      13            853,517 
 1601,101      13            854,953 
 1601,101      13            856,17 
 1601,101      13            857,45 
 1601,101      13            858,776 
 1601,101      13            860,197 
 1601,101      13            861,57 
 1601,101      13            862,85 
 1601,101      13            864,145 
 1601,101      13            865,425 
 1601,101      13            866,533 
 1601,101      13            867,672 
 1601,101      13            869,046 
 1601,101      13            870,154 
 1601,101      13            871,605 
 1601,101      13            872,745 
 1601,101      13            873,806 
 1601,101      13            874,992 
 1601,101      13            876,194 
 1601,101      13            877,302 
 1601,101      13            878,566 
 1601,101      13            879,955 
 1601,101      13            881,266 
 1601,101      13            882,639 
 1601,101      13            883,576 
 1601,101      13            884,762 
 1601,101      13            885,979 
 1601,101      13            887,462 
 1601,101      13            889,007 
 1601,101      13            890,021 
 1601,101      13            891,442 
 1601,101      13            892,971 
 1601,101      13            894,188 
 1601,101      13            895,39 
 1601,101      13            896,686 
 1601,101      13            897,794 
 1601,101      13            899,058 
 1601,101      13            900,275 
 1601,101      13            901,477 
 1601,101      13            902,679 
 1601,101      13            903,709 
 1601,101      13            905,004 
 1601,101      13            906,221 
 1601,101      13            907,486 
 1601,101      13            908,625 
 1601,101      13            909,717 
 1601,101      13            910,825 
 1601,101      13            911,871 
 1601,101      13            912,901 
 1601,101      13            914,321 
 1601,101      13            915,742 
 1601,101      13            916,787 
 1601,101      13            917,895 
 1601,101      13            919,222 
 1601,101      13            920,33 
 1601,101      13            921,469 
 1601,101      13            922,515 
 1584,926      13            923,654 
 1584,926      13            924,95 
 1584,926      13            926,058 
 1584,926      13            927,197 
 1584,926      13            928,321 
 1584,926      13            929,616 
 1584,926      13            930,662 
 1584,926      13            931,863 
 1584,926      13            932,894 
 1584,926      13            934,033 
 1584,926      13            935,25 
 1584,926      13            936,374 
 1584,926      13            937,685 
 1584,926      13            938,887 
 1584,926      13            939,917 
 1584,926      13            941,243 
 1584,926      13            942,429 
 1584,926      13            943,537 
 1584,926      13            944,489 
 1584,926      13            945,598 
 1584,926      13            946,721 
 1584,926      13            947,673 
 1584,926      13            948,781 
 1584,926      13            949,827 
 1584,926      13            951,013 
 1584,926      13            952,043 
 1584,926      13            953,229 
 1584,926      13            954,337 
 1584,926      13            955,43 
 1584,926      13            956,554 
 1584,926      13            957,677 
 1584,926      13            958,77 
 1584,926      13            960,081 
 1584,926      13            961,251 
 1584,926      13            962,453 
 1584,926      13            963,67 
 1584,926      13            964,872 
 1584,926      13            965,996 
 1584,926      13            967,119 
 1584,926      13            968,212 
 1584,926      13            969,507 
 1584,926      13            970,928 
 1584,926      13            972,129 
 1584,926      13            973,347 
 1584,926      13            974,564 
 1584,926      13            975,61 
 1584,926      13            976,921 
 1584,926      13            978,138 
 1584,926      13            979,355 
 1584,926      13            980,557 
 1584,926      13            981,587 
 1584,926      13            982,633 
 1584,926      13            983,756 
 1584,926      13            985,052 
 1584,926      13            986,175 
 1584,926      13            987,222 
 1584,926      13            988,347 
 1584,926      13            989,659 
 1584,926      13            990,878 
 1584,926      13            992,003 
 1584,926      13            993,3 
 1584,926      13            994,503 
 1584,926      13            995,613 
 1584,926      13            996,769 
 1584,926      13            997,972 
 1584,926      13            999,191 
 1584,926      13            1000,551 
 1584,926      13            1001,77 
 1584,926      13            1003,035 
 1584,926      13            1004,551 
 1584,926      13            1005,692 
 1584,926      13            1006,895 
 1584,926      13            1008,082 
 1584,926      13            1009,27 
 1584,926      13            1010,395 
 1584,926      13            1011,723 
 1584,926      13            1013,02 
 1584,926      13            1014,208 
 1584,926      13            1015,411 
 1584,926      13            1016,52 
 1584,926      13            1017,817 
 1584,926      13            1019,021 
 1584,926      13            1020,146 
 1584,926      13            1021,411 
 1584,926      13            1022,568 
 1584,926      13            1023,677 
 1584,926      13            1024,927 
 1584,926      13            1026,193 
 1584,926      13            1027,381 
 1584,926      13            1028,771 
 1584,926      13            1029,99 
 1584,926      13            1031,178 
 1584,926      13            1032,85 
 1584,926      13            1033,897 
 1584,926      13            1035,209 
 1584,926      13            1036,444 
 1584,926      13            1037,631 
 1584,926      13            1038,897 
 1584,926      13            1040,084 
 1584,926      13            1041,475 
 1584,926      13            1042,6 
 1584,926      13            1043,803 
 1584,926      13            1044,991 
 1584,926      13            1046,116 
 1584,926      13            1047,319 
 1584,926      13            1048,413 
 1584,926      13            1049,523 
 1584,926      13            1050,554 
 1584,926      13            1051,554 
 1584,926      13            1052,679 
 1584,926      13            1053,804 
 1584,926      13            1054,82 
 1584,926      13            1055,945 
 1584,926      13            1057,148 
 1584,926      13            1058,226 
 1584,926      13            1059,258 
 1584,926      13            1060,461 
 1584,926      13            1061,758 
 1584,926      13            1063,039 
 1584,926      13            1064,149 
 1584,926      13            1065,258 
 1584,926      13            1066,539 
 1584,926      13            1067,758 
 1584,926      13            1069,133 
 1584,926      13            1070,336 
 1584,926      13            1071,54 
 1584,926      13            1072,93 
 1584,926      13            1074,055 
 1584,926      13            1075,227 
 1584,926      13            1076,431 
 1584,926      13            1077,556 
 1584,926      13            1078,743 
 1584,926      13            1079,775 
 1584,926      13            1080,884 
 1584,926      13            1082,009 
 1584,926      13            1083,478 
 1584,926      13            1084,681 
 1584,926      13            1085,775 
 1584,926      13            1086,9 
 1584,926      13            1088,103 
 1584,926      13            1089,369 
 1584,926      13            1090,775 
 1584,926      13            1091,963 
 1584,926      13            1093,182 
 1584,926      13            1094,369 
 1584,926      13            1095,572 
 1584,926      13            1096,76 
 1584,926      13            1098,057 
 1584,926      13            1099,182 
 1584,926      13            1100,385 
 1584,926      13            1101,526 
 1584,926      13            1102,745 
 1584,926      13            1103,995 
 1584,926      13            1105,151 
 1584,926      13            1106,261 
 1584,926      13            1107,323 
 1584,926      13            1108,776 
 1584,926      13            1109,948 
 1584,926      13            1111,417 
 1584,926      13            1112,558 
 1584,926      13            1113,605 
 1584,926      13            1114,761 
 1584,926      13            1115,886 
 1584,926      13            1117,152 
 1584,926      13            1118,168 
 1584,926      13            1119,34 
 1584,926      13            1120,543 
 1584,926      13            1121,84 
 1584,926      13            1122,965 
 1584,926      13            1124,168 
 1584,926      13            1125,34 
 1584,926      13            1126,559 
 1584,926      13            1127,762 
 1584,926      13            1129,043 
 1584,926      13            1130,153 
 1584,926      13            1131,372 
 1584,926      13            1132,622 
 1584,926      13            1133,637 
 1584,926      13            1134,856 
 1584,926      13            1135,966 
 1584,926      13            1136,997 
 1584,926      13            1138,185 
 1584,926      13            1139,278 
 1584,926      13            1140,794 
 1584,926      13            1141,997 
 1584,926      13            1143,029 
 1584,926      13            1144,185 
 1584,926      13            1145,357 
 1584,926      13            1146,498 
 1584,926      13            1147,654 
 1584,926      13            1148,685 
 1584,926      13            1149,795 
 1584,926      13            1150,904 
 1584,926      13            1151,92 
 1584,926      13            1153,107 
 1584,926      13            1154,389 
 1584,926      13            1155,404 
 1584,926      13            1156,545 
 1584,926      13            1157,655 
 1584,926      13            1158,858 
 1584,926      13            1160,061 
 1584,926      13            1161,17 
 1584,926      13            1162,358 
 1584,926      13            1163,452 
 1584,926      13            1164,577 
 1584,926      13            1165,718 
 1584,926      13            1166,968 
 1584,926      13            1168,343 
 1584,926      13            1169,687 
 1584,926      13            1170,843 
 1584,926      13            1172,046 
 1584,926      13            1173,062 
 1584,926      13            1174,296 
 1584,926      13            1175,234 
 1584,926      13            1176,374 
 1584,926      13            1177,406 
 1584,926      13            1178,609 
 1584,926      13            1179,906 
 1584,926      13            1181,265 
 1584,926      13            1182,375 
 1584,926      13            1183,687 
 1584,926      13            1184,984 
 1584,926      13            1186,109 
 1584,926      13            1187,281 
 1584,926      13            1188,313 
 1584,926      13            1189,516 
 1584,926      13            1190,735 
 1584,926      13            1191,922 
 1584,926      13            1193,141 
 1584,926      13            1194,501 
 1584,926      13            1195,704 
 1584,926      13            1197,001 
 1584,926      13            1198,11 
 1584,926      13            1199,407 
 1584,926      13            1200,798 
 1584,926      13            1202,173 
 1584,926      13            1203,407 
 1584,926      13            1204,533 
 1584,926      13            1205,783 
 1584,926      13            1206,908 
 1584,926      13            1208,22 
 1584,926      13            1209,658 
 1584,926      13            1210,767 
 1584,926      13            1211,877 
 1584,926      13            1213,002 
 1584,926      13            1214,205 
 1584,926      13            1215,471 
 1584,926      13            1216,674 
 1584,926      13            1218,065 
 1584,926      13            1219,268 
 1584,926      13            1220,377 
 1584,926      13            1221,565 
 1584,926      13            1222,768 
 1584,926      13            1223,877 
 1584,926      13            1225,003 
 1584,926      13            1226,362 
 1584,926      13            1227,471 
 1584,926      13            1228,69 
 1584,926      13            1230,065 
 1584,926      13            1231,253 
 1584,926      13            1232,362 
 1584,926      13            1233,581 
 1584,926      13            1234,784 
 1584,926      13            1235,878 
 1584,926      13            1236,894 
 1584,926      13            1238,097 
 1584,926      13            1239,128 
 1584,926      13            1240,222 
 1584,926      13            1241,332 
 1584,926      13            1242,426 
 1584,926      13            1243,629 
 1584,926      13            1244,832 
 1584,926      13            1246,129 
 1584,926      13            1247,332 
 1584,926      13            1248,457 
 1584,926      13            1249,473 
 1584,926      13            1250,754 
 1584,926      13            1251,957 
 1584,926      13            1253,161 
 1584,926      13            1254,176 
 1584,926      13            1255,38 
 1584,926      13            1256,583 
 1584,926      13            1257,786 
 1584,926      13            1259,067 
 1584,926      13            1260,177 
 1584,926      13            1261,208 
 1584,926      13            1262,396 
 1584,926      13            1263,505 
 1584,926      13            1264,708 
 1584,926      13            1265,911 
 1584,926      13            1267,115 
 1584,926      13            1268,287 
 1584,926      13            1269,599 
 1584,926      13            1270,693 
 1584,926      13            1271,896 
 1584,926      13            1273,006 
 1584,926      13            1274,131 
 1584,926      13            1275,49 
 1584,926      13            1276,506 
 1584,926      13            1277,709 
 1584,926      13            1278,928 
 1584,926      13            1280,037 
 1584,926      13            1281,397 
 1584,926      13            1282,694 
 1584,926      13            1283,725 
 1584,926      13            1284,835 
 1584,926      13            1286,038 
 1584,926      13            1287,226 
 1584,926      13            1288,335 
 1584,926      13            1289,539 
 1584,926      13            1290,649 
 1584,926      13            1291,931 
 1584,926      13            1293,307 
 1584,926      13            1294,338 
 1584,926      13            1295,433 
 1584,926      13            1296,637 
 1584,926      13            1297,856 
 1584,926      13            1299,153 
 1584,926      13            1300,248 
 1584,926      13            1301,451 
 1584,926      13            1302,749 
 1584,926      13            1303,953 
 1584,926      13            1305,094 
 1584,926      13            1306,266 
 1584,926      13            1307,298 
 1584,926      13            1308,486 
 1584,926      13            1309,69 
 1584,926      13            1310,988 
 1584,926      13            1312,191 
 1584,926      13            1313,286 
 1584,926      13            1314,317 
 1584,926      13            1315,615 
 1584,926      13            1316,725 
 1584,926      13            1317,741 
 1584,926      13            1318,945 
 1584,926      13            1319,961 
 1584,926      13            1320,961 
 1584,926      13            1322,29 
 1584,926      13            1323,384 
 1584,926      13            1324,401 
 1584,926      13            1325,62 
 1584,926      13            1326,996 
 1584,926      13            1328,215 
 1584,926      13            1329,387 
 1584,926      13            1330,513 
 1584,926      13            1331,842 
 1584,926      13            1333,139 
 1584,926      13            1334,421 
 1584,926      13            1335,719 
 1584,926      13            1336,829 
 1584,926      13            1338,111 
 1584,926      13            1339,486 
 1584,926      13            1340,596 
 1584,926      13            1341,784 
 1584,926      13            1342,957 
 1584,926      13            1343,973 
 1584,926      13            1345,474 
 1584,926      13            1346,584 
 1584,926      13            1347,803 
 1584,926      13            1348,913 
 1584,926      13            1350,023 
 1584,926      13            1351,383 
 1584,926      13            1352,508 
 1584,926      13            1353,697 
 1584,926      13            1354,9 
 1584,926      13            1356,104 
 1584,926      13            1357,402 
 1584,926      13            1358,777 
 1584,926      13            1359,997 
 1584,926      13            1361,372 
 1584,926      13            1362,467 
 1584,926      13            1363,577 
 1584,926      13            1364,796 
 1584,926      13            1366 
 1584,926      13            1366,938 
 1584,926      13            1368,032 
 1584,926      13            1369,236 
 1584,926      13            1370,346 
 1584,926      13            1371,534 
 1584,926      13            1372,831 
 1584,926      13            1373,847 
 1584,926      13            1375,161 
 1584,926      13            1376,349 
 1584,926      13            1377,474 
 1584,926      13            1378,772 
 1584,926      13            1379,882 
 1584,926      13            1381,179 
 1584,926      13            1382,367 
 1584,926      13            1383,571 
 1584,926      13            1384,665 
 1584,926      13            1385,869 
 1584,926      13            1387,073 
 1584,926      13            1388,277 
 1584,926      13            1389,558 
 1584,926      13            1390,496 
 1584,926      13            1391,606 
 1584,926      13            1392,888 
 1584,926      13            1394,014 
 1584,926      13            1395,108 
 1584,926      13            1396,234 
 1584,926      13            1397,5 
 1584,926      13            1398,61 
 1584,926      13            1399,814 
 1584,926      13            1401,111 
 1584,926      13            1402,299 
 1584,926      13            1403,503 
 1584,926      13            1404,613 
 1584,926      13            1405,817 
 1584,926      13            1406,942 
 1584,926      13            1408,13 
 1584,926      13            1409,318 
 1584,926      13            1410,444 
 1584,926      13            1411,742 
 1584,926      13            1412,851 
 1584,926      13            1413,946 
 1584,926      13            1415,15 
 1584,926      13            1416,275 
 1584,926      13            1417,463 
 1584,926      13            1418,667 
 1584,926      13            1419,871 
 1584,926      13            1421,074 
 1584,926      13            1422,184 
 1584,926      13            1423,372 
 1584,926      13            1424,576 
 1584,926      13            1425,577 
 1584,926      13            1426,687 
 1584,926      13            1427,906 
 1584,926      13            1428,922 
 1584,926      13            1430,22 
 1584,926      13            1431,423 
 1584,926      13            1432,518 
 1584,926      13            1433,831 
 1584,926      13            1435,035 
 1584,926      13            1436,395 
 1584,926      13            1437,598 
 1584,926      13            1438,802 
 1584,926      13            1440,006 
 1584,926      13            1441,225 
 1584,926      13            1442,304 
 1584,926      13            1443,414 
 1584,926      13            1444,727 
 1584,926      13            1446,103 
 1584,926      13            1447,213 
 1584,926      13            1448,588 
 1584,926      13            1449,792 
 1584,926      13            1450,918 
 1584,926      13            1452,371 
 1584,926      13            1453,591 
 1584,926      13            1454,701 
 1584,926      13            1455,811 
 1584,926      13            1456,827 
 1584,926      13            1458,109 
 1584,926      13            1459,391 
 1584,926      13            1460,422 
 1584,926      13            1461,517 
 1584,926      13            1462,814 
 1584,926      13            1463,924 
 1584,926      13            1465,128 
 1584,926      13            1466,238 
 1584,926      13            1467,348 
 1584,926      13            1468,458 
 1584,926      13            1469,661 
 1584,926      13            1471,131 
 1584,926      13            1472,335 
 1584,926      13            1473,46 
 1584,926      13            1474,664 
 1584,926      13            1475,868 
 1584,926      13            1477,087 
 1584,926      13            1478,275 
 1584,926      13            1479,369 
 1584,926      13            1480,761 
 1584,926      13            1481,886 
 1584,926      13            1483,012 
 1584,926      13            1484,294 
 1584,926      13            1485,482 
 1584,926      13            1486,608 
 1584,926      13            1487,905 
 1584,926      13            1489,109 
 1584,926      13            1490,297 
 1584,926      13            1491,485 
 1584,926      13            1492,595 
 1584,926      13            1493,892 
 1584,926      13            1494,924 
 1584,926      13            1496,019 
 1584,926      13            1497,316 
 1584,926      13            1498,614 
 1584,926      13            1499,817 
 1584,926      13            1501,068 
 1584,926      13            1502,272 
 1584,926      13            1503,46 
 1584,926      13            1504,57 
 1584,926      13            1505,68 
 1584,926      13            1506,977 
 1584,926      13            1508,087 
 1584,926      13            1509,291 
 1584,926      13            1510,495 
 1584,926      13            1511,792 
 1584,926      13            1512,98 
 1584,926      13            1514,184 
 1584,926      13            1515,31 
 1584,926      13            1516,482 
 1584,926      13            1517,701 
 1584,926      13            1519,077 
 1584,926      13            1520,203 
 1584,926      13            1521,469 
 1584,926      13            1522,594 
 1584,926      13            1523,892 
 1584,926      13            1525,002 
 1584,926      13            1526,206 
 1584,926      13            1527,378 
 1584,926      13            1528,691 
 1584,926      13            1529,973 
 1584,926      13            1531,458 
 1584,926      13            1532,474 
 1584,926      13            1533,491 
 1584,926      13            1534,694 
 1584,926      13            1535,976 
 1584,926      13            1537,274 
 1584,926      13            1538,306 
 1584,926      13            1539,478 
 1584,926      13            1540,51 
 1584,926      13            1541,807 
 1584,926      13            1542,902 
 1584,926      13            1544,027 
 1584,926      13            1545,231 
 1584,926      13            1546,513 
 1584,926      13            1547,623 
 1584,926      13            1548,733 
 1584,926      13            1550,03 
 1584,926      13            1551,046 
 1584,926      13            1552,25 
 1584,926      13            1553,454 
 1584,926      13            1554,829 
 1584,926      13            1555,939 
 1584,926      13            1557,065 
 1584,926      13            1558,425 
 1584,926      13            1559,816 
 1584,926      13            1560,942 
 1584,926      13            1562,052 
 1584,926      13            1563,162 
 1584,926      13            1564,256 
 1584,926      13            1565,444 
 1584,926      13            1566,648 
 1584,926      13            1567,758 
 1584,926      13            1568,962 
 1584,926      13            1570,165 
 1584,926      13            1571,447 
 1584,926      13            1572,667 
 1584,926      13            1573,964 
 1584,926      13            1575,168 
 1584,926      13            1576,184 
 1584,926      13            1577,45 
 1584,926      13            1578,576 
 1584,926      13            1579,873 
 1584,926      13            1581,077 
 1584,926      13            1582,468 
 1584,926      13            1583,657 
 1584,926      13            1584,766 
 1584,926      13            1585,876 
 1584,926      13            1587,096 
 1584,926      13            1588,55 
 1584,926      13            1589,848 
 1584,926      13            1590,958 
 1584,926      13            1592,084 
 1584,926      13            1593,1 
 1584,926      13            1594,476 
 1584,926      13            1595,57 
 1584,926      13            1596,712 
 1584,926      13            1597,806 
 1584,926      13            1598,932 
 1584,926      13            1600,136 
 1584,926      13            1601,34 
 1584,926      13            1602,512 
 1584,926      13            1603,826 
 1584,926      13            1604,92 
 1584,926      13            1606,046 
 1584,926      13            1607,156 
 1584,926      13            1608,266 
 1584,926      13            1609,408 
 1584,926      13            1610,596 
 1584,926      13            1611,722 
 1584,926      13            1613,019 
 1584,926      13            1614,223 
 1584,926      13            1615,333 
 1584,926      13            1616,412 
 1584,926      13            1617,616 
 1584,926      13            1618,742 
 1584,926      13            1619,946 
 1584,926      13            1621,15 
 1584,926      13            1622,15 
 1584,926      13            1623,182 
 1584,926      13            1624,371 
 1584,926      13            1625,653 
 1584,926      13            1626,763 
 1580,391      13            1627,982 
 1580,391      13            1629,171 
 1580,391      13            1630,187 
 1580,391      13            1631,25 
 1580,391      13            1632,266 
 1580,391      13            1633,377 
 1580,391      13            1634,377 
 1580,391      13            1635,394 
 1580,391      13            1636,597 
 1580,391      13            1637,786 
 1580,391      13            1638,724 
 1580,391      13            1639,834 
 1580,391      13            1641,163 
 1580,391      13            1642,367 
 1580,391      13            1643,477 
 1580,391      13            1644,665 
 1580,391      13            1645,885 
 1580,391      13            1647,276 
 1580,391      13            1648,371 
 1580,391      13            1649,465 
 1580,391      13            1650,576 
 1580,391      13            1651,764 
 1580,391      13            1652,952 
 1580,391      13            1654,172 
 1580,391      13            1655,376 
 1580,391      13            1656,689 
 1580,391      13            1657,893 
 1580,391      13            1659,191 
 1580,391      13            1660,301 
 1580,391      13            1661,614 
 1580,391      13            1662,724 
 1580,391      13            1664,116 
 1580,391      13            1665,242 
 1580,391      13            1666,445 
 1580,391      13            1667,743 
 1580,391      13            1668,947 
 1580,391      13            1670,245 
 1580,391      13            1671,277 
 1580,391      13            1672,559 
 1580,391      13            1673,841 
 1580,391      13            1674,951 
 1580,391      13            1676,155 
 1580,391      13            1677,281 
 1580,391      13            1678,375 
 1580,391      13            1679,47 
 1580,391      13            1680,424 
 1580,391      13            1681,69 
 1580,391      13            1683,003 
 1580,391      13            1684,098 
 1580,391      13            1685,302 
 1580,391      13            1686,334 
 1580,391      13            1687,6 
 1580,391      13            1688,726 
 1580,391      13            1690,008 
 1580,391      13            1690,946 
 1580,391      13            1692,056 
 1580,391      13            1693,182 
 1580,391      13            1694,542 
 1580,391      13            1695,762 
 1580,391      13            1697,06 
 1580,391      13            1698,248 
 1580,391      13            1699,374 
 1580,391      13            1700,64 
 1580,391      13            1701,844 
 1580,391      13            1702,876 
 1580,391      13            1704,08 
 1580,391      13            1705,284 
 1580,391      13            1706,55 
 1580,391      13            1707,754 
 1580,391      13            1708,864 
 1580,391      13            1710,178 
 1580,391      13            1711,366 
 1580,391      13            1712,648 
 1580,391      13            1713,664 
 1580,391      13            1714,868 
 1580,391      13            1716,166 
 1580,391      13            1717,386 
 1580,391      13            1718,558 
 1580,391      13            1719,684 
 1580,391      13            1720,872 
 1580,391      13            1721,982 
 1580,391      13            1723,202 
 1580,391      13            1724,406 
 1580,391      13            1725,594 
 1580,391      13            1726,782 
 1580,391      13            1728,002 
 1580,391      13            1729,3 
 1580,391      13            1730,488 
 1580,391      13            1731,598 
 1580,391      13            1732,693 
 1580,391      13            1733,818 
 1580,391      13            1735,101 
 1580,391      13            1736,414 
 1580,391      13            1737,696 
 1580,391      13            1738,884 
 1580,391      13            1740,01 
 1580,391      13            1741,214 
 1580,391      13            1742,402 
 1580,391      13            1743,606 
 1580,391      13            1744,81 
 1580,391      13            1746,108 
 1580,391      13            1747,484 
 1580,391      13            1748,594 
 1580,391      13            1749,782 
 1580,391      13            1750,986 
 1580,391      13            1752,19 
 1580,391      13            1753,675 
 1580,391      13            1754,879 
 1580,391      13            1755,88 
 1580,391      13            1756,99 
 1580,391      13            1758,116 
 1580,391      13            1759,304 
 1580,391      13            1760,586 
 1580,391      13            1761,806 
 1580,391      13            1763,01 
 1580,391      13            1764,12 
 1580,391      13            1765,324 
 1580,391      13            1766,59 
 1580,391      13            1767,716 
 1580,391      13            1768,998 
 1580,391      13            1770,124 
 1580,391      13            1771,406 
 1580,391      13            1772,594 
 1580,391      13            1773,814 
 1580,391      13            1775,112 
 1580,391      13            1776,3 
 1580,391      13            1777,582 
 1580,391      13            1778,692 
 1580,391      13            1779,818 
 1580,391      13            1780,912 
 1580,391      13            1782,132 
 1580,391      13            1783,32 
 1580,391      13            1784,352 
 1580,391      13            1785,462 
 1580,391      13            1786,478 
 1580,391      13            1787,651 
 1580,391      13            1788,871 
 1580,391      13            1790,153 
 1580,391      13            1791,169 
 1580,391      13            1792,201 
 1580,391      13            1793,295 
 1580,391      13            1794,343 
 1580,391      13            1795,531 
 1580,391      13            1796,735 
 1580,391      13            1797,752 
 1580,391      13            1798,752 
 1580,391      13            1799,987 
 1580,391      13            1801,098 
 1580,391      13            1802,301 
 1580,391      13            1803,505 
 1580,391      13            1804,881 
 1580,391      13            1806,195 
 1580,391      13            1807,383 
 1580,391      13            1808,681 
 1580,391      13            1809,963 
 1580,391      13            1811,089 
 1580,391      13            1812,292 
 1580,391      13            1813,496 
 1580,391      13            1814,669 
 1580,391      13            1815,967 
 1580,391      13            1817,171 
 1580,391      13            1818,39 
 1580,391      13            1819,485 
 1580,391      13            1820,517 
 1580,391      13            1821,689 
 1580,391      13            1822,94 
 1580,391      13            1823,988 
 1580,391      13            1825,004 
 1580,391      13            1826,099 
 1580,391      13            1827,115 
 1580,391      13            1828,147 
 1580,391      13            1829,429 
 1580,391      13            1830,539 
 1580,391      13            1831,821 
 1580,391      13            1832,837 
 1580,391      13            1834,057 
 1580,391      13            1835,151 
 1580,391      13            1836,277 
 1580,391      13            1837,465 
 1580,391      13            1838,576 
 1580,391      13            1839,858 
 1580,391      13            1840,983 
 1580,391      13            1842,25 
 1580,391      13            1843,36 
 1580,391      13            1844,626 
 1580,391      13            1845,909 
 1580,391      13            1847,128 
 1580,391      13            1848,395 
 1580,391      13            1849,771 
 1580,391      13            1851,021 
 1580,391      13            1852,131 
 1580,391      13            1853,273 
 1580,391      13            1854,414 
 1580,391      13            1855,462 
 1580,391      13            1856,697 
 1580,391      13            1857,729 
 1580,391      13            1858,823 
 1580,391      13            1859,98 
 1580,391      13            1861,184 
 1580,391      13            1862,31 
 1580,391      13            1863,342 
 1580,391      13            1864,546 
 1580,391      13            1865,656 
 1580,391      13            1867,001 
 1580,391      13            1868,205 
 1580,391      13            1869,315 
 1580,391      13            1870,347 
 1580,391      13            1871,363 
 1580,391      13            1872,629 
 1580,391      13            1873,74 
 1580,391      13            1874,959 
 1580,391      13            1876,069 
 1580,391      13            1876,992 
 1580,391      13            1878,368 
 1580,391      13            1879,493 
 1580,391      13            1880,682 
 1580,391      13            1881,886 
 1580,391      13            1882,98 
 1580,391      13            1883,996 
 1580,391      13            1885,028 
 1580,391      13            1886,123 
 1580,391      13            1887,139 
 1580,391      13            1888,171 
 1580,391      13            1889,359 
 1580,391      13            1890,391 
 1580,391      13            1891,502 
 1580,391      13            1892,502 
 1580,391      13            1893,613 
 1580,391      13            1894,707 
 1580,391      13            1896,005 
 1580,391      13            1897,209 
 1580,391      13            1898,429 
 1580,391      13            1899,711 
 1580,391      13            1900,633 
 1580,391      13            1901,853 
 1580,391      13            1903,198 
 1580,391      13            1904,449 
 1580,391      13            1905,762 
 1580,391      13            1907,06 
 1580,391      13            1908,326 
 1580,391      13            1909,702 
 1580,391      13            1910,734 
 1580,391      13            1911,938 
 1580,391      13            1913,048 
 1580,391      13            1914,424 
 1580,391      13            1915,441 
 1580,391      13            1916,567 
 1580,391      13            1917,833 
 1580,391      13            1919,053 
 1580,391      13            1920,241 
 1580,391      13            1921,351 
 1580,391      13            1922,555 
 1580,391      13            1923,744 
 1580,391      13            1925,057 
 1580,391      13            1926,261 
 1580,391      13            1927,45 
 1580,391      13            1928,482 
 1580,391      13            1929,576 
 1580,391      13            1930,764 
 1580,391      13            1931,968 
 1580,391      13            1933,157 
 1580,391      13            1934,314 
 1580,391      13            1935,518 
 1580,391      13            1936,784 
 1580,391      13            1937,91 
 1580,391      13            1939,02 
 1580,391      13            1940,115 
 1580,391      13            1941,131 
 1580,391      13            1942,148 
 1580,391      13            1943,367 
 1580,391      13            1944,696 
 1580,391      13            1945,9 
 1580,391      13            1947,089 
 1580,391      13            1948,105 
 1580,391      13            1949,121 
 1580,391      13            1950,279 
 1580,391      13            1951,311 
 1580,391      13            1952,78 
 1580,391      13            1953,875 
 1580,391      13            1955,188 
 1580,391      13            1956,377 
 1580,391      13            1957,659 
 1580,391      13            1958,8 
 1580,391      13            1959,957 
 1580,391      13            1961,068 
 1580,391      13            1962,397 
 1580,391      13            1963,522 
 1580,391      13            1964,789 
 1580,391      13            1965,993 
 1580,391      13            1967,072 
 1580,391      13            1968,198 
 1580,391      13            1969,386 
 1580,391      13            1970,559 
 1580,391      13            1971,747 
 1580,391      13            1973,076 
 1580,391      13            1974,28 
 1580,391      13            1975,625 
 1580,391      13            1977,032 
 1580,391      13            1978,314 
 1580,391      13            1979,706 
 1580,391      13            1980,816 
 1580,391      13            1982,036 
 1580,391      13            1983,146 
 1580,391      13            1984,241 
 1580,391      13            1985,366 
 1580,391      13            1986,57 
 1580,391      13            1987,743 
 1580,391      13            1988,853 
 1580,391      13            1989,979 
 1580,391      13            1991,324 
 1580,391      13            1992,497 
 1580,391      13            1993,732 
 1580,391      13            1994,873 
 1580,391      13            1995,921 
 1580,391      13            1997,047 
 1580,391      13            1998,235 
 1580,391      13            1999,392 
 1580,391      13            2000,596 
 1580,391      13            2001,878 
 1580,391      13            2003,27 
 1580,391      13            2004,38 
 1580,391      13            2005,678 
 1580,391      13            2006,804 
 1580,391      13            2008,211 
 1580,391      13            2009,415 
 1580,391      13            2010,682 
 1580,391      13            2012,089 
 1580,391      13            2013,199 
 1580,391      13            2014,497 
 1580,391      13            2015,67 
 1580,391      13            2016,795 
 1580,391      13            2018,265 
 1580,391      13            2019,563 
 1580,391      13            2021,033 
 1580,391      13            2022,252 
 1580,391      13            2023,441 
 1580,391      13            2024,551 
 1580,391      13            2025,739 
 1580,391      13            2026,959 
 1580,391      13            2028,163 
 1580,391      13            2029,273 
 1580,391      13            2030,555 
 1580,391      13            2031,744 
 1580,391      13            2033,041 
 1580,391      13            2034,167 
 1580,391      13            2035,168 
 1580,391      13            2036,466 
 1580,391      13            2037,498 
 1580,391      13            2038,78 
 1580,391      13            2039,906 
 1580,391      13            2041,266 
 1580,391      13            2042,423 
 1580,391      13            2043,455 
 1580,391      13            2044,612 
 1580,391      13            2045,707 
 1580,391      13            2046,989 
 1580,391      13            2048,193 
 1580,391      13            2049,288 
 1580,391      13            2050,32 
 1580,391      13            2051,445 
 1580,391      13            2052,634 
 1580,391      13            2053,65 
 1580,391      13            2054,838 
 1580,391      13            2055,87 
 1580,391      13            2057,074 
 1580,391      13            2058,31 
 1580,391      13            2059,545 
 1580,391      13            2060,78 
 1580,391      13            2061,984 
 1580,391      13            2063,235 
 1580,391      13            2064,361 
 1580,391      13            2065,502 
 1580,391      13            2066,832 
 1580,391      13            2067,91 
 1580,391      13            2069,193 
 1580,391      13            2070,397 
 1580,391      13            2071,601 
 1580,391      13            2072,742 
 1580,391      13            2073,93 
 1580,391      13            2075,244 
 1580,391      13            2076,354 
 1580,391      13            2077,652 
 1580,391      13            2078,746 
 1580,391      13            2080,185 
 1580,391      13            2081,311 
 1580,391      13            2082,421 
 1580,391      13            2083,515 
 1580,391      13            2084,798 
 1580,391      13            2086,095 
 1580,391      13            2087,237 
 1580,391      13            2088,425 
 1580,391      13            2089,535 
 1580,391      13            2090,739 
 1580,391      13            2091,959 
 1580,391      13            2093,069 
 1580,391      13            2094,445 
 1580,391      13            2096,212 
 1580,391      13            2097,541 
 1580,391      13            2098,855 
 1580,391      13            2100,059 
 1580,391      13            2101,153 
 1580,391      13            2102,373 
 1580,391      13            2103,592 
 1580,391      13            2104,765 
 1580,391      13            2106,079 
 1580,391      13            2107,361 
 1580,391      13            2108,393 
 1580,391      13            2109,597 
 1580,391      13            2110,879 
 1580,391      13            2112,067 
 1580,391      13            2113,193 
 1580,391      13            2114,491 
 1580,391      13            2115,82 
 1580,391      13            2117,118 
 1580,391      13            2118,228 
 1580,391      13            2119,432 
 1580,391      13            2120,683 
 1580,391      13            2121,856 
 1580,391      13            2123,06 
 1580,391      13            2124,185 
 1580,391      13            2125,483 
 1580,391      13            2126,844 
 1580,391      13            2127,876 
 1580,391      13            2129,064 
 1580,391      13            2130,19 
 1580,391      13            2131,394 
 1580,391      13            2132,848 
 1580,391      13            2133,958 
 1580,391      13            2135,084 
 1580,391      13            2136,46 
 1580,391      13            2137,586 
 1580,391      13            2138,962 
 1580,391      13            2140,072 
 1580,391      13            2141,088 
 1580,391      13            2142,292 
 1580,391      13            2143,496 
 1580,391      13            2144,591 
 1580,391      13            2145,81 
 1580,391      13            2146,999 
 1580,391      13            2148,218 
 1580,391      13            2149,516 
 1580,391      13            2150,626 
 1580,391      13            2151,799 
 1580,391      13            2152,816 
 1580,391      13            2154,02 
 1580,391      13            2155,239 
 1580,391      13            2156,521 
 1580,391      13            2157,647 
 1580,391      13            2158,929 
 1580,391      13            2160,039 
 1580,391      13            2161,228 
 1580,391      13            2162,338 
 1580,391      13            2163,37 
 1580,391      13            2164,558 
 1580,391      13            2165,762 
 1580,391      13            2166,966 
 1580,391      13            2168,077 
 1580,391      13            2169,359 
 1580,391      13            2170,672 
 1580,391      13            2171,954 
 1580,391      13            2173,158 
 1580,391      13            2174,269 
 1580,391      13            2175,457 
 1580,391      13            2176,661 
 1580,391      13            2177,865 
 1580,391      13            2179,163 
 1580,391      13            2180,46 
 1580,391      13            2181,649 
 1580,391      13            2182,931 
 1580,391      13            2184,057 
 1580,391      13            2185,339 
 1580,391      13            2186,559 
 1580,391      13            2187,841 
 1580,391      13            2188,951 
 1580,391      13            2190,139 
 1580,391      13            2191,25 
 1580,391      13            2192,547 
 1580,391      13            2193,83 
 1580,391      13            2195,049 
 1580,391      13            2196,332 
 1580,391      13            2197,364 
 1580,391      13            2198,474 
 1580,391      13            2199,584 
 1580,391      13            2200,694 
 1580,391      13            2201,789 
 1580,391      13            2202,883 
 1580,391      13            2204,087 
 1580,391      13            2205,213 
 1580,391      13            2206,323 
 1580,391      13            2207,418 
 1580,391      13            2208,528 
 1580,391      13            2209,638 
 1580,391      13            2210,764 
 1580,391      13            2211,952 
 1580,391      13            2213,156 
 1580,391      13            2214,361 
 1580,391      13            2215,627 
 1580,391      13            2216,769 
 1580,391      13            2217,863 
 1580,391      13            2218,911 
 1580,391      13            2220,037 
 1580,391      13            2221,288 
 1580,391      13            2222,335 
 1580,391      13            2223,492 
 1580,391      13            2224,618 
 1580,391      13            2225,666 
 1580,391      13            2226,948 
 1580,391      13            2228,136 
 1580,391      13            2229,34 
 1580,391      13            2230,685 
 1580,391      13            2231,967 
 1580,391      13            2233,25 
 1580,391      13            2234,454 
 1580,391      13            2235,642 
 1580,391      13            2237,018 
 1580,391      13            2238,128 
 1580,391      13            2239,348 
 1580,391      13            2240,474 
 1580,391      13            2241,678 
 1580,391      13            2242,803 
 1580,391      13            2244,07 
 1580,391      13            2245,196 
 1580,391      13            2246,384 
 1580,391      13            2247,494 
 1580,391      13            2248,792 
 1580,391      13            2249,949 
 1580,391      13            2251,06 
 1580,391      13            2252,279 
 1580,391      13            2253,436 
 1580,391      13            2254,672 
 1580,391      13            2255,938 
 1580,391      13            2257,267 
 1580,391      13            2258,393 
 1580,391      13            2259,535 
 1580,391      13            2260,598 
 1580,391      13            2261,786 
 1580,391      13            2262,725 
 1580,391      13            2263,897 
 1580,391      13            2265,226 
 1580,391      13            2266,258 
 1580,391      13            2267,275 
 1580,391      13            2268,385 
 1580,391      13            2269,824 
 1580,391      13            2271,074 
 1580,391      13            2272,263 
 1580,391      13            2273,561 
 1580,391      13            2274,671 
 1580,391      13            2275,781 
 1580,391      13            2276,969 
 1580,391      13            2278,064 
 1580,391      13            2279,096 
 1580,391      13            2280,191 
 1580,391      13            2281,488 
 1580,391      13            2282,52 
 1580,391      13            2283,896 
 1580,391      13            2285,038 
 1580,391      13            2286,32 
 1580,391      13            2287,352 
 1580,391      13            2288,556 
 1580,391      13            2289,651 
 1580,391      13            2290,761 
 1580,391      13            2292,059 
 1580,391      13            2293,169 
 1580,391      13            2294,561 
 1580,391      13            2295,686 
 1580,391      13            2296,812 
 1580,391      13            2297,985 
 1580,391      13            2299,095 
 1580,391      13            2300,127 
 1580,391      13            2301,222 
 1580,391      13            2302,16 
 1580,391      13            2303,255 
 1580,391      13            2304,193 
 1580,391      13            2305,397 
 1580,391      13            2306,679 
 1580,391      13            2307,805 
 1580,391      13            2308,978 
 1580,391      13            2310,103 
 1580,391      13            2311,198 
 1580,391      13            2312,214 
 1580,391      13            2313,434 
 1580,391      13            2314,45 
 1580,391      13            2315,561 
 1580,391      13            2316,858 
 1580,391      13            2318,031 
 1580,391      13            2319,157 
 1580,391      13            2320,252 
 1580,391      13            2321,377 
 1580,391      13            2322,488 
 1580,391      13            2323,676 
 1580,391      13            2324,802 
 1580,391      13            2326,068 
 1580,391      13            2327,085 
 1580,391      13            2328,117 
 1580,391      13            2329,211 
 1580,391      13            2330,322 
 1580,391      13            2331,463 
 1580,391      13            2332,855 
 1580,391      13            2334,027 
 1580,391      13            2335,247 
 1580,391      13            2336,451 
 1580,391      13            2337,655 
 1580,391      13            2338,671 
 1580,391      13            2339,782 
 1580,391      13            2340,97 
 1580,391      13            2342,252 
 1580,391      13            2343,456 
 1580,391      13            2344,488 
 1580,391      13            2345,598 
 1580,391      13            2346,803 
 1580,391      13            2347,991 
 1580,391      13            2349,289 
 1580,391      13            2350,587 
 1580,391      13            2351,697 
 1580,391      13            2352,979 
 1580,391      13            2354,105 
 1580,391      13            2355,293 
 1580,391      13            2356,513 
 1580,391      13            2357,717 
 1580,391      13            2358,999 
 1580,391      13            2360,109 
 1580,391      13            2361,313 
 1580,391      13            2362,408 
 1580,391      13            2363,44 
 1580,391      13            2364,456 
 1580,391      13            2365,645 
 1580,391      13            2366,77 
 1580,391      13            2368,053 
 1580,391      13            2369,147 
 1580,391      13            2370,445 
 1580,391      13            2371,759 
 1580,391      13            2372,947 
 1580,391      13            2374,057 
 1580,391      13            2375,199 
 1580,391      13            2376,387 
 1580,391      13            2377,419 
 1580,391      13            2378,607 
 1580,391      13            2379,718 
 1580,391      13            2380,922 
 1580,391      13            2382,11 
 1580,391      13            2383,142 
 1580,391      13            2384,346 
 1580,391      13            2385,441 
 1580,391      13            2386,738 
 1580,391      13            2387,942 
 1580,391      13            2389,256 
 1580,391      13            2390,46 
 1580,391      13            2391,695 
 1580,391      13            2393,071 
 1580,391      13            2394,181 
 1580,391      13            2395,385 
 1580,391      13            2396,621 
 1580,391      13            2397,84 
 1580,391      13            2399,029 
 1580,391      13            2400,311 
 1580,391      13            2401,531 
 1580,391      13            2402,641 
 1580,391      13            2403,751 
 1580,391      13            2404,861 
 1580,391      13            2406,159 
 1580,391      13            2407,363 
 1580,391      13            2408,473 
 1580,391      13            2409,583 
 1580,391      13            2410,772 
 1580,391      13            2411,898 
 1580,391      13            2413,164 
 1580,391      13            2414,181 
 1580,391      13            2415,385 
 1580,391      13            2416,526 
 1580,391      13            2417,621 
 1580,391      13            2418,731 
 1580,391      13            2419,763 
 1580,391      13            2420,842 
 1580,391      13            2421,858 
 1580,391      13            2423,125 
 1580,391      13            2424,157 
 1580,391      13            2425,361 
 1580,391      13            2426,393 
 1580,391      13            2427,503 
 1580,391      13            2428,691 
 1580,391      13            2429,911 
 1580,391      13            2431,084 
 1580,391      13            2432,194 
 1580,391      13            2433,398 
 1580,391      13            2434,524 
 1580,391      13            2435,618 
 1580,391      13            2436,916 
 1580,391      13            2437,948 
 1580,391      13            2439,121 
 1580,391      13            2440,419 
 1580,391      13            2441,451 
 1580,391      13            2442,467 
 1580,391      13            2443,656 
 1580,391      13            2444,954 
 1580,391      13            2446,142 
 1580,391      13            2447,268 
 1580,391      13            2448,284 
 1580,391      13            2449,394 
 1580,391      13            2450,598 
 1580,391      13            2451,8 
 1580,391      13            2452,984 
 1580,391      13            2454,184 
 1580,391      13            2455,197 
 1580,391      13            2456,38 
 1580,391      13            2457,393 
 1580,391      13            2458,608 
 1580,391      13            2459,792 
 1580,391      13            2460,976 
 1580,391      13            2462,082 
 1580,391      13            2463,204 
 1580,391      13            2464,575 
 1580,391      13            2465,588 
 1580,391      13            2466,616 
 1580,391      13            2467,722 
 1580,391      13            2468,812 
 1580,391      13            2469,84 
 1580,391      13            2471,024 
 1580,391      13            2472,022 
 1580,391      13            2473,05 
 1580,391      13            2474,234 
 1580,391      13            2475,262 
 1580,391      13            2476,368 
 1580,391      13            2477,474 
 1580,391      13            2478,752 
 1580,391      13            2479,858 
 1580,391      13            2480,964 
 1580,391      13            2482,054 
 1580,391      13            2483,363 
 1580,391      13            2484,547 
 1580,391      13            2485,653 
 1580,391      13            2486,93 
 1580,391      13            2488,052 
 1580,391      13            2489,252 
 1580,391      13            2490,342 
 1580,391      13            2491,651 
 1580,391      13            2492,757 
 1580,391      13            2493,847 
 1580,391      13            2495,14 
 1580,391      13            2496,324 
 1580,391      13            2497,539 
 1580,391      13            2498,646 
 1580,391      13            2500,016 
 1580,391      13            2501,2 
 1580,391      13            2502,493 
 1580,391      13            2503,6 
 1580,391      13            2504,815 
 1580,391      13            2506,092 
 1580,391      13            2507,198 
 1580,391      13            2508,304 
 1580,391      13            2509,488 
 1580,391      13            2510,594 
 1580,391      13            2511,7 
 1580,391      13            2512,884 
 1580,391      13            2513,897 
 1580,391      13            2514,91 
 1580,391      13            2516,031 
 1580,391      13            2517,309 
 1580,391      13            2518,415 
 1580,391      13            2519,552 
 1580,391      13            2520,658 
 1580,391      13            2521,842 
 1580,391      13            2523,135 
 1580,391      13            2524,413 
 1580,391      13            2525,425 
 1580,391      13            2526,625 
 1580,391      13            2527,809 
 1580,391      13            2529,024 
 1580,391      13            2530,224 
 1580,391      13            2531,314 
 1580,391      13            2532,514 
 1580,391      13            2533,791 
 1580,391      13            2534,991 
 1580,391      13            2536,206 
 1580,391      13            2537,312 
 1580,391      13            2538,776 
 1580,391      13            2540,054 
 1580,391      13            2541,347 
 1580,391      13            2542,546 
 1580,391      13            2543,574 
 1580,391      13            2544,634 
 1580,391      13            2545,382 
 1580,391      13            2546,176 
 1580,391      13            2547,033 
 1580,391      13            2548,03 
 1580,391      13            2548,715 
 1580,391      13            2549,65 
 1580,391      13            2550,445 
 1580,391      13            2551,286 
 1580,391      13            2552,096 
 1580,391      13            2552,844 
 1580,391      13            2553,592 
 1580,391      13            2554,48 
 1580,391      13            2555,258 
 1580,391      13            2556,006 
 1580,391      13            2556,738 
 1580,391      13            2557,549 
 1580,391      13            2558,483 
 1580,391      13            2559,325 
 1580,391      13            2560,057 
 1580,391      13            2560,836 
 1580,391      13            2561,599 
 1580,391      13            2562,456 
 1580,391      13            2563,25 
 1580,391      13            2564,029 
 1580,391      13            2564,886 
 1580,391      13            2565,587 
 1580,391      13            2566,491 
 1580,391      13            2567,239 
 1580,391      13            2568,017 
 1580,391      13            2568,874 
 1580,391      13            2569,638 
 1580,391      13            2570,323 
 1580,391      13            2571,118 
 1580,391      13            2571,865 
 1580,391      13            2572,675 
 1580,391      13            2573,47 
 1580,391      13            2574,42 
 1580,391      13            2575,277 
 1580,391      13            2576,087 
 1580,391      13            2576,882 
 1580,391      13            2577,676 
 1580,391      13            2578,408 
 1580,391      13            2579,296 
 1580,391      13            2580,091 
 1580,391      13            2580,948 
 1580,391      13            2581,68 
 1580,391      13            2582,428 
 1580,391      13            2583,176 
 1580,391      13            2584,017 
 1580,391      13            2584,874 
 1580,391      13            2585,746 
 1580,391      13            2586,665 
 1580,391      13            2587,397 
 1580,391      13            2588,192 
 1580,391      13            2588,924 
 1580,391      13            2589,812 
 1580,391      13            2590,544 
 1580,391      13            2591,23 
 1580,391      13            2592,009 
 1580,391      13            2592,694 
 1580,391      13            2593,551 
 1580,391      13            2594,361 
 1580,391      13            2595,156 
 1580,391      13            2595,81 
 1580,391      13            2596,62 
 1580,391      13            2597,414 
 1580,391      13            2598,1 
 1580,391      13            2599,035 
 1580,391      13            2599,829 
 1580,391      13            2600,546 
 1580,391      13            2602,01 
 1580,391      13            2603,303 
 1580,391      13            2604,409 
 1580,391      13            2605,5 
 1580,391      13            2606,512 
 1580,391      13            2607,634 
 1580,391      13            2608,74 
 1580,391      13            2609,831 
 1580,391      13            2610,952 
 1580,391      13            2612,152 
 1580,391      13            2613,336 
 1580,391      13            2614,442 
 1580,391      13            2615,642 
 1580,391      13            2617,044 
 1580,391      13            2618,446 
 1580,391      13            2619,63 
 1580,391      13            2620,767 
 1580,391      13            2621,873 
 1580,391      13            2622,901 
 1580,391      13            2624,023 
 1580,391      13            2625,145 
 1580,391      13            2626,266 
 1580,391      13            2627,513 
 1580,391      13            2628,712 
 1580,391      13            2630,005 
 1580,391      13            2631,142 
 1580,391      13            2632,357 
 1580,391      13            2633,635 
 1580,391      13            2634,819 
 1580,391      13            2635,925 
 1580,391      13            2637,031 
 1580,391      13            2638,433 
 1580,391      13            2639,695 
 1580,391      13            2640,786 
 1580,391      13            2641,86 
 1580,391      13            2642,998 
 1580,391      13            2644,104 
 1580,391      13            2645,241 
 1580,391      13            2646,456 
 1580,391      13            2647,734 
 1580,391      13            2648,84 
 1580,391      13            2649,868 
 1580,391      13            2650,958 
 1580,391      13            2652,205 
 1580,391      13            2653,404 
 1580,391      13            2654,713 
 1580,391      13            2655,803 
 1580,391      13            2657,019 
 1580,391      13            2658,203 
 1580,391      13            2659,324 
 1580,391      13            2660,275 
 1580,391      13            2661,895 
 1580,391      13            2662,938 
 1580,391      13            2664,154 
 1580,391      13            2665,197 
 1580,391      13            2666,381 
 1580,391      13            2667,597 
 1580,391      13            2668,625 
 1580,391      13            2669,918 
 1580,391      13            2671,195 
 1580,391      13            2672,317 
 1580,391      13            2673,407 
 1580,391      13            2674,7 
 1580,391      13            2675,713 
 1580,391      13            2676,819 
 1580,391      13            2678,097 
 1580,391      13            2679,031 
 1580,391      13            2680,215 
 1580,391      13            2681,306 
 1580,391      13            2682,786 
 1580,391      13            2683,798 
 1580,391      13            2685,091 
 1580,391      13            2686,462 
 1580,391      13            2687,568 
 1580,391      13            2688,488 
 1580,391      13            2689,516 
 1580,391      13            2690,809 
 1580,391      13            2692,195 
 1580,391      13            2693,379 
 1580,391      13            2694,657 
 1580,391      13            2695,887 
 1580,391      13            2697,258 
 1580,391      13            2698,629 
 1580,391      13            2699,844 
 1580,391      13            2701,06 
 1580,391      13            2702,337 
 1580,391      13            2703,614 
 1580,391      13            2704,549 
 1580,391      13            2705,64 
 1580,391      13            2706,652 
 1580,391      13            2707,852 
 1580,391      13            2709,16 
 1580,391      13            2710,438 
 1580,391      13            2711,715 
 1580,391      13            2712,821 
 1580,391      13            2714,037 
 1580,391      13            2715,143 
 1580,391      13            2716,311 
 1580,391      13            2717,526 
 1580,391      13            2718,632 
 1580,391      13            2719,816 
 1580,391      13            2720,938 
 1580,391      13            2722,044 
 1580,391      13            2723,212 
 1580,391      13            2724,381 
 1580,391      13            2725,487 
 1580,391      13            2726,593 
 1580,391      13            2727,777 
 1580,391      13            2728,977 
 1580,391      13            2730,098 
 1580,391      13            2731,267 
 1580,391      13            2732,279 
 1580,391      13            2733,401 
 1580,391      13            2734,6 
 1580,391      13            2735,8 
 1580,391      13            2737 
 1580,391      13            2738,09 
 1580,391      13            2739,29 
 1580,391      13            2740,567 
 1580,391      13            2741,595 
 1580,391      13            2742,686 
 1580,391      13            2743,792 
 1580,391      13            2744,82 
 1580,391      13            2745,911 
 1580,391      13            2747,032 
 1580,391      13            2748,294 
 1580,391      13            2749,4 
 1580,391      13            2750,616 
 1580,391      13            2751,803 
 1580,391      13            2752,911 
 1580,391      13            2754,098 
 1580,391      13            2755,3 
 1580,391      13            2756,33 
 1580,391      13            2757,626 
 1580,391      13            2758,828 
 1580,391      13            2760,28 
 1580,391      13            2761,498 
 1580,391      13            2762,607 
 1580,391      13            2763,621 
 1580,391      13            2764,714 
 1580,391      13            2765,729 
 1580,391      13            2766,65 
 1580,391      13            2767,852 
 1580,391      13            2768,977 
 1580,391      13            2769,991 
 1580,391      13            2771,162 
 1580,391      13            2772,177 
 1580,391      13            2773,208 
 1580,391      13            2774,394 
 1580,391      13            2775,425 
 1580,391      13            2776,627 
