Iteraciones:   2405 

Costo         Vehículos     Tiempo [seg]
 1460,689      8             1,514 
 1460,689      8             2,887 
 1460,689      8             3,933 
 1434,607      8             5,166 
 1417,902      8             6,274 
 1409,246      8             7,57 
 1332,411      8             8,631 
 1332,411      8             9,661 
 1332,411      8             10,847 
 1332,411      8             11,877 
 1332,411      8             12,892 
 1332,411      8             14,156 
 1332,411      8             15,201 
 1332,411      8             16,309 
 1332,411      8             17,433 
 1332,411      8             18,666 
 1332,411      8             19,79 
 1332,411      8             20,945 
 1332,411      8             22,287 
 1332,411      8             23,613 
 1332,411      8             24,846 
 1316,628      8             25,939 
 1316,628      8             27,047 
 1316,628      8             28,202 
 1316,628      8             29,45 
 1316,628      8             30,637 
 1316,628      8             31,745 
 1316,628      8             32,946 
 1316,628      8             34,164 
 1316,628      8             35,365 
 1316,628      8             36,676 
 1316,628      8             38,05 
 1316,628      8             39,298 
 1316,628      8             40,328 
 1316,628      8             41,483 
 1316,628      8             42,716 
 1316,628      8             44,121 
 1316,628      8             45,51 
 1316,628      8             46,727 
 1316,628      8             47,742 
 1316,628      8             49,084 
 1316,628      8             50,317 
 1316,628      8             51,441 
 1316,628      8             52,533 
 1316,628      8             53,906 
 1316,628      8             54,921 
 1316,628      8             56,06 
 1316,628      8             57,34 
 1316,628      8             58,557 
 1316,628      8             59,665 
 1316,628      8             60,758 
 1316,628      8             61,991 
 1316,628      8             63,473 
 1316,628      8             64,519 
 1316,628      8             65,658 
 1316,628      8             67,079 
 1316,628      8             68,312 
 1316,628      8             69,607 
 1316,628      8             70,715 
 1313,811      8             71,87 
 1313,811      8             73,212 
 1313,811      8             74,242 
 1313,811      8             75,428 
 1313,811      8             76,739 
 1313,811      8             78,05 
 1313,811      8             79,08 
 1313,811      8             80,11 
 1313,811      8             81,234 
 1313,811      8             82,639 
 1283,736      8             83,856 
 1283,736      8             84,98 
 1283,736      8             86,025 
 1250,417      8             87,056 
 1250,417      8             88,164 
 1250,417      8             89,287 
 1250,417      8             90,317 
 1250,417      8             91,457 
 1250,417      8             92,549 
 1250,417      8             93,657 
 1250,417      8             94,703 
 1250,417      8             95,827 
 1250,417      8             96,857 
 1250,417      8             97,98 
 1250,417      8             99,088 
 1250,417      8             100,134 
 1250,417      8             101,32 
 1250,417      8             102,506 
 1250,417      8             103,427 
 1250,417      8             104,442 
 1250,417      8             105,753 
 1250,417      8             106,97 
 1250,417      8             108,156 
 1250,417      8             109,17 
 1250,417      8             110,294 
 1250,417      8             111,465 
 1250,417      8             112,776 
 1250,417      8             113,868 
 1250,417      8             114,789 
 1250,417      8             115,741 
 1250,417      8             116,755 
 1250,417      8             117,864 
 1250,417      8             118,8 
 1250,417      8             119,908 
 1250,417      8             120,86 
 1250,417      8             121,89 
 1250,417      8             122,998 
 1250,417      8             124,044 
 1250,417      8             125,168 
 1250,417      8             126,369 
 1250,417      8             127,399 
 1250,417      8             128,445 
 1250,417      8             129,475 
 1250,417      8             130,599 
 1250,417      8             131,707 
 1250,417      8             132,737 
 1250,417      8             133,861 
 1250,417      8             134,906 
 1250,417      8             135,921 
 1250,417      8             136,873 
 1250,417      8             137,904 
 1250,417      8             138,935 
 1250,417      8             139,951 
 1250,417      8             140,998 
 1250,417      8             142,217 
 1250,417      8             143,248 
 1250,417      8             144,436 
 1250,417      8             145,561 
 1250,417      8             146,592 
 1250,417      8             147,811 
 1250,417      8             149,03 
 1250,417      8             150,311 
 1250,417      8             151,53 
 1250,417      8             152,639 
 1250,417      8             153,796 
 1250,417      8             154,858 
 1250,417      8             155,905 
 1250,417      8             157,015 
 1250,417      8             158,03 
 1250,417      8             159,03 
 1250,417      8             160,046 
 1250,417      8             161,062 
 1250,417      8             162,218 
 1250,417      8             163,421 
 1250,417      8             164,515 
 1250,417      8             165,625 
 1250,417      8             166,562 
 1250,417      8             167,672 
 1250,417      8             168,765 
 1250,417      8             169,797 
 1250,417      8             170,89 
 1250,417      8             171,969 
 1250,417      8             173,516 
 1250,417      8             174,766 
 1250,417      8             176,125 
 1250,417      8             177,328 
 1250,417      8             178,438 
 1250,417      8             179,532 
 1250,417      8             180,547 
 1250,417      8             181,657 
 1250,417      8             182,876 
 1250,417      8             184,188 
 1246,977      8             185,157 
 1246,977      8             186,298 
 1246,977      8             187,548 
 1246,977      8             188,814 
 1246,977      8             189,923 
 1246,977      8             190,97 
 1246,977      8             192,345 
 1246,977      8             193,454 
 1246,977      8             194,47 
 1246,977      8             195,58 
 1246,977      8             196,58 
 1246,977      8             197,611 
 1246,977      8             198,736 
 1246,977      8             199,83 
 1246,977      8             200,846 
 1246,977      8             201,971 
 1246,977      8             203,361 
 1246,977      8             204,565 
 1246,977      8             205,502 
 1246,977      8             206,69 
 1246,977      8             207,815 
 1246,977      8             208,909 
 1246,977      8             209,924 
 1246,977      8             210,94 
 1246,977      8             212,065 
 1246,977      8             213,081 
 1246,977      8             214,19 
 1246,977      8             215,206 
 1246,977      8             216,3 
 1246,977      8             217,331 
 1246,977      8             218,331 
 1246,977      8             219,425 
 1246,977      8             220,55 
 1246,977      8             221,55 
 1246,977      8             222,581 
 1246,977      8             223,613 
 1246,977      8             224,722 
 1246,977      8             225,925 
 1246,977      8             227,035 
 1246,977      8             228,222 
 1246,977      8             229,254 
 1246,977      8             230,269 
 1246,977      8             231,285 
 1246,977      8             232,394 
 1246,977      8             233,504 
 1246,977      8             234,52 
 1246,977      8             235,707 
 1246,977      8             236,738 
 1246,977      8             237,832 
 1246,977      8             238,942 
 1246,977      8             239,879 
 1246,977      8             240,973 
 1246,977      8             242,004 
 1246,977      8             243,098 
 1246,977      8             244,13 
 1245,112      8             245,13 
 1245,112      8             246,067 
 1245,112      8             247,083 
 1245,112      8             248,192 
 1245,112      8             249,224 
 1245,112      8             250,317 
 1245,112      8             251,349 
 1245,112      8             252,489 
 1245,112      8             253,849 
 1245,112      8             254,912 
 1245,112      8             256,38 
 1245,112      8             257,74 
 1245,112      8             258,99 
 1245,112      8             260,334 
 1245,112      8             261,428 
 1245,112      8             262,662 
 1245,112      8             263,99 
 1245,112      8             265,084 
 1245,112      8             266,115 
 1245,112      8             267,428 
 1245,112      8             268,631 
 1245,112      8             269,662 
 1245,112      8             270,756 
 1245,112      8             271,788 
 1245,112      8             272,881 
 1245,112      8             273,991 
 1245,112      8             275,022 
 1245,112      8             276,038 
 1245,112      8             277,132 
 1245,112      8             278,257 
 1245,112      8             279,272 
 1245,112      8             280,382 
 1245,112      8             281,476 
 1245,112      8             282,57 
 1245,112      8             283,679 
 1245,112      8             284,898 
 1245,112      8             286,085 
 1245,112      8             287,304 
 1245,112      8             288,586 
 1245,112      8             289,695 
 1245,112      8             290,804 
 1245,112      8             291,851 
 1245,112      8             292,961 
 1245,112      8             294,07 
 1245,112      8             295,086 
 1245,112      8             296,352 
 1245,112      8             297,399 
 1245,112      8             298,524 
 1245,112      8             299,805 
 1245,112      8             300,836 
 1245,112      8             301,852 
 1245,112      8             302,946 
 1245,112      8             304,055 
 1245,112      8             305,087 
 1245,112      8             306,18 
 1245,112      8             307,305 
 1231,104      8             308,337 
 1231,104      8             309,415 
 1231,104      8             310,54 
 1231,104      8             311,728 
 1231,104      8             312,759 
 1231,104      8             313,775 
 1231,104      8             314,79 
 1231,104      8             315,931 
 1231,104      8             317,181 
 1231,104      8             318,291 
 1231,104      8             319,337 
 1231,104      8             320,4 
 1231,104      8             321,619 
 1231,104      8             322,713 
 1231,104      8             323,728 
 1231,104      8             324,978 
 1231,104      8             326,322 
 1231,104      8             327,338 
 1231,104      8             328,526 
 1231,104      8             329,557 
 1231,104      8             330,635 
 1231,104      8             331,651 
 1231,104      8             332,87 
 1231,104      8             334,01 
 1231,104      8             335,198 
 1231,104      8             336,135 
 1231,104      8             337,136 
 1231,104      8             338,167 
 1231,104      8             339,198 
 1231,104      8             340,308 
 1231,104      8             341,323 
 1231,104      8             342,401 
 1231,104      8             343,355 
 1231,104      8             344,355 
 1231,104      8             345,464 
 1231,104      8             346,746 
 1231,104      8             347,777 
 1231,104      8             348,98 
 1231,104      8             350,089 
 1231,104      8             351,371 
 1231,104      8             352,668 
 1231,104      8             353,793 
 1231,104      8             354,855 
 1231,104      8             355,902 
 1231,104      8             356,934 
 1231,104      8             358,074 
 1231,104      8             359,106 
 1231,104      8             360,246 
 1231,104      8             361,262 
 1231,104      8             362,278 
 1231,104      8             363,309 
 1231,104      8             364,325 
 1231,104      8             365,34 
 1231,104      8             366,356 
 1231,104      8             367,434 
 1231,104      8             368,544 
 1231,104      8             369,481 
 1231,104      8             370,591 
 1231,104      8             371,606 
 1231,104      8             372,622 
 1231,104      8             373,716 
 1231,104      8             374,732 
 1231,104      8             375,747 
 1231,104      8             376,669 
 1231,104      8             377,779 
 1231,104      8             378,81 
 1231,104      8             379,826 
 1231,104      8             380,92 
 1231,104      8             381,935 
 1231,104      8             383,06 
 1231,104      8             384,17 
 1231,104      8             385,185 
 1231,104      8             386,295 
 1231,104      8             387,311 
 1231,104      8             388,389 
 1231,104      8             389,404 
 1231,104      8             390,358 
 1231,104      8             391,451 
 1231,104      8             392,639 
 1231,104      8             393,655 
 1231,104      8             394,686 
 1231,104      8             395,702 
 1231,104      8             396,733 
 1231,104      8             397,843 
 1231,104      8             398,843 
 1231,104      8             399,874 
 1231,104      8             400,968 
 1231,104      8             402,093 
 1231,104      8             403,202 
 1231,104      8             404,39 
 1231,104      8             405,484 
 1231,104      8             406,499 
 1231,104      8             407,531 
 1231,104      8             408,64 
 1231,104      8             409,656 
 1231,104      8             410,75 
 1231,104      8             411,765 
 1231,104      8             412,703 
 1231,104      8             413,812 
 1231,104      8             414,906 
 1231,104      8             415,937 
 1231,104      8             416,953 
 1231,104      8             417,953 
 1231,104      8             418,891 
 1231,104      8             420 
 1231,104      8             421,094 
 1231,104      8             422,219 
 1231,104      8             423,313 
 1231,104      8             424,329 
 1231,104      8             425,266 
 1231,104      8             426,282 
 1231,104      8             427,298 
 1231,104      8             428,485 
 1231,104      8             429,501 
 1231,104      8             430,501 
 1231,104      8             431,517 
 1231,104      8             432,72 
 1231,104      8             433,829 
 1231,104      8             434,939 
 1231,104      8             435,954 
 1231,104      8             436,97 
 1231,104      8             437,986 
 1231,104      8             439,018 
 1231,104      8             440,222 
 1231,104      8             441,238 
 1231,104      8             442,254 
 1231,104      8             443,27 
 1231,104      8             444,364 
 1231,104      8             445,459 
 1231,104      8             446,569 
 1231,104      8             447,585 
 1231,104      8             448,523 
 1231,104      8             449,633 
 1231,104      8             450,649 
 1231,104      8             451,665 
 1231,104      8             452,603 
 1231,104      8             453,713 
 1231,104      8             454,823 
 1231,104      8             455,933 
 1231,104      8             456,965 
 1231,104      8             457,965 
 1231,104      8             458,997 
 1231,104      8             460,185 
 1231,104      8             461,295 
 1231,104      8             462,327 
 1231,104      8             463,343 
 1231,104      8             464,343 
 1231,104      8             465,438 
 1231,104      8             466,547 
 1231,104      8             467,579 
 1231,104      8             468,674 
 1231,104      8             469,69 
 1231,104      8             470,8 
 1231,104      8             471,941 
 1231,104      8             473,051 
 1231,104      8             473,989 
 1231,104      8             474,989 
 1231,104      8             476,005 
 1231,104      8             477,037 
 1231,104      8             478,147 
 1231,104      8             479,163 
 1231,104      8             480,258 
 1231,104      8             481,196 
 1231,104      8             482,243 
 1231,104      8             483,259 
 1231,104      8             484,197 
 1231,104      8             485,291 
 1231,104      8             486,307 
 1231,104      8             487,589 
 1231,104      8             488,762 
 1231,104      8             489,7 
 1231,104      8             490,794 
 1231,104      8             491,81 
 1231,104      8             492,936 
 1231,104      8             493,983 
 1231,104      8             495,046 
 1231,104      8             496,062 
 1231,104      8             497 
 1231,104      8             498,095 
 1231,104      8             499,033 
 1231,104      8             500,143 
 1231,104      8             501,237 
 1231,104      8             502,253 
 1231,104      8             503,269 
 1231,104      8             504,301 
 1231,104      8             505,473 
 1231,104      8             506,599 
 1231,104      8             507,709 
 1231,104      8             508,803 
 1231,104      8             509,741 
 1231,104      8             510,757 
 1231,104      8             511,945 
 1231,104      8             512,977 
 1231,104      8             513,993 
 1231,104      8             515,197 
 1231,104      8             516,307 
 1231,104      8             517,323 
 1231,104      8             518,355 
 1231,104      8             519,434 
 1231,104      8             520,45 
 1231,104      8             521,56 
 1229,449      8             522,591 
 1229,449      8             523,686 
 1229,449      8             524,624 
 1229,449      8             525,655 
 1229,449      8             526,672 
 1229,449      8             527,766 
 1229,449      8             528,876 
 1229,449      8             529,908 
 1229,449      8             531,018 
 1229,449      8             532,018 
 1229,449      8             533,034 
 1229,449      8             534,05 
 1229,449      8             535,066 
 1229,449      8             536,098 
 1229,449      8             537,114 
 1229,449      8             538,131 
 1229,449      8             539,131 
 1229,449      8             540,335 
 1229,449      8             541,429 
 1229,449      8             542,555 
 1229,449      8             543,571 
 1229,449      8             544,587 
 1229,449      8             545,775 
 1229,449      8             546,791 
 1229,449      8             547,917 
 1229,449      8             548,933 
 1229,449      8             549,933 
 1229,449      8             550,965 
 1229,449      8             552,075 
 1229,449      8             553,169 
 1229,449      8             554,107 
 1229,449      8             555,217 
 1229,449      8             556,218 
 1227,856      8             557,25 
 1227,856      8             558,36 
 1227,856      8             559,548 
 1227,856      8             560,548 
 1227,856      8             561,564 
 1227,856      8             562,58 
 1227,856      8             563,69 
 1227,856      8             564,722 
 1227,856      8             566,004 
 1227,856      8             567,036 
 1227,856      8             568,052 
 1227,856      8             569,146 
 1227,856      8             570,162 
 1227,856      8             571,272 
 1227,856      8             572,195 
 1227,856      8             573,226 
 1227,856      8             574,243 
 1227,856      8             575,259 
 1227,856      8             576,447 
 1227,856      8             577,463 
 1227,856      8             578,651 
 1227,856      8             579,667 
 1227,856      8             580,699 
 1227,856      8             581,715 
 1227,856      8             582,731 
 1227,856      8             583,841 
 1227,856      8             584,873 
 1227,856      8             585,889 
 1227,856      8             587,077 
 1227,856      8             588,297 
 1227,856      8             589,297 
 1227,856      8             590,235 
 1227,856      8             591,157 
 1227,856      8             592,267 
 1227,856      8             593,268 
 1227,856      8             594,3 
 1227,856      8             595,316 
 1227,856      8             596,316 
 1227,856      8             597,254 
 1227,856      8             598,348 
 1227,856      8             599,458 
 1227,856      8             600,553 
 1227,856      8             601,584 
 1227,856      8             602,679 
 1227,856      8             603,804 
 1227,856      8             604,992 
 1227,856      8             606,009 
 1227,856      8             607,025 
 1227,856      8             607,963 
 1227,856      8             609,057 
 1227,856      8             610,183 
 1227,856      8             611,293 
 1227,856      8             612,309 
 1227,856      8             613,309 
 1227,856      8             614,419 
 1227,856      8             615,435 
 1227,856      8             616,451 
 1227,856      8             617,468 
 1227,856      8             618,562 
 1227,856      8             619,578 
 1227,856      8             620,594 
 1227,856      8             621,704 
 1227,856      8             622,751 
 1227,856      8             623,752 
 1227,856      8             624,862 
 1227,856      8             625,878 
 1227,856      8             626,988 
 1227,856      8             628,035 
 1227,856      8             629,051 
 1227,856      8             630,052 
 1227,856      8             630,974 
 1227,856      8             632,1 
 1227,856      8             633,132 
 1227,856      8             634,054 
 1227,856      8             635,164 
 1227,856      8             636,164 
 1227,856      8             637,181 
 1227,856      8             638,212 
 1227,856      8             639,322 
 1227,856      8             640,417 
 1227,856      8             641,355 
 1227,856      8             642,355 
 1227,856      8             643,371 
 1227,856      8             644,481 
 1227,856      8             645,575 
 1227,856      8             646,685 
 1227,856      8             647,702 
 1227,856      8             648,827 
 1227,856      8             649,953 
 1227,856      8             651,078 
 1227,856      8             652,11 
 1227,856      8             653,142 
 1227,856      8             654,158 
 1227,856      8             655,362 
 1227,856      8             656,378 
 1227,856      8             657,472 
 1227,856      8             658,566 
 1227,856      8             659,583 
 1227,856      8             660,614 
 1227,856      8             661,63 
 1227,856      8             662,819 
 1227,856      8             663,835 
 1227,856      8             664,866 
 1227,856      8             665,961 
 1227,856      8             666,977 
 1227,856      8             667,993 
 1227,856      8             669,025 
 1227,856      8             670,041 
 1227,856      8             671,245 
 1227,856      8             672,245 
 1227,856      8             673,261 
 1227,856      8             674,277 
 1227,856      8             675,215 
 1227,856      8             676,31 
 1227,856      8             677,326 
 1227,856      8             678,264 
 1227,856      8             679,374 
 1227,856      8             680,468 
 1227,856      8             681,484 
 1227,856      8             682,594 
 1227,856      8             683,688 
 1227,856      8             684,72 
 1227,856      8             685,815 
 1227,856      8             686,846 
 1227,856      8             687,941 
 1227,856      8             688,972 
 1227,856      8             689,989 
 1227,856      8             691,177 
 1227,856      8             692,193 
 1227,856      8             693,209 
 1227,856      8             694,319 
 1227,856      8             695,444 
 1227,856      8             696,445 
 1227,856      8             697,477 
 1227,856      8             698,587 
 1227,856      8             699,603 
 1227,856      8             700,603 
 1227,856      8             701,619 
 1227,856      8             702,557 
 1227,856      8             703,574 
 1227,856      8             704,777 
 1227,856      8             705,981 
 1227,856      8             707,185 
 1227,856      8             708,185 
 1227,856      8             709,217 
 1227,856      8             710,233 
 1227,856      8             711,327 
 1227,856      8             712,516 
 1227,856      8             713,469 
 1227,856      8             714,563 
 1227,856      8             715,658 
 1227,856      8             716,861 
 1227,856      8             717,971 
 1227,856      8             719,081 
 1227,856      8             720,019 
 1227,856      8             721,114 
 1227,856      8             722,052 
 1227,856      8             723,162 
 1227,856      8             724,35 
 1227,856      8             725,475 
 1227,856      8             726,476 
 1227,856      8             727,492 
 1227,856      8             728,508 
 1227,856      8             729,618 
 1227,856      8             730,634 
 1227,856      8             731,744 
 1227,856      8             732,87 
 1227,856      8             734,073 
 1227,856      8             735,089 
 1227,856      8             736,106 
 1227,856      8             737,2 
 1227,856      8             738,31 
 1227,856      8             739,342 
 1227,856      8             740,608 
 1227,856      8             741,719 
 1227,856      8             742,75 
 1227,856      8             743,845 
 1227,856      8             744,877 
 1227,856      8             745,987 
 1227,856      8             747,113 
 1227,856      8             748,129 
 1227,856      8             749,317 
 1227,856      8             750,24 
 1227,856      8             751,35 
 1227,856      8             752,46 
 1227,856      8             753,398 
 1227,856      8             754,399 
 1227,856      8             755,431 
 1227,856      8             756,541 
 1227,856      8             757,557 
 1227,856      8             758,667 
 1227,856      8             759,699 
 1227,856      8             760,825 
 1227,856      8             761,841 
 1227,856      8             762,842 
 1227,856      8             763,968 
 1227,856      8             765,062 
 1227,856      8             766,078 
 1227,856      8             767,095 
 1227,856      8             768,033 
 1227,856      8             769,034 
 1227,856      8             770,05 
 1227,856      8             771,16 
 1227,856      8             772,192 
 1227,856      8             773,302 
 1227,856      8             774,318 
 1227,856      8             775,522 
 1227,856      8             776,539 
 1227,856      8             777,727 
 1227,856      8             778,743 
 1227,856      8             779,838 
 1227,856      8             780,854 
 1227,856      8             781,995 
 1227,856      8             783,027 
 1227,856      8             784,122 
 1227,856      8             785,138 
 1227,856      8             786,17 
 1227,856      8             787,186 
 1227,856      8             788,203 
 1227,856      8             789,313 
 1227,856      8             790,329 
 1227,856      8             791,486 
 1227,856      8             792,565 
 1227,856      8             793,597 
 1227,856      8             794,597 
 1227,856      8             795,708 
 1227,856      8             797,005 
 1227,856      8             798,022 
 1227,856      8             799,226 
 1227,856      8             800,242 
 1227,856      8             801,336 
 1227,856      8             802,353 
 1227,856      8             803,447 
 1227,856      8             804,463 
 1227,856      8             805,495 
 1227,856      8             806,621 
 1227,856      8             807,731 
 1227,856      8             808,763 
 1227,856      8             809,858 
 1227,856      8             810,89 
 1227,856      8             812,031 
 1227,856      8             813,141 
 1227,856      8             814,157 
 1227,856      8             815,174 
 1227,856      8             816,299 
 1227,856      8             817,425 
 1227,856      8             818,52 
 1227,856      8             819,458 
 1227,856      8             820,474 
 1227,856      8             821,662 
 1227,856      8             822,757 
 1227,856      8             823,789 
 1227,856      8             824,883 
 1227,856      8             825,9 
 1227,856      8             826,931 
 1227,856      8             827,948 
 1227,856      8             829,058 
 1227,856      8             830,059 
 1227,856      8             831,169 
 1227,856      8             832,201 
 1227,856      8             833,295 
 1227,856      8             834,311 
 1227,856      8             835,421 
 1227,856      8             836,532 
 1227,856      8             837,642 
 1227,856      8             838,58 
 1227,856      8             839,768 
 1227,856      8             841,066 
 1227,856      8             842,082 
 1227,856      8             843,192 
 1227,856      8             844,302 
 1227,856      8             845,428 
 1227,856      8             846,538 
 1227,856      8             847,555 
 1227,856      8             848,633 
 1227,856      8             849,744 
 1227,856      8             850,775 
 1227,856      8             851,87 
 1227,856      8             852,886 
 1227,856      8             853,903 
 1227,856      8             855,028 
 1227,856      8             856,029 
 1227,856      8             857,045 
 1227,856      8             858,062 
 1227,856      8             859,093 
 1227,856      8             860,11 
 1227,856      8             861,126 
 1227,856      8             862,127 
 1227,856      8             863,143 
 1227,856      8             864,175 
 1227,856      8             865,269 
 1227,856      8             866,208 
 1227,856      8             867,224 
 1227,856      8             868,24 
 1227,856      8             869,335 
 1227,856      8             870,351 
 1227,856      8             871,461 
 1227,856      8             872,399 
 1227,856      8             873,416 
 1227,856      8             874,51 
 1227,856      8             875,542 
 1227,856      8             876,636 
 1227,856      8             877,653 
 1227,856      8             878,747 
 1227,856      8             879,763 
 1227,856      8             880,795 
 1227,856      8             881,984 
 1227,856      8             883,016 
 1227,856      8             884,11 
 1227,856      8             885,126 
 1227,856      8             886,158 
 1227,856      8             887,268 
 1227,856      8             888,379 
 1227,856      8             889,473 
 1227,856      8             890,583 
 1227,856      8             891,678 
 1227,856      8             892,788 
 1227,856      8             893,82 
 1227,856      8             894,836 
 1227,856      8             895,852 
 1227,856      8             896,869 
 1227,856      8             897,963 
 1227,856      8             899,089 
 1227,856      8             900,199 
 1227,856      8             901,309 
 1227,856      8             902,31 
 1227,856      8             903,248 
 1227,856      8             904,264 
 1227,856      8             905,359 
 1227,856      8             906,641 
 1227,856      8             907,673 
 1227,856      8             908,673 
 1227,856      8             909,705 
 1227,856      8             910,8 
 1227,856      8             911,91 
 1227,856      8             912,926 
 1227,856      8             913,849 
 1227,856      8             914,787 
 1227,856      8             915,881 
 1227,856      8             917,007 
 1227,856      8             918,117 
 1227,856      8             919,133 
 1227,856      8             920,244 
 1227,856      8             921,244 
 1227,856      8             922,37 
 1227,856      8             923,464 
 1227,856      8             924,653 
 1227,856      8             925,685 
 1227,856      8             926,873 
 1227,856      8             927,983 
 1227,856      8             929,109 
 1227,856      8             930,203 
 1227,856      8             931,407 
 1227,856      8             932,424 
 1227,856      8             933,44 
 1227,856      8             934,456 
 1227,856      8             935,488 
 1227,856      8             936,583 
 1227,856      8             937,599 
 1227,856      8             938,631 
 1227,856      8             939,71 
 1227,856      8             940,726 
 1227,856      8             941,93 
 1227,856      8             942,946 
 1227,856      8             943,962 
 1227,856      8             944,916 
 1227,856      8             946,104 
 1227,856      8             947,136 
 1227,856      8             948,137 
 1227,856      8             949,169 
 1227,856      8             950,295 
 1227,856      8             951,389 
 1227,856      8             952,406 
 1227,856      8             953,437 
 1227,856      8             954,454 
 1227,856      8             955,564 
 1227,856      8             956,674 
 1227,856      8             957,768 
 1227,856      8             958,785 
 1227,856      8             959,723 
 1227,856      8             960,739 
 1227,856      8             961,834 
 1227,856      8             963,038 
 1227,856      8             964,148 
 1227,856      8             965,086 
 1227,856      8             966,196 
 1227,856      8             967,212 
 1227,856      8             968,322 
 1227,856      8             969,339 
 1227,856      8             970,355 
 1227,856      8             971,449 
 1227,856      8             972,575 
 1227,856      8             973,654 
 1227,856      8             974,749 
 1227,856      8             975,843 
 1227,856      8             976,875 
 1227,856      8             978,063 
 1227,856      8             979,001 
 1227,856      8             980,096 
 1227,856      8             981,112 
 1227,856      8             982,144 
 1227,856      8             983,16 
 1227,856      8             984,161 
 1227,856      8             985,271 
 1227,856      8             986,303 
 1227,856      8             987,304 
 1227,856      8             988,43 
 1227,856      8             989,446 
 1227,856      8             990,556 
 1227,856      8             991,666 
 1227,856      8             992,729 
 1227,856      8             993,824 
 1227,856      8             994,981 
 1227,856      8             996,028 
 1227,856      8             997,17 
 1227,856      8             998,342 
 1227,856      8             999,484 
 1227,856      8             1000,672 
 1227,856      8             1001,688 
 1227,856      8             1002,783 
 1227,856      8             1003,877 
 1227,856      8             1004,894 
 1227,856      8             1006,035 
 1227,856      8             1007,192 
 1227,856      8             1008,208 
 1227,856      8             1009,35 
 1227,856      8             1010,382 
 1227,856      8             1011,32 
 1227,856      8             1012,414 
 1227,856      8             1013,384 
 1227,856      8             1014,494 
 1227,856      8             1015,51 
 1227,856      8             1016,573 
 1227,856      8             1017,683 
 1227,856      8             1018,7 
 1227,856      8             1019,716 
 1227,856      8             1020,81 
 1227,856      8             1021,842 
 1227,856      8             1022,937 
 1227,856      8             1023,969 
 1227,856      8             1024,985 
 1227,856      8             1026,267 
 1227,856      8             1027,19 
 1227,856      8             1028,222 
 1227,856      8             1029,238 
 1227,856      8             1030,254 
 1227,856      8             1031,458 
 1227,856      8             1032,568 
 1227,856      8             1033,678 
 1227,856      8             1034,757 
 1227,856      8             1035,789 
 1227,856      8             1037,165 
 1227,856      8             1038,275 
 1227,856      8             1039,292 
 1227,856      8             1040,402 
 1227,856      8             1041,34 
 1227,856      8             1042,356 
 1227,856      8             1043,451 
 1227,856      8             1044,577 
 1227,856      8             1045,593 
 1227,856      8             1046,594 
 1227,856      8             1047,61 
 1227,856      8             1048,798 
 1227,856      8             1049,83 
 1227,856      8             1050,925 
 1227,856      8             1052,066 
 1227,856      8             1053,224 
 1227,856      8             1054,287 
 1227,856      8             1055,428 
 1227,856      8             1056,538 
 1227,856      8             1057,57 
 1227,856      8             1058,712 
 1227,856      8             1059,806 
 1227,856      8             1060,76 
 1227,856      8             1061,777 
 1227,856      8             1062,965 
 1227,856      8             1063,903 
 1227,856      8             1064,998 
 1227,856      8             1066,202 
 1227,856      8             1067,14 
 1227,856      8             1068,156 
 1227,856      8             1069,173 
 1227,856      8             1070,267 
 1227,856      8             1071,299 
 1227,856      8             1072,315 
 1227,856      8             1073,316 
 1227,856      8             1074,426 
 1227,856      8             1075,537 
 1227,856      8             1076,569 
 1227,856      8             1077,663 
 1227,856      8             1078,758 
 1227,856      8             1079,883 
 1227,856      8             1081,056 
 1227,856      8             1081,994 
 1227,856      8             1083,089 
 1227,856      8             1084,105 
 1227,856      8             1085,153 
 1227,856      8             1086,185 
 1227,856      8             1087,186 
 1227,856      8             1088,218 
 1227,856      8             1089,312 
 1227,856      8             1090,25 
 1227,856      8             1091,251 
 1227,856      8             1092,189 
 1227,856      8             1093,206 
 1227,856      8             1094,363 
 1227,856      8             1095,379 
 1227,856      8             1096,567 
 1227,856      8             1097,584 
 1227,856      8             1098,6 
 1227,856      8             1099,757 
 1227,856      8             1100,852 
 1227,856      8             1101,978 
 1227,856      8             1102,994 
 1227,856      8             1104,01 
 1227,856      8             1105,308 
 1227,856      8             1106,512 
 1227,856      8             1107,653 
 1227,856      8             1108,639 
 1227,856      8             1109,702 
 1227,856      8             1110,64 
 1227,856      8             1111,735 
 1227,856      8             1112,798 
 1227,856      8             1113,971 
 1227,856      8             1115,003 
 1227,856      8             1116,019 
 1227,856      8             1117,098 
 1227,856      8             1118,13 
 1227,856      8             1119,334 
 1227,856      8             1120,663 
 1227,856      8             1121,679 
 1227,856      8             1122,821 
 1227,856      8             1123,931 
 1227,856      8             1125,01 
 1227,856      8             1126,214 
 1227,856      8             1127,324 
 1227,856      8             1128,262 
 1227,856      8             1129,372 
 1227,856      8             1130,404 
 1227,856      8             1131,499 
 1227,856      8             1132,515 
 1227,856      8             1133,625 
 1227,856      8             1134,736 
 1227,856      8             1135,768 
 1227,856      8             1136,862 
 1227,856      8             1138,05 
 1227,856      8             1139,27 
 1227,856      8             1140,286 
 1227,856      8             1141,365 
 1227,856      8             1142,319 
 1227,856      8             1143,586 
 1227,856      8             1144,618 
 1227,856      8             1145,759 
 1227,856      8             1146,713 
 1227,856      8             1147,886 
 1227,856      8             1148,824 
 1227,856      8             1149,965 
 1227,856      8             1151,341 
 1227,856      8             1152,358 
 1227,856      8             1153,39 
 1227,856      8             1154,406 
 1227,856      8             1155,532 
 1227,856      8             1156,579 
 1227,856      8             1157,596 
 1227,856      8             1158,612 
 1227,856      8             1159,535 
 1227,856      8             1160,629 
 1227,856      8             1161,661 
 1227,856      8             1162,662 
 1227,856      8             1163,678 
 1227,856      8             1164,71 
 1227,856      8             1165,711 
 1227,856      8             1166,899 
 1227,856      8             1167,838 
 1227,856      8             1168,838 
 1227,856      8             1169,855 
 1227,856      8             1170,887 
 1227,856      8             1171,981 
 1227,856      8             1173,107 
 1227,856      8             1174,202 
 1227,856      8             1175,218 
 1227,856      8             1176,156 
 1227,856      8             1177,251 
 1227,856      8             1178,361 
 1227,856      8             1179,393 
 1227,856      8             1180,503 
 1227,856      8             1181,504 
 1227,856      8             1182,52 
 1227,856      8             1183,536 
 1227,856      8             1184,568 
 1227,856      8             1185,585 
 1227,856      8             1186,679 
 1227,856      8             1187,696 
 1227,856      8             1188,728 
 1227,856      8             1189,744 
 1227,856      8             1191,011 
 1227,856      8             1192,043 
 1227,856      8             1193,122 
 1227,856      8             1194,122 
 1227,856      8             1195,279 
 1227,856      8             1196,436 
 1227,856      8             1197,484 
 1227,856      8             1198,672 
 1227,856      8             1199,689 
 1227,856      8             1200,721 
 1227,856      8             1201,737 
 1227,856      8             1202,675 
 1227,856      8             1203,77 
 1227,856      8             1204,802 
 1227,856      8             1205,818 
 1227,856      8             1206,913 
 1227,856      8             1208,101 
 1227,856      8             1209,196 
 1227,856      8             1210,431 
 1227,856      8             1211,463 
 1227,856      8             1212,495 
 1227,856      8             1213,636 
 1227,856      8             1214,653 
 1227,856      8             1215,81 
 1227,856      8             1216,951 
 1227,856      8             1218,108 
 1227,856      8             1219,218 
 1227,856      8             1220,344 
 1227,856      8             1221,548 
 1227,856      8             1222,596 
 1227,856      8             1223,784 
 1227,856      8             1224,801 
 1227,856      8             1225,817 
 1227,856      8             1226,755 
 1227,856      8             1227,959 
 1227,856      8             1229,022 
 1227,856      8             1230,133 
 1227,856      8             1231,149 
 1227,856      8             1232,244 
 1227,856      8             1233,276 
 1227,856      8             1234,386 
 1227,856      8             1235,496 
 1227,856      8             1236,606 
 1227,856      8             1237,529 
 1227,856      8             1238,467 
 1227,856      8             1239,483 
 1227,856      8             1240,578 
 1227,856      8             1241,703 
 1227,856      8             1242,798 
 1227,856      8             1243,955 
 1227,856      8             1245,128 
 1227,856      8             1246,519 
 1227,856      8             1247,458 
 1227,856      8             1248,599 
 1227,856      8             1249,615 
 1227,856      8             1250,632 
 1227,856      8             1251,648 
 1227,856      8             1252,774 
 1227,856      8             1253,962 
 1227,856      8             1254,901 
 1227,856      8             1255,995 
 1227,856      8             1257,011 
 1227,856      8             1258,122 
 1227,856      8             1259,154 
 1227,856      8             1260,248 
 1227,856      8             1261,265 
 1227,856      8             1262,297 
 1227,856      8             1263,313 
 1227,856      8             1264,235 
 1227,856      8             1265,377 
 1227,856      8             1266,487 
 1227,856      8             1267,535 
 1227,856      8             1268,629 
 1227,856      8             1269,646 
 1227,856      8             1270,599 
 1227,856      8             1271,631 
 1227,856      8             1272,726 
 1227,856      8             1273,758 
 1227,856      8             1274,852 
 1227,856      8             1275,963 
 1227,856      8             1277,073 
 1227,856      8             1278,183 
 1227,856      8             1279,184 
 1227,856      8             1280,216 
 1227,856      8             1281,31 
 1227,856      8             1282,248 
 1227,856      8             1283,359 
 1227,856      8             1284,375 
 1227,856      8             1285,469 
 1227,856      8             1286,501 
 1227,856      8             1287,596 
 1227,856      8             1288,612 
 1227,856      8             1289,738 
 1227,856      8             1290,833 
 1227,856      8             1291,771 
 1227,856      8             1292,865 
 1227,856      8             1293,897 
 1227,856      8             1294,976 
 1227,856      8             1295,93 
 1227,856      8             1297,134 
 1227,856      8             1298,229 
 1227,856      8             1299,245 
 1227,856      8             1300,277 
 1227,856      8             1301,293 
 1227,856      8             1302,31 
 1227,856      8             1303,326 
 1227,856      8             1304,421 
 1227,856      8             1305,359 
 1227,856      8             1306,547 
 1227,856      8             1307,579 
 1227,856      8             1308,596 
 1227,856      8             1309,612 
 1227,856      8             1310,628 
 1227,856      8             1311,629 
 1227,856      8             1312,661 
 1227,856      8             1313,677 
 1227,856      8             1314,694 
 1227,856      8             1315,71 
 1227,856      8             1316,711 
 1227,856      8             1317,649 
 1227,856      8             1318,759 
 1227,856      8             1319,869 
 1227,856      8             1320,886 
 1227,856      8             1321,965 
 1227,856      8             1322,981 
 1227,856      8             1324,091 
 1227,856      8             1325,201 
 1227,856      8             1326,14 
 1227,856      8             1327,234 
 1227,856      8             1328,344 
 1227,856      8             1329,361 
 1227,856      8             1330,393 
 1227,856      8             1331,487 
 1227,856      8             1332,613 
 1227,856      8             1333,629 
 1227,856      8             1334,63 
 1227,856      8             1335,662 
 1227,856      8             1336,85 
 1227,856      8             1338,039 
 1227,856      8             1339,149 
 1227,856      8             1340,181 
 1227,856      8             1341,276 
 1227,856      8             1342,292 
 1227,856      8             1343,308 
 1227,856      8             1344,418 
 1227,856      8             1345,435 
 1227,856      8             1346,451 
 1227,856      8             1347,561 
 1227,856      8             1348,593 
 1227,856      8             1349,782 
 1227,856      8             1350,814 
 1227,856      8             1351,815 
 1227,856      8             1352,753 
 1227,856      8             1353,754 
 1227,856      8             1354,77 
 1227,856      8             1355,88 
 1227,856      8             1356,975 
 1227,856      8             1357,991 
 1227,856      8             1359,007 
 1227,856      8             1360,039 
 1227,856      8             1361,134 
 1227,856      8             1362,166 
 1227,856      8             1363,276 
 1227,856      8             1364,293 
 1227,856      8             1365,465 
 1227,856      8             1366,482 
 1227,856      8             1367,686 
 1227,856      8             1368,843 
 1227,856      8             1369,781 
 1227,856      8             1370,86 
 1227,856      8             1371,876 
 1227,856      8             1372,94 
 1227,856      8             1373,987 
 1227,856      8             1375,097 
 1227,856      8             1376,333 
 1227,856      8             1377,443 
 1227,856      8             1378,631 
 1227,856      8             1379,757 
 1227,856      8             1380,789 
 1227,856      8             1382,009 
 1227,856      8             1383,26 
 1227,856      8             1384,292 
 1227,856      8             1385,386 
 1227,856      8             1386,418 
 1227,856      8             1387,607 
 1227,856      8             1388,639 
 1227,856      8             1389,686 
 1227,856      8             1390,89 
 1227,856      8             1391,907 
 1227,856      8             1392,986 
 1227,856      8             1393,94 
 1227,856      8             1395,034 
 1227,856      8             1396,051 
 1227,856      8             1397,145 
 1227,856      8             1398,177 
 1227,856      8             1399,178 
 1227,856      8             1400,335 
 1227,856      8             1401,367 
 1227,856      8             1402,415 
 1227,856      8             1403,572 
 1227,856      8             1404,776 
 1227,856      8             1405,886 
 1227,856      8             1407,012 
 1227,856      8             1408,044 
 1227,856      8             1409,138 
 1227,856      8             1410,139 
 1227,856      8             1411,265 
 1227,856      8             1412,281 
 1227,856      8             1413,298 
 1227,856      8             1414,392 
 1227,856      8             1415,44 
 1227,856      8             1416,456 
 1227,856      8             1417,488 
 1227,856      8             1418,505 
 1227,856      8             1419,756 
 1227,856      8             1420,835 
 1227,856      8             1421,976 
 1227,856      8             1422,945 
 1227,856      8             1424,024 
 1227,856      8             1424,978 
 1227,856      8             1425,979 
 1227,856      8             1427,167 
 1227,856      8             1428,199 
 1227,856      8             1429,216 
 1227,856      8             1430,217 
 1227,856      8             1431,233 
 1227,856      8             1432,171 
 1227,856      8             1433,266 
 1227,856      8             1434,282 
 1227,856      8             1435,439 
 1227,856      8             1436,549 
 1227,856      8             1437,644 
 1227,856      8             1438,77 
 1227,856      8             1439,786 
 1227,856      8             1440,802 
 1227,856      8             1441,803 
 1227,856      8             1442,835 
 1227,856      8             1443,945 
 1227,856      8             1445,071 
 1227,856      8             1446,181 
 1227,856      8             1447,292 
 1227,856      8             1448,386 
 1227,856      8             1449,418 
 1227,856      8             1450,435 
 1227,856      8             1451,545 
 1227,856      8             1452,639 
 1227,856      8             1453,75 
 1227,856      8             1454,86 
 1227,856      8             1455,97 
 1227,856      8             1456,908 
 1227,856      8             1457,925 
 1227,856      8             1458,847 
 1227,856      8             1460,036 
 1227,856      8             1461,146 
 1227,856      8             1462,162 
 1227,856      8             1463,257 
 1227,856      8             1464,289 
 1227,856      8             1465,383 
 1227,856      8             1466,4 
 1227,856      8             1467,525 
 1227,856      8             1468,448 
 1227,856      8             1469,464 
 1227,856      8             1470,481 
 1227,856      8             1471,575 
 1227,856      8             1472,607 
 1227,856      8             1473,718 
 1227,856      8             1474,718 
 1227,856      8             1475,735 
 1227,856      8             1476,845 
 1227,856      8             1478,049 
 1227,856      8             1479,159 
 1227,856      8             1480,269 
 1227,856      8             1481,395 
 1227,856      8             1482,505 
 1227,856      8             1483,522 
 1227,856      8             1484,522 
 1227,856      8             1485,539 
 1227,856      8             1486,555 
 1227,856      8             1487,572 
 1208,109      8             1488,682 
 1208,109      8             1489,792 
 1208,109      8             1490,996 
 1208,109      8             1492,028 
 1208,109      8             1493,123 
 1208,109      8             1494,327 
 1208,109      8             1495,437 
 1208,109      8             1496,547 
 1208,109      8             1497,735 
 1208,109      8             1498,767 
 1208,109      8             1499,878 
 1208,109      8             1501,347 
 1208,109      8             1502,473 
 1208,109      8             1503,568 
 1208,109      8             1504,506 
 1208,109      8             1505,71 
 1208,109      8             1507,008 
 1208,109      8             1508,024 
 1208,109      8             1509,103 
 1208,109      8             1510,12 
 1208,109      8             1511,339 
 1208,109      8             1512,621 
 1208,109      8             1513,841 
 1208,109      8             1515,123 
 1202,656      8             1516,233 
 1202,656      8             1517,422 
 1202,656      8             1518,548 
 1202,656      8             1519,564 
 1202,656      8             1520,58 
 1202,656      8             1521,581 
 1202,656      8             1522,785 
 1202,656      8             1524,083 
 1202,656      8             1525,224 
 1202,656      8             1526,413 
 1202,656      8             1527,633 
 1202,656      8             1528,743 
 1202,656      8             1529,837 
 1202,656      8             1530,869 
 1202,656      8             1531,979 
 1202,656      8             1533,152 
 1202,656      8             1534,466 
 1202,656      8             1535,576 
 1202,656      8             1536,858 
 1202,656      8             1537,89 
 1202,656      8             1539,016 
 1202,656      8             1540,22 
 1202,656      8             1541,408 
 1202,656      8             1542,534 
 1202,656      8             1543,488 
 1202,656      8             1544,598 
 1202,656      8             1545,693 
 1202,656      8             1546,819 
 1202,656      8             1547,866 
 1202,656      8             1548,961 
 1202,656      8             1550,353 
 1202,656      8             1551,65 
 1202,656      8             1552,667 
 1202,656      8             1553,699 
 1202,656      8             1554,809 
 1202,656      8             1555,903 
 1202,656      8             1556,92 
 1202,656      8             1558,046 
 1202,656      8             1559,062 
 1202,656      8             1560,078 
 1202,656      8             1561,267 
 1202,656      8             1562,455 
 1202,656      8             1563,487 
 1202,656      8             1564,504 
 1202,656      8             1565,708 
 1202,656      8             1566,927 
 1202,656      8             1568,288 
 1202,656      8             1569,507 
 1202,656      8             1570,774 
 1202,656      8             1571,978 
 1202,656      8             1573,088 
 1202,656      8             1574,104 
 1202,656      8             1575,277 
 1202,656      8             1576,309 
 1202,656      8             1577,326 
 1202,656      8             1578,451 
 1202,656      8             1579,546 
 1202,656      8             1580,672 
 1202,656      8             1581,97 
 1202,656      8             1583,142 
 1202,656      8             1584,253 
 1202,656      8             1585,457 
 1202,656      8             1586,567 
 1202,656      8             1587,88 
 1202,656      8             1588,991 
 1202,656      8             1590,163 
 1202,656      8             1591,18 
 1202,656      8             1592,306 
 1202,656      8             1593,4 
 1202,656      8             1594,526 
 1202,656      8             1595,527 
 1202,656      8             1596,746 
 1202,656      8             1597,841 
 1202,656      8             1598,873 
 1202,656      8             1600,14 
 1202,656      8             1601,265 
 1202,656      8             1602,559 
 1202,656      8             1603,665 
 1202,656      8             1604,771 
 1202,656      8             1606,064 
 1202,656      8             1607,233 
 1202,656      8             1608,526 
 1202,656      8             1609,632 
 1202,656      8             1610,738 
 1202,656      8             1611,937 
 1202,656      8             1612,872 
 1202,656      8             1614,072 
 1202,656      8             1615,162 
 1202,656      8             1616,175 
 1202,656      8             1617,374 
 1202,656      8             1618,465 
 1202,656      8             1619,586 
 1202,656      8             1620,786 
 1202,656      8             1621,799 
 1202,656      8             1623,076 
 1202,656      8             1624,089 
 1202,656      8             1625,46 
 1202,656      8             1626,581 
 1202,656      8             1627,765 
 1202,656      8             1628,871 
 1202,656      8             1629,977 
 1202,656      8             1630,99 
 1202,656      8             1632,081 
 1202,656      8             1633,202 
 1202,656      8             1634,402 
 1202,656      8             1635,601 
 1202,656      8             1636,801 
 1202,656      8             1637,907 
 1202,656      8             1639,091 
 1202,656      8             1640,291 
 1202,656      8             1641,381 
 1202,656      8             1642,409 
 1202,656      8             1643,609 
 1202,656      8             1644,808 
 1202,656      8             1645,821 
 1202,656      8             1646,911 
 1202,656      8             1648,002 
 1202,656      8             1649,202 
 1202,656      8             1650,308 
 1202,656      8             1651,227 
 1202,656      8             1652,52 
 1202,656      8             1653,735 
 1202,656      8             1654,841 
 1202,656      8             1655,932 
 1202,656      8             1657,116 
 1202,656      8             1658,222 
 1202,656      8             1659,343 
 1202,656      8             1660,434 
 1202,656      8             1661,369 
 1202,656      8             1662,366 
 1202,656      8             1663,378 
 1202,656      8             1664,5 
 1202,656      8             1665,777 
 1202,656      8             1666,883 
 1202,656      8             1667,896 
 1202,656      8             1669,096 
 1202,656      8             1670,295 
 1202,656      8             1671,401 
 1202,656      8             1672,616 
 1202,656      8             1673,722 
 1202,656      8             1675,187 
 1202,656      8             1676,277 
 1202,656      8             1677,399 
 1202,656      8             1678,583 
 1202,656      8             1679,518 
 1202,656      8             1680,717 
 1202,656      8             1681,901 
 1202,656      8             1683,179 
 1202,656      8             1684,113 
 1202,656      8             1685,204 
 1202,656      8             1686,31 
 1202,656      8             1687,338 
 1202,656      8             1688,444 
 1202,656      8             1689,644 
 1202,656      8             1690,734 
 1202,656      8             1691,84 
 1202,656      8             1693,04 
 1202,656      8             1694,224 
 1202,656      8             1695,112 
 1202,656      8             1695,751 
 1202,656      8             1696,67 
 1202,656      8             1697,464 
 1202,656      8             1698,212 
 1202,656      8             1699,022 
 1202,656      8             1699,77 
 1202,656      8             1700,627 
 1202,656      8             1701,359 
 1202,656      8             1702,091 
 1202,656      8             1702,917 
 1202,656      8             1703,711 
 1202,656      8             1704,584 
 1202,656      8             1705,378 
 1202,656      8             1706,188 
 1202,656      8             1706,921 
 1202,656      8             1707,684 
 1202,656      8             1708,416 
 1202,656      8             1709,211 
 1202,656      8             1710,099 
 1202,656      8             1710,893 
 1202,656      8             1711,703 
 1202,656      8             1712,311 
 1202,656      8             1713,23 
 1202,656      8             1714,04 
 1202,656      8             1714,819 
 1202,656      8             1715,567 
 1202,656      8             1716,299 
 1202,656      8             1717,094 
 1202,656      8             1717,904 
 1202,656      8             1718,714 
 1202,656      8             1719,461 
 1202,656      8             1720,209 
 1202,656      8             1721,051 
 1202,656      8             1721,783 
 1202,656      8             1722,53 
 1202,656      8             1723,294 
 1202,656      8             1724,104 
 1202,656      8             1724,774 
 1202,656      8             1725,522 
 1202,656      8             1726,269 
 1202,656      8             1727,002 
 1202,656      8             1727,843 
 1202,656      8             1728,606 
 1202,656      8             1729,401 
 1202,656      8             1730,102 
 1202,656      8             1730,834 
 1202,656      8             1731,504 
 1202,656      8             1732,252 
 1202,656      8             1733,108 
 1202,656      8             1733,887 
 1202,656      8             1734,526 
 1202,656      8             1735,258 
 1202,656      8             1735,99 
 1202,656      8             1736,723 
 1202,656      8             1737,595 
 1202,656      8             1738,436 
 1202,656      8             1739,184 
 1202,656      8             1739,87 
 1202,656      8             1740,602 
 1202,656      8             1741,287 
 1202,656      8             1742,019 
 1202,656      8             1742,736 
 1202,656      8             1743,437 
 1202,656      8             1744,091 
 1202,656      8             1744,886 
 1202,656      8             1745,634 
 1202,656      8             1746,506 
 1202,656      8             1747,238 
 1202,656      8             1747,971 
 1202,656      8             1748,765 
 1202,656      8             1749,513 
 1202,656      8             1750,37 
 1202,656      8             1751,818 
 1202,656      8             1752,956 
 1202,656      8             1754,062 
 1202,656      8             1755,261 
 1202,656      8             1756,445 
 1202,656      8             1757,66 
 1202,656      8             1758,844 
 1202,656      8             1759,966 
 1202,656      8             1760,979 
 1202,656      8             1762,163 
 1202,656      8             1763,284 
 1202,656      8             1764,577 
 1202,656      8             1765,761 
 1202,656      8             1767,148 
 1202,656      8             1768,176 
 1202,656      8             1769,282 
 1202,656      8             1770,871 
 1202,656      8             1772,008 
 1202,656      8             1773,208 
 1202,656      8             1774,252 
 1202,656      8             1775,451 
 1202,656      8             1776,573 
 1202,656      8             1777,741 
 1202,656      8             1778,847 
 1202,656      8             1780,141 
 1202,656      8             1781,371 
 1202,656      8             1782,477 
 1202,656      8             1783,49 
 1202,656      8             1784,767 
 1202,656      8             1785,873 
 1202,656      8             1787,151 
 1202,656      8             1788,179 
 1202,656      8             1789,41 
 1202,656      8             1790,812 
 1202,656      8             1792,152 
 1202,656      8             1793,32 
 1202,656      8             1794,426 
 1202,656      8             1795,548 
 1202,656      8             1796,747 
 1202,656      8             1797,869 
 1202,656      8             1798,96 
 1202,656      8             1800,081 
 1202,656      8             1801,281 
 1202,656      8             1802,418 
 1202,656      8             1803,618 
 1202,656      8             1804,833 
 1202,656      8             1806,017 
 1202,656      8             1807,216 
 1202,656      8             1808,322 
 1202,656      8             1809,46 
 1202,656      8             1810,753 
 1202,656      8             1811,921 
 1202,656      8             1813,152 
 1202,656      8             1814,476 
 1202,656      8             1815,769 
 1202,656      8             1816,86 
 1202,656      8             1817,997 
 1202,656      8             1819,025 
 1202,656      8             1820,318 
 1202,656      8             1821,408 
 1202,656      8             1822,437 
 1202,656      8             1823,527 
 1202,656      8             1824,633 
 1202,656      8             1825,833 
 1202,656      8             1826,923 
 1202,656      8             1828,045 
 1202,656      8             1829,245 
 1202,656      8             1830,335 
 1202,656      8             1831,535 
 1202,656      8             1832,641 
 1202,656      8             1833,653 
 1202,656      8             1834,946 
 1202,656      8             1836,037 
 1202,656      8             1837,159 
 1202,656      8             1838,343 
 1202,656      8             1839,62 
 1202,656      8             1840,555 
 1202,656      8             1841,848 
 1202,656      8             1843,047 
 1202,656      8             1844,153 
 1202,656      8             1845,337 
 1202,656      8             1846,553 
 1202,656      8             1847,659 
 1202,656      8             1848,952 
 1202,656      8             1850,151 
 1202,656      8             1851,257 
 1202,656      8             1852,363 
 1202,656      8             1853,641 
 1202,656      8             1855,136 
 1202,656      8             1856,242 
 1202,656      8             1857,333 
 1202,656      8             1858,423 
 1202,656      8             1859,452 
 1202,656      8             1860,542 
 1202,656      8             1861,648 
 1202,656      8             1862,754 
 1202,656      8             1863,954 
 1202,656      8             1865,076 
 1202,656      8             1866,275 
 1202,656      8             1867,459 
 1202,656      8             1868,55 
 1202,656      8             1869,656 
 1202,656      8             1870,684 
 1202,656      8             1871,961 
 1202,656      8             1873,083 
 1202,656      8             1874,392 
 1202,656      8             1875,498 
 1202,656      8             1876,604 
 1202,656      8             1877,616 
 1202,656      8             1878,738 
 1202,656      8             1879,922 
 1202,656      8             1881,044 
 1202,656      8             1882,15 
 1202,656      8             1883,162 
 1202,656      8             1884,518 
 1202,656      8             1885,733 
 1202,656      8             1886,839 
 1202,656      8             1887,945 
 1202,656      8             1889,051 
 1202,656      8             1890,157 
 1202,656      8             1891,326 
 1202,656      8             1892,541 
 1202,656      8             1893,834 
 1202,656      8             1895,033 
 1202,656      8             1896,14 
 1202,656      8             1897,246 
 1202,656      8             1898,243 
 1202,656      8             1899,442 
 1202,656      8             1900,533 
 1202,656      8             1901,641 
 1202,656      8             1902,672 
 1202,656      8             1903,874 
 1202,656      8             1905,061 
 1202,656      8             1906,091 
 1202,656      8             1907,184 
 1202,656      8             1908,214 
 1202,656      8             1909,307 
 1202,656      8             1910,416 
 1202,656      8             1911,712 
 1202,656      8             1912,804 
 1202,656      8             1913,835 
 1202,656      8             1914,85 
 1202,656      8             1916,052 
 1202,656      8             1917,332 
 1202,656      8             1918,612 
 1202,656      8             1919,736 
 1202,656      8             1920,845 
 1202,656      8             1921,953 
 1202,656      8             1923,046 
 1202,656      8             1924,077 
 1202,656      8             1925,248 
 1202,656      8             1926,278 
 1202,656      8             1927,277 
 1202,656      8             1928,245 
 1202,656      8             1928,885 
 1202,656      8             1929,604 
 1202,656      8             1930,353 
 1202,656      8             1931,056 
 1202,656      8             1931,852 
 1202,656      8             1932,586 
 1202,656      8             1933,382 
 1202,656      8             1934,241 
 1202,656      8             1935,006 
 1202,656      8             1935,739 
 1202,656      8             1936,52 
 1202,656      8             1937,394 
 1202,656      8             1938,206 
 1202,656      8             1939,065 
 1202,656      8             1939,736 
 1202,656      8             1940,423 
 1202,656      8             1941,188 
 1202,656      8             1941,969 
 1202,656      8             1942,921 
 1202,656      8             1943,655 
 1202,656      8             1944,436 
 1202,656      8             1945,201 
 1202,656      8             1946,044 
 1202,656      8             1946,981 
 1202,656      8             1947,73 
 1202,656      8             1948,448 
 1202,656      8             1949,26 
 1202,656      8             1949,947 
 1202,656      8             1950,681 
 1202,656      8             1951,524 
 1202,656      8             1952,273 
 1202,656      8             1953,007 
 1202,656      8             1953,757 
 1202,656      8             1954,553 
 1202,656      8             1955,24 
 1202,656      8             1956,052 
 1202,656      8             1956,785 
 1202,656      8             1957,519 
 1202,656      8             1958,315 
 1202,656      8             1959,018 
 1202,656      8             1959,799 
 1202,656      8             1960,486 
 1202,656      8             1961,188 
 1202,656      8             1961,969 
 1202,656      8             1962,656 
 1202,656      8             1963,514 
 1202,656      8             1964,295 
 1202,656      8             1965,31 
 1202,656      8             1966,606 
 1202,656      8             1967,824 
 1202,656      8             1968,635 
 1202,656      8             1969,479 
 1202,656      8             1970,337 
 1202,656      8             1971,04 
 1202,656      8             1971,727 
 1202,656      8             1972,461 
 1202,656      8             1973,179 
 1202,656      8             1973,975 
 1202,656      8             1974,709 
 1202,656      8             1975,443 
 1202,656      8             1976,208 
 1202,656      8             1977,066 
 1202,656      8             1977,816 
 1202,656      8             1978,612 
 1202,656      8             1979,283 
 1202,656      8             1979,986 
 1202,656      8             1980,72 
 1202,656      8             1981,5 
 1202,656      8             1982,14 
 1202,656      8             1982,983 
 1202,656      8             1983,733 
 1202,656      8             1984,56 
 1202,656      8             1985,372 
 1202,656      8             1986,122 
 1202,656      8             1986,918 
 1202,656      8             1987,714 
 1202,656      8             1988,51 
 1202,656      8             1989,463 
 1202,656      8             1990,321 
 1202,656      8             1991,008 
 1202,656      8             1991,742 
 1202,656      8             1992,538 
 1202,656      8             1993,272 
 1202,656      8             1994,115 
 1202,656      8             1994,974 
 1202,656      8             1995,786 
 1202,656      8             1996,567 
 1202,656      8             1997,3 
 1202,656      8             1998,065 
 1202,656      8             1998,752 
 1202,656      8             1999,798 
 1202,656      8             2000,485 
 1202,656      8             2001,469 
 1202,656      8             2002,265 
 1202,656      8             2003,186 
 1202,656      8             2004,092 
 1202,656      8             2004,904 
 1202,656      8             2005,684 
 1202,656      8             2006,496 
 1202,656      8             2007,371 
 1202,656      8             2008,104 
 1202,656      8             2008,807 
 1202,656      8             2009,572 
 1202,656      8             2010,306 
 1202,656      8             2011,071 
 1202,656      8             2011,836 
 1202,656      8             2012,57 
 1202,656      8             2013,288 
 1202,656      8             2013,99 
 1202,656      8             2014,865 
 1202,656      8             2015,552 
 1202,656      8             2016,41 
 1202,656      8             2017,113 
 1202,656      8             2017,8 
 1202,656      8             2018,612 
 1202,656      8             2019,47 
 1202,656      8             2020,157 
 1202,656      8             2020,969 
 1202,656      8             2021,765 
 1202,656      8             2022,78 
 1202,656      8             2023,67 
 1202,656      8             2024,388 
 1202,656      8             2025,185 
 1202,656      8             2026,012 
 1202,656      8             2026,793 
 1202,656      8             2027,605 
 1202,656      8             2028,354 
 1202,656      8             2029,041 
 1202,656      8             2029,775 
 1202,656      8             2030,54 
 1202,656      8             2031,274 
 1202,656      8             2032,132 
 1202,656      8             2032,944 
 1202,656      8             2033,756 
 1202,656      8             2034,552 
 1202,656      8             2035,224 
 1202,656      8             2035,973 
 1202,656      8             2036,738 
 1202,656      8             2037,472 
 1202,656      8             2038,237 
 1202,656      8             2039,08 
 1202,656      8             2039,939 
 1202,656      8             2040,672 
 1202,656      8             2041,531 
 1202,656      8             2042,265 
 1202,656      8             2043,202 
 1202,656      8             2043,967 
 1202,656      8             2044,7 
 1202,656      8             2045,512 
 1202,656      8             2046,262 
 1202,656      8             2046,949 
 1202,656      8             2047,792 
 1202,656      8             2048,432 
 1202,656      8             2049,259 
 1202,656      8             2049,962 
 1202,656      8             2050,727 
 1202,656      8             2051,695 
 1202,656      8             2052,46 
 1202,656      8             2053,459 
 1202,656      8             2054,427 
 1202,656      8             2055,302 
 1202,656      8             2056,051 
 1202,656      8             2056,785 
 1202,656      8             2057,565 
 1202,656      8             2058,299 
 1202,656      8             2059,111 
 1202,656      8             2059,954 
 1202,656      8             2060,719 
 1202,656      8             2061,515 
 1202,656      8             2062,374 
 1202,656      8             2063,311 
 1202,656      8             2064,076 
 1202,656      8             2064,903 
 1202,656      8             2065,59 
 1202,656      8             2066,402 
 1202,656      8             2067,183 
 1202,656      8             2067,995 
 1202,656      8             2068,853 
 1202,656      8             2069,54 
 1202,656      8             2070,461 
 1202,656      8             2071,211 
 1202,656      8             2072,054 
 1202,656      8             2072,835 
 1202,656      8             2073,584 
 1202,656      8             2074,271 
 1202,656      8             2074,927 
 1202,656      8             2076,098 
 1202,656      8             2076,831 
 1202,656      8             2077,518 
 1202,656      8             2078,237 
 1202,656      8             2079,111 
 1202,656      8             2079,845 
 1202,656      8             2080,516 
 1202,656      8             2081,265 
 1202,656      8             2082,062 
 1202,656      8             2082,749 
 1202,656      8             2083,42 
 1202,656      8             2084,201 
 1202,656      8             2085,028 
 1202,656      8             2085,809 
 1202,656      8             2086,543 
 1202,656      8             2087,229 
 1202,656      8             2088,041 
 1202,656      8             2088,713 
 1202,656      8             2089,4 
 1202,656      8             2090,133 
 1202,656      8             2090,836 
 1202,656      8             2091,632 
 1202,656      8             2092,444 
 1202,656      8             2093,475 
 1202,656      8             2094,349 
 1202,656      8             2095,036 
 1202,656      8             2095,77 
 1202,656      8             2096,503 
 1202,656      8             2097,3 
 1202,656      8             2098,096 
 1202,656      8             2098,845 
 1202,656      8             2099,642 
 1202,656      8             2100,391 
 1202,656      8             2101,25 
 1202,656      8             2102,062 
 1202,656      8             2102,858 
 1202,656      8             2103,716 
 1202,656      8             2104,513 
 1202,656      8             2105,293 
 1202,656      8             2106,152 
 1202,656      8             2106,855 
 1202,656      8             2107,573 
 1202,656      8             2108,322 
 1202,656      8             2109,009 
 1202,656      8             2109,727 
 1202,656      8             2110,414 
 1202,656      8             2111,195 
 1202,656      8             2111,96 
 1202,656      8             2112,881 
 1202,656      8             2113,615 
 1202,656      8             2114,349 
 1202,656      8             2115,02 
 1202,656      8             2115,832 
 1202,656      8             2116,675 
 1202,656      8             2117,409 
 1202,656      8             2118,314 
 1202,656      8             2119,017 
 1202,656      8             2119,86 
 1202,656      8             2120,609 
 1202,656      8             2121,484 
 1202,656      8             2122,218 
 1202,656      8             2123,014 
 1202,656      8             2123,763 
 1202,656      8             2124,513 
 1202,656      8             2125,246 
 1202,656      8             2126,168 
 1202,656      8             2126,917 
 1202,656      8             2127,713 
 1202,656      8             2128,525 
 1202,656      8             2129,29 
 1202,656      8             2130,086 
 1202,656      8             2130,851 
 1202,656      8             2131,616 
 1202,656      8             2132,428 
 1202,656      8             2133,224 
 1202,656      8             2134,068 
 1202,656      8             2134,833 
 1202,656      8             2135,551 
 1202,656      8             2136,425 
 1202,656      8             2137,143 
 1202,656      8             2137,955 
 1202,656      8             2138,658 
 1202,656      8             2139,329 
 1202,656      8             2140,063 
 1202,656      8             2140,75 
 1202,656      8             2141,484 
 1202,656      8             2142,155 
 1202,656      8             2142,842 
 1202,656      8             2143,576 
 1202,656      8             2144,247 
 1202,656      8             2145,059 
 1202,656      8             2145,746 
 1202,656      8             2146,542 
 1202,656      8             2147,213 
 1202,656      8             2148,01 
 1202,656      8             2148,962 
 1202,656      8             2149,743 
 1202,656      8             2150,492 
 1202,656      8             2151,226 
 1202,656      8             2152,022 
 1202,656      8             2152,772 
 1202,656      8             2153,505 
 1202,656      8             2154,364 
 1202,656      8             2155,082 
 1202,656      8             2155,832 
 1202,656      8             2156,503 
 1202,656      8             2157,252 
 1202,656      8             2158,096 
 1202,656      8             2158,736 
 1202,656      8             2159,516 
 1202,656      8             2160,25 
 1202,656      8             2160,953 
 1202,656      8             2161,749 
 1202,656      8             2162,498 
 1202,656      8             2163,201 
 1202,656      8             2163,997 
 1202,656      8             2164,793 
 1202,656      8             2165,73 
 1202,656      8             2166,604 
 1202,656      8             2167,463 
 1202,656      8             2168,259 
 1202,656      8             2169,009 
 1202,656      8             2169,743 
 1202,656      8             2170,492 
 1202,656      8             2171,241 
 1202,656      8             2172,069 
 1202,656      8             2172,834 
 1202,656      8             2173,568 
 1202,656      8             2174,302 
 1202,656      8             2175,035 
 1202,656      8             2175,941 
 1202,656      8             2176,721 
 1202,656      8             2177,549 
 1202,656      8             2178,298 
 1202,656      8             2179,048 
 1202,656      8             2179,797 
 1202,656      8             2180,593 
 1202,656      8             2181,374 
 1202,656      8             2182,077 
 1202,656      8             2182,795 
 1202,656      8             2183,529 
 1202,656      8             2184,465 
 1202,656      8             2185,199 
 1202,656      8             2185,933 
 1202,656      8             2186,682 
 1202,656      8             2187,354 
 1202,656      8             2188,197 
 1202,656      8             2188,884 
 1202,656      8             2189,758 
 1202,656      8             2190,523 
 1202,656      8             2191,319 
 1202,656      8             2192,162 
 1202,656      8             2192,849 
 1202,656      8             2193,521 
 1202,656      8             2194,317 
 1202,656      8             2194,957 
 1202,656      8             2195,816 
 1202,656      8             2196,534 
 1202,656      8             2197,159 
 1202,656      8             2197,924 
 1202,656      8             2198,735 
 1202,656      8             2199,547 
 1202,656      8             2200,281 
 1202,656      8             2201,14 
 1202,656      8             2201,875 
 1202,656      8             2202,703 
 1202,656      8             2203,406 
 1202,656      8             2204,562 
 1202,656      8             2205,437 
 1202,656      8             2206,562 
 1202,656      8             2207,406 
 1202,656      8             2208,469 
 1202,656      8             2209,344 
 1202,656      8             2210,14 
 1202,656      8             2210,906 
 1202,656      8             2211,64 
 1202,656      8             2212,468 
 1202,656      8             2213,265 
 1202,656      8             2214,265 
 1202,656      8             2215,047 
 1202,656      8             2215,75 
 1202,656      8             2216,859 
 1202,656      8             2217,656 
 1202,656      8             2218,437 
 1202,656      8             2219,187 
 1202,656      8             2220 
 1202,656      8             2220,812 
 1202,656      8             2221,562 
 1202,656      8             2222,484 
 1202,656      8             2223,234 
 1202,656      8             2224,109 
 1202,656      8             2224,922 
 1202,656      8             2225,672 
 1202,656      8             2226,359 
 1202,656      8             2227,14 
 1202,656      8             2227,89 
 1202,656      8             2228,64 
 1202,656      8             2229,453 
 1202,656      8             2230,312 
 1202,656      8             2231,015 
 1202,656      8             2231,828 
 1202,656      8             2232,843 
 1202,656      8             2233,64 
 1202,656      8             2234,406 
 1202,656      8             2235,218 
 1202,656      8             2236,078 
 1202,656      8             2236,921 
 1202,656      8             2237,64 
 1202,656      8             2238,328 
 1202,656      8             2239,015 
 1202,656      8             2239,812 
 1202,656      8             2240,578 
 1202,656      8             2241,281 
 1202,656      8             2242,125 
 1202,656      8             2242,859 
 1202,656      8             2243,656 
 1202,656      8             2244,39 
 1202,656      8             2245,171 
 1202,656      8             2245,859 
 1202,656      8             2246,593 
 1202,656      8             2247,281 
 1202,656      8             2248,062 
 1202,656      8             2248,812 
 1202,656      8             2249,562 
 1202,656      8             2250,296 
 1202,656      8             2250,984 
 1202,656      8             2251,718 
 1202,656      8             2252,343 
 1202,656      8             2253,14 
 1202,656      8             2253,781 
 1202,656      8             2254,562 
 1202,656      8             2255,249 
 1202,656      8             2256,124 
 1202,656      8             2257,046 
 1202,656      8             2257,953 
 1202,656      8             2258,749 
 1202,656      8             2259,484 
 1202,656      8             2260,156 
 1202,656      8             2260,968 
 1202,656      8             2261,609 
 1202,656      8             2262,421 
 1202,656      8             2263,171 
 1202,656      8             2263,921 
 1202,656      8             2264,64 
 1202,656      8             2265,39 
 1202,656      8             2266,187 
 1202,656      8             2267,031 
 1202,656      8             2267,859 
 1202,656      8             2268,578 
 1202,656      8             2269,312 
 1202,656      8             2270,109 
 1202,656      8             2270,859 
 1202,656      8             2271,796 
 1202,656      8             2272,484 
 1202,656      8             2273,281 
 1202,656      8             2274,077 
 1202,656      8             2274,874 
 1202,656      8             2275,671 
 1202,656      8             2276,484 
 1202,656      8             2277,234 
 1202,656      8             2278,015 
 1202,656      8             2278,765 
 1202,656      8             2279,593 
 1202,656      8             2280,437 
 1202,656      8             2281,374 
 1202,656      8             2282,281 
 1202,656      8             2283,031 
 1202,656      8             2283,843 
 1202,656      8             2284,577 
 1202,656      8             2285,359 
 1202,656      8             2286,171 
 1202,656      8             2287,031 
 1202,656      8             2287,812 
 1202,656      8             2288,562 
 1202,656      8             2289,374 
 1202,656      8             2290,109 
 1202,656      8             2290,921 
 1202,656      8             2291,702 
 1202,656      8             2292,499 
 1202,656      8             2293,312 
 1202,656      8             2294,109 
 1202,656      8             2294,843 
 1202,656      8             2295,53 
 1202,656      8             2296,265 
 1202,656      8             2297,062 
 1202,656      8             2298,03 
 1202,656      8             2298,718 
 1202,656      8             2299,327 
 1202,656      8             2300,062 
 1202,656      8             2300,874 
 1202,656      8             2301,702 
 1202,656      8             2302,452 
 1202,656      8             2303,359 
 1202,656      8             2303,999 
 1202,656      8             2304,843 
 1202,656      8             2305,53 
 1202,656      8             2306,265 
 1202,656      8             2307,062 
 1202,656      8             2307,796 
 1202,656      8             2308,53 
 1202,656      8             2309,437 
 1202,656      8             2310,108 
 1202,656      8             2310,749 
 1202,656      8             2311,624 
 1202,656      8             2312,546 
 1202,656      8             2313,218 
 1202,656      8             2314,03 
 1202,656      8             2314,765 
 1202,656      8             2315,562 
 1202,656      8             2316,249 
 1202,656      8             2317,343 
 1202,656      8             2318,108 
 1202,656      8             2318,765 
 1202,656      8             2319,515 
 1202,656      8             2320,437 
 1202,656      8             2321,202 
 1202,656      8             2322,171 
 1202,656      8             2322,874 
 1202,656      8             2323,749 
 1202,656      8             2324,577 
 1202,656      8             2325,452 
 1202,656      8             2326,171 
 1202,656      8             2326,983 
 1202,656      8             2327,796 
 1202,656      8             2328,702 
 1202,656      8             2329,546 
 1202,656      8             2330,296 
 1202,656      8             2331,046 
 1202,656      8             2331,89 
 1202,656      8             2332,702 
 1202,656      8             2333,561 
 1202,656      8             2334,358 
 1202,656      8             2335,296 
 1202,656      8             2336,155 
 1202,656      8             2336,968 
 1202,656      8             2337,858 
 1202,656      8             2338,624 
 1202,656      8             2339,452 
 1202,656      8             2340,14 
 1202,656      8             2341,14 
 1202,656      8             2342,061 
 1202,656      8             2342,749 
 1202,656      8             2343,499 
 1202,656      8             2344,186 
 1202,656      8             2344,858 
 1202,656      8             2345,718 
 1202,656      8             2346,405 
 1202,656      8             2347,108 
 1202,656      8             2347,858 
 1202,656      8             2348,577 
 1202,656      8             2349,311 
 1202,656      8             2350,124 
 1202,656      8             2350,827 
 1202,656      8             2351,671 
 1202,656      8             2352,436 
 1202,656      8             2353,249 
 1202,656      8             2354,124 
 1202,656      8             2354,843 
 1202,656      8             2355,639 
 1202,656      8             2356,499 
 1202,656      8             2357,171 
 1202,656      8             2357,874 
 1202,656      8             2358,671 
 1202,656      8             2359,405 
 1202,656      8             2360,218 
 1202,656      8             2361,077 
 1202,656      8             2361,921 
 1202,656      8             2362,686 
 1202,656      8             2363,468 
 1202,656      8             2364,28 
 1202,656      8             2365,186 
 1202,656      8             2366,108 
 1202,656      8             2367,124 
 1202,656      8             2367,967 
 1202,656      8             2368,842 
 1202,656      8             2369,639 
 1202,656      8             2370,421 
 1202,656      8             2371,171 
 1202,656      8             2371,921 
 1202,656      8             2372,655 
 1202,656      8             2373,436 
 1202,656      8             2374,171 
 1202,656      8             2374,874 
 1202,656      8             2375,53 
 1202,656      8             2376,217 
 1202,656      8             2376,967 
 1202,656      8             2377,686 
 1202,656      8             2378,514 
 1202,656      8             2379,233 
 1202,656      8             2379,952 
 1202,656      8             2380,764 
 1202,656      8             2381,546 
 1202,656      8             2382,374 
 1202,656      8             2383,061 
 1202,656      8             2383,749 
 1202,656      8             2384,467 
 1202,656      8             2385,202 
 1202,656      8             2385,889 
 1202,656      8             2386,702 
 1202,656      8             2387,483 
 1202,656      8             2388,28 
 1202,656      8             2389,045 
 1202,656      8             2389,686 
 1202,656      8             2390,483 
 1202,656      8             2391,155 
 1202,656      8             2391,952 
 1202,656      8             2392,764 
 1202,656      8             2393,577 
 1202,656      8             2394,42 
 1202,656      8             2395,155 
 1202,656      8             2396,03 
 1202,656      8             2396,795 
 1202,656      8             2397,67 
 1202,656      8             2398,311 
 1202,656      8             2398,999 
 1202,656      8             2399,67 
 1202,656      8             2400,405 
 1202,656      8             2401,155 
 1202,656      8             2401,905 
 1202,656      8             2402,592 
 1202,656      8             2403,499 
 1202,656      8             2404,42 
 1202,656      8             2405,233 
 1202,656      8             2406,155 
 1202,656      8             2406,873 
 1202,656      8             2407,608 
 1202,656      8             2408,28 
 1202,656      8             2408,967 
 1202,656      8             2409,639 
 1202,656      8             2410,452 
