Costo de la solución:
 1234,79884992331 

1	1	214,335	199	0	100	54	57	59	65	61	62	64	66	63	60	56	58	55	53	104	106	0
1	2	62,777	180	0	88	87	85	112	84	113	18	114	90	91	92	93	94	96	99	101	95	0
1	3	276,751	200	0	52	51	50	49	46	29	32	35	36	34	33	27	24	22	23	17	8	7	6	83	117	81	0
1	4	133,525	200	0	119	82	111	86	89	118	108	4	15	11	10	9	109	115	97	102	105	0
1	5	200,331	199	0	110	39	42	38	37	41	44	47	48	45	43	40	98	103	107	120	0
1	6	200,947	199	0	2	1	3	5	14	13	12	16	19	25	30	31	28	26	20	21	0
1	7	146,13	198	0	69	70	67	71	74	75	72	78	80	79	77	76	73	68	116	0
1	8	0	0	0	0

Tiempo de ejecución:
 40,1889062499977 
