Costo de la solución:
 822,667342317051 

1	1	137,018	200	0	81	78	76	71	70	73	77	79	80	72	61	64	68	69	0
1	2	65,477	160	0	47	49	52	50	51	48	45	46	44	42	40	41	43	0
1	3	101,882	200	0	57	55	54	53	56	58	60	59	0
1	4	95,943	190	0	99	100	97	93	92	94	95	96	98	0
1	5	97,227	200	0	32	33	31	35	37	38	39	36	34	0
1	6	96,32	200	0	13	17	18	19	15	16	14	12	11	0
1	7	76,069	170	0	90	87	86	83	82	84	85	88	89	91	0
1	8	43,59	150	0	66	62	74	63	65	67	0
1	9	58,333	170	0	5	3	75	1	2	4	7	6	9	8	10	0
1	10	50,803	170	0	21	22	23	26	28	30	29	27	25	24	20	0
1	11	0	0	0	0
1	12	0	0	0	0

Tiempo de ejecución:
 17,7371875000026 
