Costo de la solución:
 852,375210940953 

1	1	121,36	190	0	28	50	51	9	35	71	65	66	20	30	70	1	69	27	0
1	2	143,442	169	0	88	62	11	64	49	36	47	46	8	45	17	84	99	96	6	0
1	3	116,234	198	0	58	73	75	56	23	67	39	25	55	4	54	26	0
1	4	55,566	189	0	94	59	93	85	98	97	87	13	0
1	5	99,302	190	0	76	77	3	79	33	81	78	34	29	24	68	80	12	0
1	6	87,655	182	0	95	92	37	100	91	16	86	61	5	60	83	18	89	0
1	7	100,441	162	0	31	10	32	90	63	19	48	82	7	52	0
1	8	128,371	178	0	2	57	42	14	44	38	43	15	41	22	74	72	21	40	53	0
1	9	0	0	0	0
1	10	0	0	0	0

Tiempo de ejecución:
 30,7512500000012 
