Costo de la solución:
 856,068537407853 

1	1	103,304	135	0	29	37	20	70	60	71	69	36	47	48	0
1	2	94,631	136	0	73	1	43	41	42	64	22	62	68	0
1	3	98,339	136	0	17	3	44	50	18	55	25	39	12	0
1	4	39,91	136	0	4	45	27	52	34	67	0
1	5	85,087	133	0	8	19	59	14	53	35	7	0
1	6	92,845	133	0	33	63	23	56	24	49	16	51	0
1	7	85,974	136	0	58	31	9	32	40	0
1	8	84,14	134	0	11	66	65	38	10	72	0
1	9	76,555	127	0	74	21	61	28	2	6	0
1	10	89,277	138	0	30	5	15	57	13	54	46	26	0
1	11	5,999	20	0	75	0
1	12	0	0	0	0

Tiempo de ejecución:
 16,7676250000004 
