Costo de la solución:
 848,594300807071 

1	1	83,998	189	0	28	76	77	3	79	81	9	51	30	70	1	69	27	0
1	2	148,952	186	0	88	62	11	64	49	36	47	46	8	45	17	84	5	83	60	0
1	3	97,8	199	0	13	97	87	41	22	23	56	75	74	72	73	21	40	0
1	4	123,096	187	0	61	16	86	38	44	14	42	43	15	57	2	58	53	0
1	5	142,256	197	0	50	33	78	34	35	71	65	66	20	32	90	63	10	31	0
1	6	60,233	199	0	94	95	59	92	37	100	91	85	98	93	99	96	6	0
1	7	71,437	110	0	52	7	19	48	82	18	89	0
1	8	120,819	191	0	12	80	68	29	24	54	55	25	67	39	4	26	0
1	9	0	0	0	0
1	10	0	0	0	0

Tiempo de ejecución:
 3354,375 
