Costo de la solución:
 1600,56231013729 

1	1	210,105	112	0	55	58	62	64	66	63	60	56	80	78	0
1	2	198,383	120	0	68	79	53	52	54	57	61	65	59	110	0
1	3	187,473	116	0	97	48	51	50	49	47	46	44	37	94	0
1	4	178,773	91	0	20	23	26	28	31	30	33	27	24	22	0
1	5	66,328	126	0	102	101	99	100	116	98	103	104	106	105	120	119	0
1	6	190,85	93	0	21	29	32	35	36	34	25	19	16	17	0
1	7	117,674	151	0	118	108	8	12	13	14	15	11	10	9	7	84	0
1	8	176,497	147	0	115	40	43	45	42	41	38	39	109	87	0
1	9	43,194	137	0	95	96	93	114	18	90	91	89	92	86	111	82	88	0
1	10	-0,001	0	0	0
1	11	127,571	160	0	107	67	69	70	71	74	72	75	77	76	73	0
1	12	103,709	122	0	81	2	1	3	4	5	6	83	113	117	112	85	0
1	13	0	0	0	0

Tiempo de ejecución:
 4513,727375 
