Costo de la solución:
 1193,37665531681 

1	1	224,998	200	0	94	97	115	40	65	61	62	64	66	63	60	56	80	78	73	101	102	0
1	2	61,998	197	0	95	96	93	90	114	18	118	108	83	113	117	84	89	92	87	86	111	88	0
1	3	136,936	198	0	99	100	116	98	68	76	74	75	72	70	69	103	104	107	106	105	120	0
1	4	199,623	194	0	110	43	45	48	51	50	49	47	46	44	41	42	39	38	37	109	0
1	5	216,033	188	0	67	71	77	79	53	55	58	59	57	54	52	91	85	112	119	0
1	6	220,125	200	0	17	20	21	26	23	28	32	35	29	36	34	31	30	33	27	24	22	25	19	16	9	7	0
1	7	133,661	198	0	8	12	13	14	15	11	10	6	5	4	3	1	2	81	82	0
1	8	0	0	0	0

Tiempo de ejecución:
 5361,9508125 
