Iteraciones:   1587 

Costo         Vehículos     Tiempo [seg]
 938,15        10            1,586 
 938,15        10            4,123 
 927,525       10            6,114 
 927,525       10            7,966 
 910,753       10            9,911 
 904,434       10            11,932 
 879,341       10            14,158 
 879,341       10            16,149 
 879,341       10            18,125 
 879,341       10            20,225 
 876,87        10            22,077 
 866,991       10            23,928 
 866,991       10            25,873 
 866,991       10            27,832 
 866,991       10            29,792 
 866,991       10            31,519 
 866,991       10            33,465 
 866,991       10            35,254 
 866,991       10            36,981 
 866,991       10            38,817 
 866,991       10            40,777 
 866,991       10            42,612 
 866,991       10            44,448 
 866,991       10            46,393 
 866,991       10            48,245 
 862,826       10            50,204 
 862,826       10            51,932 
 862,826       10            53,768 
 862,826       10            55,712 
 862,826       10            57,671 
 862,826       10            59,507 
 862,826       10            61,251 
 862,826       10            63,195 
 862,826       10            65,156 
 862,826       10            66,99 
 862,826       10            68,826 
 862,826       10            70,664 
 862,826       10            72,64 
 862,826       10            74,585 
 862,826       10            76,421 
 862,826       10            78,382 
 862,826       10            80,359 
 862,826       10            82,212 
 862,826       10            84,156 
 853,661       10            86,009 
 853,661       10            87,969 
 853,661       10            89,93 
 853,661       10            91,876 
 853,661       10            93,853 
 853,661       10            95,674 
 853,661       10            97,635 
 853,661       10            99,362 
 853,661       10            101,307 
 853,661       10            103,159 
 853,661       10            105,245 
 853,661       10            107,112 
 853,661       10            109,058 
 853,661       10            110,894 
 853,661       10            112,73 
 853,661       10            114,582 
 853,661       10            116,652 
 853,661       10            118,489 
 853,661       10            120,216 
 853,661       10            122,287 
 853,661       10            124,138 
 853,661       10            125,99 
 853,661       10            127,936 
 853,661       10            129,897 
 853,661       10            131,734 
 853,661       10            133,586 
 853,661       10            135,407 
 853,661       10            137,367 
 853,661       10            139,204 
 853,661       10            141,04 
 853,661       10            142,908 
 853,661       10            144,745 
 853,661       10            146,705 
 853,661       10            148,543 
 853,661       10            150,503 
 853,661       10            152,449 
 853,661       10            154,3 
 853,661       10            156,122 
 853,661       10            157,957 
 853,661       10            159,825 
 853,661       10            161,896 
 853,661       10            163,747 
 853,661       10            165,693 
 853,661       10            167,53 
 853,661       10            169,506 
 853,661       10            171,451 
 853,661       10            173,304 
 853,661       10            175,156 
 853,661       10            177,116 
 853,661       10            179,062 
 853,661       10            180,899 
 853,661       10            182,751 
 853,661       10            184,586 
 853,661       10            186,548 
 853,661       10            188,384 
 853,661       10            190,236 
 853,661       10            192,181 
 853,661       10            194,143 
 853,661       10            195,995 
 853,661       10            197,955 
 853,661       10            199,793 
 853,661       10            201,645 
 853,661       10            203,713 
 853,661       10            205,425 
 853,661       10            207,372 
 853,661       10            209,223 
 853,661       10            211,169 
 853,661       10            213,021 
 853,661       10            214,966 
 853,661       10            216,849 
 853,661       10            218,609 
 853,661       10            220,444 
 853,661       10            222,389 
 853,661       10            224,241 
 853,661       10            226,062 
 853,661       10            227,9 
 853,661       10            229,735 
 853,661       10            231,697 
 853,661       10            233,439 
 853,661       10            235,26 
 853,661       10            237,237 
 853,661       10            239,323 
 853,661       10            241,269 
 853,661       10            243,229 
 853,661       10            245,191 
 853,661       10            247,167 
 853,661       10            249,003 
 853,661       10            250,965 
 853,661       10            252,925 
 853,661       10            254,762 
 853,661       10            256,598 
 853,661       10            258,543 
 853,661       10            260,411 
 853,661       10            262,247 
 853,661       10            264,084 
 853,661       10            265,827 
 853,661       10            267,788 
 853,661       10            269,75 
 853,661       10            271,725 
 853,661       10            273,672 
 853,661       10            275,507 
 853,661       10            277,36 
 853,661       10            279,197 
 853,661       10            281,156 
 853,661       10            282,994 
 853,661       10            284,846 
 853,661       10            286,682 
 853,661       10            288,627 
 853,661       10            290,495 
 853,661       10            292,346 
 853,661       10            294,199 
 853,661       10            296,129 
 853,661       10            298,105 
 853,661       10            300,067 
 853,661       10            302,012 
 853,661       10            303,863 
 853,661       10            305,747 
 853,661       10            307,817 
 853,661       10            309,668 
 853,661       10            311,646 
 853,661       10            313,374 
 853,661       10            315,225 
 853,661       10            317,17 
 853,661       10            319,255 
 853,661       10            321,108 
 853,661       10            322,944 
 853,661       10            324,781 
 853,661       10            326,742 
 853,661       10            328,454 
 853,661       10            330,29 
 853,661       10            332,127 
 853,661       10            334,213 
 853,661       10            336,189 
 853,661       10            338,026 
 853,661       10            339,987 
 853,661       10            342,057 
 853,661       10            343,893 
 853,661       10            345,73 
 853,661       10            347,565 
 853,661       10            349,526 
 853,661       10            351,471 
 853,661       10            353,309 
 853,661       10            355,269 
 853,661       10            357,137 
 853,661       10            358,973 
 853,661       10            360,81 
 853,661       10            362,771 
 853,661       10            364,841 
 853,661       10            366,692 
 853,661       10            368,406 
 853,661       10            370,244 
 853,661       10            372,206 
 853,661       10            374,06 
 853,661       10            376,007 
 853,661       10            377,862 
 853,661       10            379,809 
 853,661       10            381,771 
 853,661       10            383,625 
 853,661       10            385,572 
 853,661       10            387,427 
 853,661       10            389,514 
 853,661       10            391,351 
 853,661       10            393,19 
 853,661       10            395,168 
 853,661       10            397,255 
 853,661       10            399,204 
 853,661       10            401,057 
 853,661       10            402,896 
 853,661       10            404,874 
 853,661       10            406,946 
 853,661       10            408,675 
 853,661       10            410,512 
 853,661       10            412,475 
 853,661       10            414,439 
 853,661       10            416,276 
 853,661       10            418,115 
 853,661       10            419,952 
 853,661       10            421,947 
 853,661       10            424,019 
 853,661       10            425,872 
 853,661       10            427,711 
 853,661       10            429,564 
 853,661       10            431,528 
 853,661       10            433,475 
 853,661       10            435,312 
 853,661       10            437,151 
 853,661       10            439,019 
 853,661       10            441,108 
 853,661       10            442,853 
 851,809       10            444,8 
 851,809       10            446,528 
 851,809       10            448,382 
 851,809       10            450,329 
 851,809       10            452,293 
 851,809       10            454,13 
 851,809       10            455,985 
 851,809       10            457,822 
 851,809       10            459,677 
 851,809       10            461,639 
 851,809       10            463,461 
 851,809       10            465,315 
 851,809       10            467,449 
 851,809       10            469,879 
 851,809       10            471,983 
 851,809       10            474,055 
 851,809       10            476,002 
 851,809       10            477,995 
 851,809       10            479,88 
 851,809       10            481,843 
 851,809       10            483,697 
 851,809       10            485,644 
 851,809       10            487,499 
 851,809       10            489,461 
 851,809       10            491,3 
 851,809       10            493,262 
 851,809       10            495,1 
 851,809       10            497,093 
 851,809       10            498,978 
 851,809       10            500,927 
 851,809       10            502,889 
 851,809       10            504,742 
 851,809       10            506,596 
 851,809       10            508,451 
 851,809       10            510,538 
 851,809       10            512,562 
 851,809       10            515,461 
 851,809       10            517,533 
 851,809       10            519,759 
 851,809       10            521,941 
 851,809       10            524,215 
 851,809       10            526,412 
 851,809       10            528,437 
 851,809       10            530,291 
 851,809       10            532,238 
 851,809       10            534,466 
 851,809       10            536,46 
 851,809       10            538,687 
 851,809       10            540,649 
 851,809       10            542,426 
 851,809       10            544,498 
 851,809       10            546,35 
 851,809       10            548,221 
 851,809       10            550,183 
 851,809       10            552,145 
 851,809       10            554,094 
 851,809       10            555,947 
 851,809       10            557,847 
 851,809       10            559,889 
 851,809       10            561,804 
 851,809       10            563,658 
 851,809       10            565,668 
 851,809       10            567,77 
 851,809       10            569,749 
 851,809       10            571,789 
 851,809       10            573,768 
 851,809       10            575,498 
 851,809       10            577,475 
 851,809       10            579,5 
 851,809       10            581,495 
 851,809       10            583,457 
 851,809       10            585,529 
 851,809       10            587,306 
 851,809       10            589,673 
 851,809       10            591,697 
 851,809       10            593,956 
 851,809       10            595,936 
 851,809       10            597,774 
 851,809       10            599,69 
 851,809       10            601,745 
 851,809       10            604,161 
 851,809       10            606,496 
 851,809       10            608,615 
 851,809       10            610,548 
 851,809       10            612,884 
 851,809       10            614,846 
 851,809       10            616,95 
 851,809       10            618,803 
 851,809       10            620,767 
 851,809       10            622,605 
 851,809       10            624,567 
 851,809       10            626,421 
 851,809       10            628,369 
 851,809       10            630,238 
 851,809       10            632,184 
 851,809       10            634,038 
 851,809       10            635,893 
 851,809       10            637,918 
 851,809       10            639,865 
 851,809       10            641,702 
 851,809       10            643,447 
 851,809       10            645,411 
 851,809       10            647,357 
 851,809       10            649,336 
 851,809       10            651,19 
 851,809       10            653,153 
 851,809       10            654,99 
 851,809       10            656,953 
 851,809       10            658,807 
 851,809       10            660,754 
 851,809       10            662,639 
 851,809       10            664,477 
 851,809       10            666,441 
 851,809       10            668,403 
 851,809       10            670,259 
 851,809       10            672,221 
 851,809       10            674,184 
 851,809       10            676,054 
 851,809       10            678,019 
 851,809       10            679,966 
 851,809       10            681,821 
 851,809       10            683,784 
 851,809       10            685,731 
 851,809       10            687,696 
 851,809       10            689,534 
 851,809       10            691,374 
 851,809       10            693,211 
 851,809       10            695,159 
 851,809       10            697,029 
 851,809       10            698,977 
 851,809       10            700,941 
 851,809       10            702,779 
 851,809       10            704,509 
 851,809       10            706,457 
 851,809       10            708,297 
 851,809       10            710,245 
 851,809       10            712,347 
 851,809       10            714,326 
 851,809       10            716,259 
 851,809       10            718,036 
 851,809       10            719,984 
 851,809       10            721,837 
 851,809       10            723,942 
 851,809       10            725,874 
 851,809       10            727,916 
 851,809       10            729,817 
 851,809       10            731,904 
 851,809       10            733,697 
 851,809       10            735,769 
 851,809       10            737,671 
 851,809       10            739,572 
 851,809       10            741,581 
 851,809       10            743,467 
 851,809       10            745,447 
 851,809       10            747,284 
 851,809       10            749,139 
 851,809       10            751,119 
 851,809       10            753,129 
 851,809       10            754,982 
 851,809       10            756,852 
 851,809       10            758,831 
 851,809       10            760,796 
 851,809       10            762,806 
 851,809       10            764,846 
 851,809       10            766,732 
 851,809       10            768,743 
 851,809       10            771,048 
 851,809       10            773,059 
 851,809       10            775,006 
 851,809       10            776,971 
 851,809       10            778,966 
 851,809       10            780,881 
 851,809       10            782,908 
 851,809       10            784,808 
 851,809       10            786,803 
 851,809       10            788,533 
 851,809       10            790,496 
 851,809       10            792,428 
 851,809       10            794,33 
 851,809       10            796,231 
 851,809       10            798,211 
 851,809       10            800,298 
 851,809       10            802,153 
 851,809       10            804,1 
 851,809       10            805,971 
 851,809       10            807,95 
 851,809       10            810,022 
 851,809       10            811,86 
 851,809       10            813,716 
 851,809       10            815,553 
 851,809       10            817,533 
 851,809       10            819,48 
 851,809       10            821,32 
 851,809       10            823,174 
 851,809       10            825,263 
 851,809       10            827,211 
 851,809       10            829,048 
 851,809       10            830,918 
 851,809       10            832,743 
 851,809       10            834,611 
 851,809       10            836,559 
 851,809       10            838,289 
 851,809       10            840,238 
 851,809       10            842,201 
 851,809       10            844,179 
 851,809       10            846,004 
 851,809       10            848,091 
 851,809       10            850,054 
 851,809       10            852,019 
 851,809       10            853,873 
 851,809       10            855,711 
 851,809       10            857,783 
 851,809       10            859,639 
 851,809       10            861,477 
 851,809       10            863,316 
 851,809       10            865,171 
 851,809       10            867,119 
 851,809       10            868,956 
 851,809       10            870,796 
 851,809       10            872,774 
 851,809       10            874,739 
 851,809       10            876,592 
 851,809       10            878,447 
 851,809       10            880,394 
 851,809       10            882,374 
 851,809       10            884,337 
 851,809       10            886,286 
 851,809       10            888,124 
 851,809       10            890,087 
 851,809       10            892,067 
 851,809       10            893,905 
 851,809       10            896,009 
 851,809       10            897,864 
 851,809       10            899,812 
 851,809       10            901,774 
 851,809       10            903,629 
 851,809       10            905,467 
 851,809       10            907,369 
 851,809       10            909,317 
 851,809       10            911,374 
 851,809       10            913,212 
 851,809       10            915,161 
 851,809       10            917,201 
 851,809       10            919,057 
 851,809       10            921,004 
 851,809       10            922,859 
 851,809       10            924,697 
 851,809       10            926,629 
 851,809       10            928,484 
 851,809       10            930,447 
 851,809       10            932,302 
 851,809       10            934,25 
 851,809       10            936,12 
 851,809       10            938,067 
 851,809       10            939,922 
 851,809       10            941,76 
 851,809       10            943,833 
 851,809       10            945,687 
 851,809       10            947,667 
 851,809       10            949,63 
 851,809       10            951,469 
 851,809       10            953,323 
 851,809       10            955,287 
 851,809       10            957,235 
 851,809       10            959,073 
 851,809       10            960,927 
 851,809       10            962,892 
 851,809       10            964,98 
 851,809       10            966,802 
 851,809       10            968,75 
 851,809       10            970,715 
 851,809       10            972,57 
 851,809       10            974,408 
 851,809       10            976,263 
 851,809       10            978,445 
 851,809       10            980,315 
 851,809       10            982,153 
 851,809       10            984,226 
 851,809       10            986,191 
 851,809       10            988,154 
 851,809       10            989,994 
 851,809       10            991,832 
 851,809       10            993,812 
 851,809       10            995,775 
 851,809       10            997,615 
 851,809       10            999,485 
 851,809       10            1001,448 
 851,809       10            1003,397 
 851,809       10            1005,158 
 851,809       10            1007,136 
 851,809       10            1009,085 
 851,809       10            1011,048 
 851,809       10            1012,903 
 851,809       10            1014,851 
 851,809       10            1016,706 
 851,809       10            1018,544 
 851,809       10            1020,509 
 851,809       10            1022,379 
 851,809       10            1024,233 
 851,809       10            1026,073 
 851,809       10            1027,912 
 851,809       10            1029,906 
 851,809       10            1031,746 
 851,809       10            1033,601 
 851,809       10            1035,72 
 851,809       10            1037,683 
 851,809       10            1039,413 
 851,809       10            1041,376 
 851,809       10            1043,215 
 851,809       10            1045,18 
 851,809       10            1047,066 
 851,809       10            1049,076 
 851,809       10            1051,039 
 851,809       10            1053,003 
 851,809       10            1054,921 
 851,809       10            1056,775 
 851,809       10            1058,911 
 851,809       10            1060,858 
 851,809       10            1062,712 
 851,809       10            1064,551 
 851,809       10            1066,5 
 851,809       10            1068,463 
 851,809       10            1070,193 
 851,809       10            1072,032 
 851,809       10            1073,887 
 851,809       10            1075,836 
 851,809       10            1077,69 
 851,809       10            1079,42 
 851,809       10            1081,259 
 851,809       10            1083,222 
 851,809       10            1085,296 
 851,809       10            1087,259 
 851,809       10            1089,098 
 851,809       10            1090,969 
 851,809       10            1092,932 
 851,809       10            1095,005 
 851,809       10            1096,734 
 851,809       10            1098,682 
 851,809       10            1100,663 
 851,809       10            1102,625 
 851,809       10            1104,575 
 851,809       10            1106,413 
 851,809       10            1108,268 
 851,809       10            1110,34 
 851,809       10            1112,18 
 851,809       10            1114,035 
 851,809       10            1115,998 
 851,809       10            1117,853 
 851,809       10            1119,692 
 851,809       10            1121,5 
 851,809       10            1123,355 
 851,809       10            1125,193 
 851,809       10            1127,032 
 848,594       10            1128,98 
 848,594       10            1130,851 
 848,594       10            1132,815 
 848,594       10            1134,778 
 848,594       10            1136,616 
 848,594       10            1138,565 
 848,594       10            1140,404 
 848,594       10            1142,259 
 848,594       10            1144,238 
 848,594       10            1146,076 
 848,594       10            1148,057 
 848,594       10            1150,13 
 848,594       10            1151,969 
 848,594       10            1153,838 
 848,594       10            1155,803 
 848,594       10            1157,875 
 848,594       10            1159,73 
 848,594       10            1161,568 
 848,594       10            1163,532 
 848,594       10            1165,497 
 848,594       10            1167,461 
 848,594       10            1169,409 
 848,594       10            1171,248 
 848,594       10            1173,211 
 848,594       10            1175,191 
 848,594       10            1177,029 
 848,594       10            1178,993 
 848,594       10            1180,957 
 848,594       10            1182,811 
 848,594       10            1184,666 
 848,594       10            1186,63 
 848,594       10            1188,719 
 848,594       10            1190,682 
 848,594       10            1192,584 
 848,594       10            1194,563 
 848,594       10            1196,449 
 848,594       10            1198,49 
 848,594       10            1200,204 
 848,594       10            1202,23 
 848,594       10            1204,179 
 848,594       10            1206,08 
 848,594       10            1208,045 
 848,594       10            1210,086 
 848,594       10            1212,066 
 848,594       10            1214,17 
 848,594       10            1215,992 
 848,594       10            1217,957 
 848,594       10            1219,826 
 848,594       10            1221,665 
 848,594       10            1223,505 
 848,594       10            1225,469 
 848,594       10            1227,432 
 848,594       10            1229,381 
 848,594       10            1231,236 
 848,594       10            1233,199 
 848,594       10            1235,038 
 848,594       10            1236,876 
 848,594       10            1238,701 
 848,594       10            1240,586 
 848,594       10            1242,674 
 848,594       10            1244,67 
 848,594       10            1246,509 
 848,594       10            1248,333 
 848,594       10            1250,186 
 848,594       10            1252,151 
 848,594       10            1254,098 
 848,594       10            1255,828 
 848,594       10            1257,792 
 848,594       10            1259,757 
 848,594       10            1261,611 
 848,594       10            1263,434 
 848,594       10            1265,164 
 848,594       10            1267,113 
 848,594       10            1268,968 
 848,594       10            1271,056 
 848,594       10            1273,003 
 848,594       10            1274,968 
 848,594       10            1276,915 
 848,594       10            1278,755 
 848,594       10            1280,609 
 848,594       10            1282,463 
 848,594       10            1284,537 
 848,594       10            1286,375 
 848,594       10            1288,214 
 848,594       10            1290,054 
 848,594       10            1292,143 
 848,594       10            1293,998 
 848,594       10            1296,008 
 848,594       10            1298,034 
 848,594       10            1300,045 
 848,594       10            1302,008 
 848,594       10            1303,846 
 848,594       10            1305,686 
 848,594       10            1307,54 
 848,594       10            1309,505 
 848,594       10            1311,344 
 848,594       10            1313,244 
 848,594       10            1315,317 
 848,594       10            1317,203 
 848,594       10            1318,933 
 848,594       10            1320,897 
 848,594       10            1323,017 
 848,594       10            1324,919 
 848,594       10            1326,758 
 848,594       10            1328,705 
 848,594       10            1330,684 
 848,594       10            1332,523 
 848,594       10            1334,472 
 848,594       10            1336,343 
 848,594       10            1338,307 
 848,594       10            1340,255 
 848,594       10            1342,094 
 848,594       10            1344,057 
 848,594       10            1346,02 
 848,594       10            1347,875 
 848,594       10            1349,824 
 848,594       10            1351,71 
 848,594       10            1353,565 
 848,594       10            1355,559 
 848,594       10            1357,398 
 848,594       10            1359,393 
 848,594       10            1361,498 
 848,594       10            1363,602 
 848,594       10            1365,565 
 848,594       10            1367,435 
 848,594       10            1369,43 
 848,594       10            1371,285 
 848,594       10            1373,124 
 848,594       10            1375,087 
 848,594       10            1377,051 
 848,594       10            1378,891 
 848,594       10            1380,869 
 848,594       10            1382,99 
 848,594       10            1384,952 
 848,594       10            1387,026 
 848,594       10            1388,881 
 848,594       10            1390,703 
 848,594       10            1392,667 
 848,594       10            1394,757 
 848,594       10            1396,611 
 848,594       10            1398,575 
 848,594       10            1400,413 
 848,594       10            1402,487 
 848,594       10            1404,34 
 848,594       10            1406,195 
 848,594       10            1408,035 
 848,594       10            1410,107 
 848,594       10            1412,071 
 848,594       10            1413,925 
 848,594       10            1415,875 
 848,594       10            1417,854 
 848,594       10            1419,817 
 848,594       10            1421,766 
 848,594       10            1423,621 
 848,594       10            1425,692 
 848,594       10            1427,548 
 848,594       10            1429,496 
 848,594       10            1431,46 
 848,594       10            1433,423 
 848,594       10            1435,278 
 848,594       10            1437,116 
 848,594       10            1438,971 
 848,594       10            1441,045 
 848,594       10            1442,9 
 848,594       10            1444,847 
 848,594       10            1446,811 
 848,594       10            1448,807 
 848,594       10            1450,755 
 848,594       10            1452,594 
 848,594       10            1454,557 
 848,594       10            1456,537 
 848,594       10            1458,5 
 848,594       10            1460,339 
 848,594       10            1462,179 
 848,594       10            1464,018 
 848,594       10            1465,981 
 848,594       10            1467,961 
 848,594       10            1469,91 
 848,594       10            1471,763 
 848,594       10            1473,728 
 848,594       10            1475,692 
 848,594       10            1477,53 
 848,594       10            1479,463 
 848,594       10            1481,334 
 848,594       10            1483,423 
 848,594       10            1485,153 
 848,594       10            1487,115 
 848,594       10            1489,079 
 848,594       10            1491,292 
 848,594       10            1493,116 
 848,594       10            1494,987 
 848,594       10            1496,934 
 848,594       10            1498,775 
 848,594       10            1500,738 
 848,594       10            1502,468 
 848,594       10            1504,307 
 848,594       10            1506,287 
 848,594       10            1508,266 
 848,594       10            1510,23 
 848,594       10            1512,193 
 848,594       10            1514,142 
 848,594       10            1515,95 
 848,594       10            1517,773 
 848,594       10            1519,627 
 848,594       10            1521,685 
 848,594       10            1523,509 
 848,594       10            1525,411 
 848,594       10            1527,25 
 848,594       10            1529,198 
 848,594       10            1531,192 
 848,594       10            1533,172 
 848,594       10            1535,011 
 848,594       10            1536,96 
 848,594       10            1538,815 
 848,594       10            1540,778 
 848,594       10            1542,616 
 848,594       10            1544,457 
 848,594       10            1546,31 
 848,594       10            1548,275 
 848,594       10            1550,222 
 848,594       10            1552,077 
 848,594       10            1553,824 
 848,594       10            1555,787 
 848,594       10            1557,75 
 848,594       10            1559,714 
 848,594       10            1561,679 
 848,594       10            1563,409 
 848,594       10            1565,373 
 848,594       10            1567,32 
 848,594       10            1569,175 
 848,594       10            1571,138 
 848,594       10            1572,962 
 848,594       10            1574,833 
 848,594       10            1576,813 
 848,594       10            1578,652 
 848,594       10            1580,599 
 848,594       10            1582,564 
 848,594       10            1584,542 
 848,594       10            1586,49 
 848,594       10            1588,346 
 848,594       10            1590,294 
 848,594       10            1592,258 
 848,594       10            1594,113 
 848,594       10            1596,06 
 848,594       10            1598,025 
 848,594       10            1600,003 
 848,594       10            1601,827 
 848,594       10            1603,698 
 848,594       10            1605,521 
 848,594       10            1607,486 
 848,594       10            1609,325 
 848,594       10            1611,163 
 848,594       10            1613,127 
 848,594       10            1615,106 
 848,594       10            1617,07 
 848,594       10            1619,019 
 848,594       10            1620,874 
 848,594       10            1622,837 
 848,594       10            1624,817 
 848,594       10            1626,672 
 848,594       10            1628,651 
 848,594       10            1630,506 
 848,594       10            1632,359 
 848,594       10            1634,324 
 848,594       10            1636,413 
 848,594       10            1638,251 
 848,594       10            1640,106 
 848,594       10            1641,93 
 848,594       10            1643,91 
 848,594       10            1645,873 
 848,594       10            1647,711 
 848,594       10            1649,661 
 848,594       10            1651,53 
 848,594       10            1653,479 
 848,594       10            1655,224 
 848,594       10            1657,064 
 848,594       10            1659,028 
 848,594       10            1660,991 
 848,594       10            1662,971 
 848,594       10            1664,826 
 848,594       10            1666,664 
 848,594       10            1668,628 
 848,594       10            1670,499 
 848,594       10            1672,462 
 848,594       10            1674,442 
 848,594       10            1676,28 
 848,594       10            1678,105 
 848,594       10            1679,96 
 848,594       10            1682,048 
 848,594       10            1683,886 
 848,594       10            1685,835 
 848,594       10            1687,69 
 848,594       10            1689,637 
 848,594       10            1691,648 
 848,594       10            1693,503 
 848,594       10            1695,374 
 848,594       10            1697,118 
 848,594       10            1699,114 
 848,594       10            1701,125 
 848,594       10            1703,119 
 848,594       10            1705,131 
 848,594       10            1707,375 
 848,594       10            1709,354 
 848,594       10            1711,38 
 848,594       10            1713,25 
 848,594       10            1715,199 
 848,594       10            1717,178 
 848,594       10            1719,126 
 848,594       10            1720,965 
 848,594       10            1722,93 
 848,594       10            1724,784 
 848,594       10            1726,623 
 848,594       10            1728,462 
 848,594       10            1730,425 
 848,594       10            1732,265 
 848,594       10            1734,354 
 848,594       10            1736,209 
 848,594       10            1738,281 
 848,594       10            1740,135 
 848,594       10            1742,085 
 848,594       10            1743,939 
 848,594       10            1746,011 
 848,594       10            1747,991 
 848,594       10            1749,94 
 848,594       10            1751,795 
 848,594       10            1753,866 
 848,594       10            1755,707 
 848,594       10            1757,56 
 848,594       10            1759,509 
 848,594       10            1761,597 
 848,594       10            1763,452 
 848,594       10            1765,291 
 848,594       10            1767,146 
 848,594       10            1769,095 
 848,594       10            1770,95 
 848,594       10            1772,772 
 848,594       10            1774,627 
 848,594       10            1776,467 
 848,594       10            1778,539 
 848,594       10            1780,378 
 848,594       10            1782,233 
 848,594       10            1784,088 
 848,594       10            1785,942 
 848,594       10            1788,031 
 848,594       10            1789,98 
 848,594       10            1791,835 
 848,594       10            1793,782 
 848,594       10            1795,637 
 848,594       10            1797,461 
 848,594       10            1799,299 
 848,594       10            1801,154 
 848,594       10            1803,134 
 848,594       10            1805,097 
 848,594       10            1806,936 
 848,594       10            1808,885 
 848,594       10            1810,881 
 848,594       10            1812,859 
 848,594       10            1814,807 
 848,594       10            1816,646 
 848,594       10            1818,376 
 848,594       10            1820,387 
 848,594       10            1822,227 
 848,594       10            1824,191 
 848,594       10            1826,217 
 848,594       10            1828,087 
 848,594       10            1830,083 
 848,594       10            1832,171 
 848,594       10            1834,009 
 848,594       10            1836,02 
 848,594       10            1837,969 
 848,594       10            1839,855 
 848,594       10            1841,803 
 848,594       10            1843,767 
 848,594       10            1845,605 
 848,594       10            1847,461 
 848,594       10            1849,299 
 848,594       10            1851,263 
 848,594       10            1853,228 
 848,594       10            1855,067 
 848,594       10            1856,797 
 848,594       10            1858,884 
 848,594       10            1860,848 
 848,594       10            1862,813 
 848,594       10            1864,682 
 848,594       10            1866,507 
 848,594       10            1868,471 
 848,594       10            1870,45 
 848,594       10            1872,305 
 848,594       10            1874,144 
 848,594       10            1876,092 
 848,594       10            1878,07 
 848,594       10            1879,925 
 848,594       10            1881,75 
 848,594       10            1883,604 
 848,594       10            1885,553 
 848,594       10            1887,517 
 848,594       10            1889,261 
 848,594       10            1891,21 
 848,594       10            1893,065 
 848,594       10            1894,92 
 848,594       10            1896,867 
 848,594       10            1898,722 
 848,594       10            1900,671 
 848,594       10            1902,526 
 848,594       10            1904,49 
 848,594       10            1906,328 
 848,594       10            1908,277 
 848,594       10            1910,115 
 848,594       10            1912,079 
 848,594       10            1913,934 
 848,594       10            1915,897 
 848,594       10            1917,752 
 848,594       10            1919,701 
 848,594       10            1921,415 
 848,594       10            1923,255 
 848,594       10            1925,25 
 848,594       10            1927,229 
 848,594       10            1929,301 
 848,594       10            1931,266 
 848,594       10            1932,996 
 848,594       10            1934,96 
 848,594       10            1937,032 
 848,594       10            1938,887 
 848,594       10            1940,727 
 848,594       10            1942,566 
 848,594       10            1944,529 
 848,594       10            1946,478 
 848,594       10            1948,208 
 848,594       10            1950,031 
 848,594       10            1952,01 
 848,594       10            1953,865 
 848,594       10            1955,704 
 848,594       10            1957,544 
 848,594       10            1959,491 
 848,594       10            1961,33 
 848,594       10            1963,185 
 848,594       10            1965,025 
 848,594       10            1967,114 
 848,594       10            1968,952 
 848,594       10            1970,823 
 848,594       10            1972,678 
 848,594       10            1974,5 
 848,594       10            1976,48 
 848,594       10            1978,444 
 848,594       10            1980,409 
 848,594       10            1982,248 
 848,594       10            1983,992 
 848,594       10            1985,942 
 848,594       10            1987,904 
 848,594       10            1989,759 
 848,594       10            1991,49 
 848,594       10            1993,438 
 848,594       10            1995,277 
 848,594       10            1997,24 
 848,594       10            1999,079 
 848,594       10            2000,951 
 848,594       10            2002,914 
 848,594       10            2004,987 
 848,594       10            2006,842 
 848,594       10            2008,961 
 848,594       10            2010,988 
 848,594       10            2012,999 
 848,594       10            2015,086 
 848,594       10            2017,346 
 848,594       10            2019,342 
 848,594       10            2021,243 
 848,594       10            2023,207 
 848,594       10            2025,047 
 848,594       10            2026,885 
 848,594       10            2028,724 
 848,594       10            2030,689 
 848,594       10            2032,667 
 848,594       10            2034,646 
 848,594       10            2036,596 
 848,594       10            2038,558 
 848,594       10            2040,522 
 848,594       10            2042,377 
 848,594       10            2044,217 
 848,594       10            2046,181 
 848,594       10            2048,144 
 848,594       10            2049,983 
 848,594       10            2051,822 
 848,594       10            2053,661 
 848,594       10            2055,626 
 848,594       10            2057,481 
 848,594       10            2059,445 
 848,594       10            2061,284 
 848,594       10            2063,248 
 848,594       10            2065,086 
 848,594       10            2067,034 
 848,594       10            2068,764 
 848,594       10            2070,713 
 848,594       10            2072,677 
 848,594       10            2074,532 
 848,594       10            2076,387 
 848,594       10            2078,335 
 848,594       10            2080,19 
 848,594       10            2082,262 
 848,594       10            2083,992 
 848,594       10            2085,956 
 848,594       10            2088,045 
 848,594       10            2090,023 
 848,594       10            2092,018 
 848,594       10            2093,873 
 848,594       10            2095,697 
 848,594       10            2097,552 
 848,594       10            2099,407 
 848,594       10            2101,355 
 848,594       10            2103,21 
 848,594       10            2105,065 
 848,594       10            2107,012 
 848,594       10            2108,992 
 848,594       10            2110,815 
 848,594       10            2112,702 
 848,594       10            2114,541 
 848,594       10            2116,38 
 848,594       10            2118,36 
 848,594       10            2120,307 
 848,594       10            2122,193 
 848,594       10            2124,032 
 848,594       10            2125,887 
 848,594       10            2127,789 
 848,594       10            2129,628 
 848,594       10            2131,452 
 848,594       10            2133,306 
 848,594       10            2135,161 
 848,594       10            2137,032 
 848,594       10            2138,746 
 848,594       10            2140,601 
 848,594       10            2142,579 
 848,594       10            2144,42 
 848,594       10            2146,289 
 848,594       10            2148,268 
 848,594       10            2150,108 
 848,594       10            2152,197 
 848,594       10            2154,036 
 848,594       10            2156,233 
 848,594       10            2158,088 
 848,594       10            2160,036 
 848,594       10            2161,891 
 848,594       10            2163,746 
 848,594       10            2165,818 
 848,594       10            2167,673 
 848,594       10            2169,528 
 848,594       10            2171,492 
 848,594       10            2173,565 
 848,594       10            2175,405 
 848,594       10            2177,15 
 848,594       10            2179,097 
 848,594       10            2181,061 
 848,594       10            2183,15 
 848,594       10            2184,88 
 848,594       10            2186,719 
 848,594       10            2188,684 
 848,594       10            2190,523 
 848,594       10            2192,471 
 848,594       10            2194,309 
 848,594       10            2196,273 
 848,594       10            2198,487 
 848,594       10            2200,327 
 848,594       10            2202,072 
 848,594       10            2204,019 
 848,594       10            2205,875 
 848,594       10            2207,822 
 848,594       10            2209,663 
 848,594       10            2211,626 
 848,594       10            2213,606 
 848,594       10            2215,445 
 848,594       10            2217,393 
 848,594       10            2219,248 
 848,594       10            2221,103 
 848,594       10            2223,05 
 848,594       10            2224,905 
 848,594       10            2226,853 
 848,594       10            2228,818 
 848,594       10            2230,905 
 848,594       10            2232,869 
 848,594       10            2234,833 
 848,594       10            2236,688 
 848,594       10            2238,793 
 848,594       10            2240,648 
 848,594       10            2242,471 
 848,594       10            2244,309 
 848,594       10            2246,164 
 848,594       10            2248,143 
 848,594       10            2250,217 
 848,594       10            2252,166 
 848,594       10            2254,036 
 848,594       10            2256 
 848,594       10            2258,072 
 848,594       10            2259,802 
 848,594       10            2261,751 
 848,594       10            2263,715 
 848,594       10            2265,57 
 848,594       10            2267,393 
 848,594       10            2269,262 
 848,594       10            2271,103 
 848,594       10            2272,972 
 848,594       10            2275,03 
 848,594       10            2276,869 
 848,594       10            2278,724 
 848,594       10            2280,626 
 848,594       10            2282,465 
 848,594       10            2284,335 
 848,594       10            2286,204 
 848,594       10            2288,481 
 848,594       10            2290,351 
 848,594       10            2292,19 
 848,594       10            2294,045 
 848,594       10            2296,164 
 848,594       10            2298,128 
 848,594       10            2299,998 
 848,594       10            2301,838 
 848,594       10            2303,677 
 848,594       10            2305,626 
 848,594       10            2307,635 
 848,594       10            2309,615 
 848,594       10            2311,579 
 848,594       10            2313,418 
 848,594       10            2315,367 
 848,594       10            2317,346 
 848,594       10            2319,295 
 848,594       10            2321,134 
 848,594       10            2322,987 
 848,594       10            2325,077 
 848,594       10            2327,041 
 848,594       10            2328,894 
 848,594       10            2330,719 
 848,594       10            2332,574 
 848,594       10            2334,646 
 848,594       10            2336,376 
 848,594       10            2338,324 
 848,594       10            2340,179 
 848,594       10            2342,253 
 848,594       10            2344,092 
 848,594       10            2345,947 
 848,594       10            2347,894 
 848,594       10            2349,764 
 848,594       10            2351,713 
 848,594       10            2353,568 
 848,594       10            2355,391 
 848,594       10            2357,371 
 848,594       10            2359,21 
 848,594       10            2361,159 
 848,594       10            2362,998 
 848,594       10            2364,976 
 848,594       10            2366,925 
 848,594       10            2368,795 
 848,594       10            2370,744 
 848,594       10            2372,831 
 848,594       10            2374,686 
 848,594       10            2376,51 
 848,594       10            2378,364 
 848,594       10            2380,313 
 848,594       10            2382,168 
 848,594       10            2383,992 
 848,594       10            2385,956 
 848,594       10            2388,043 
 848,594       10            2390,007 
 848,594       10            2391,862 
 848,594       10            2393,733 
 848,594       10            2395,914 
 848,594       10            2397,786 
 848,594       10            2399,905 
 848,594       10            2401,791 
 848,594       10            2403,817 
 848,594       10            2405,719 
 848,594       10            2407,574 
 848,594       10            2409,49 
 848,594       10            2411,454 
 848,594       10            2413,652 
 848,594       10            2415,538 
 848,594       10            2417,704 
 848,594       10            2419,668 
 848,594       10            2421,57 
 848,594       10            2423,487 
 848,594       10            2425,559 
 848,594       10            2427,757 
 848,594       10            2429,798 
 848,594       10            2431,793 
 848,594       10            2433,695 
 848,594       10            2435,706 
 848,594       10            2437,655 
 848,594       10            2439,634 
 848,594       10            2441,612 
 848,594       10            2443,467 
 848,594       10            2445,416 
 848,594       10            2447,396 
 848,594       10            2449,344 
 848,594       10            2451,432 
 848,594       10            2453,411 
 848,594       10            2455,266 
 848,594       10            2457,121 
 848,594       10            2459,085 
 848,594       10            2460,94 
 848,594       10            2462,795 
 848,594       10            2464,759 
 848,594       10            2466,893 
 848,594       10            2468,889 
 848,594       10            2470,728 
 848,594       10            2472,831 
 848,594       10            2474,67 
 848,594       10            2476,666 
 848,594       10            2478,614 
 848,594       10            2480,469 
 848,594       10            2482,432 
 848,594       10            2484,63 
 848,594       10            2486,501 
 848,594       10            2488,34 
 848,594       10            2490,304 
 848,594       10            2492,376 
 848,594       10            2494,231 
 848,594       10            2496,179 
 848,594       10            2498,034 
 848,594       10            2499,983 
 848,594       10            2501,838 
 848,594       10            2503,802 
 848,594       10            2505,764 
 848,594       10            2507,838 
 848,594       10            2509,693 
 848,594       10            2511,438 
 848,594       10            2513,277 
 848,594       10            2515,242 
 848,594       10            2517,221 
 848,594       10            2519,153 
 848,594       10            2521,117 
 848,594       10            2523,097 
 848,594       10            2525,076 
 848,594       10            2527,056 
 848,594       10            2528,894 
 848,594       10            2530,858 
 848,594       10            2532,822 
 848,594       10            2534,911 
 848,594       10            2536,75 
 848,594       10            2538,699 
 848,594       10            2540,538 
 848,594       10            2542,393 
 848,594       10            2544,123 
 848,594       10            2545,961 
 848,594       10            2547,909 
 848,594       10            2549,748 
 848,594       10            2551,588 
 848,594       10            2553,677 
 848,594       10            2555,516 
 848,594       10            2557,494 
 848,594       10            2559,349 
 848,594       10            2561,188 
 848,594       10            2563,027 
 848,594       10            2564,992 
 848,594       10            2566,847 
 848,594       10            2568,67 
 848,594       10            2570,541 
 848,594       10            2572,597 
 848,594       10            2574,608 
 848,594       10            2576,478 
 848,594       10            2578,333 
 848,594       10            2580,297 
 848,594       10            2582,027 
 848,594       10            2583,867 
 848,594       10            2585,722 
 848,594       10            2587,795 
 848,594       10            2589,757 
 848,594       10            2591,612 
 848,594       10            2593,655 
 848,594       10            2595,634 
 848,594       10            2597,55 
 848,594       10            2599,422 
 848,594       10            2601,307 
 848,594       10            2603,271 
 848,594       10            2605,188 
 848,594       10            2607,027 
 848,594       10            2608,99 
 848,594       10            2610,923 
 848,594       10            2612,653 
 848,594       10            2614,601 
 848,594       10            2616,565 
 848,594       10            2618,42 
 848,594       10            2620,26 
 848,594       10            2622,224 
 848,594       10            2624,202 
 848,594       10            2626,152 
 848,594       10            2627,882 
 848,594       10            2629,969 
 848,594       10            2631,918 
 848,594       10            2633,773 
 848,594       10            2635,612 
 848,594       10            2637,452 
 848,594       10            2639,414 
 848,594       10            2641,255 
 848,594       10            2643,202 
 848,594       10            2645,056 
 848,594       10            2646,911 
 848,594       10            2648,876 
 848,594       10            2650,715 
 848,594       10            2652,663 
 848,594       10            2654,751 
 848,594       10            2656,731 
 848,594       10            2658,554 
 848,594       10            2660,659 
 848,594       10            2662,731 
 848,594       10            2664,695 
 848,594       10            2666,534 
 848,594       10            2668,514 
 848,594       10            2670,353 
 848,594       10            2672,317 
 848,594       10            2674,266 
 848,594       10            2676,105 
 848,594       10            2677,974 
 848,594       10            2679,922 
 848,594       10            2681,793 
 848,594       10            2683,632 
 848,594       10            2685,456 
 848,594       10            2687,42 
 848,594       10            2689,275 
 848,594       10            2691,099 
 848,594       10            2692,969 
 848,594       10            2694,932 
 848,594       10            2696,88 
 848,594       10            2698,86 
 848,594       10            2700,699 
 848,594       10            2702,539 
 848,594       10            2704,501 
 848,594       10            2706,481 
 848,594       10            2708,304 
 848,594       10            2710,159 
 848,594       10            2712,123 
 848,594       10            2714,088 
 848,594       10            2715,849 
 848,594       10            2717,813 
 848,594       10            2719,637 
 848,594       10            2721,507 
 848,594       10            2723,346 
 848,594       10            2725,309 
 848,594       10            2727,148 
 848,594       10            2728,987 
 848,594       10            2730,952 
 848,594       10            2732,916 
 848,594       10            2734,755 
 848,594       10            2736,672 
 848,594       10            2738,635 
 848,594       10            2740,646 
 848,594       10            2742,594 
 848,594       10            2744,449 
 848,594       10            2746,398 
 848,594       10            2748,362 
 848,594       10            2750,201 
 848,594       10            2752,148 
 848,594       10            2754,128 
 848,594       10            2755,967 
 848,594       10            2757,916 
 848,594       10            2759,769 
 848,594       10            2761,625 
 848,594       10            2763,588 
 848,594       10            2765,552 
 848,594       10            2767,282 
 848,594       10            2769,231 
 848,594       10            2771,195 
 848,594       10            2773,159 
 848,594       10            2775,123 
 848,594       10            2776,853 
 848,594       10            2778,706 
 848,594       10            2780,67 
 848,594       10            2782,525 
 848,594       10            2784,489 
 848,594       10            2786,454 
 848,594       10            2788,418 
 848,594       10            2790,365 
 848,594       10            2792,188 
 848,594       10            2794,293 
 848,594       10            2796,132 
 848,594       10            2797,972 
 848,594       10            2799,826 
 848,594       10            2801,681 
 848,594       10            2803,519 
 848,594       10            2805,469 
 848,594       10            2807,307 
 848,594       10            2809,271 
 848,594       10            2811,251 
 848,594       10            2813,215 
 848,594       10            2815,163 
 848,594       10            2817,018 
 848,594       10            2818,965 
 848,594       10            2820,82 
 848,594       10            2822,675 
 848,594       10            2824,733 
 848,594       10            2826,588 
 848,594       10            2828,567 
 848,594       10            2830,53 
 848,594       10            2832,353 
 848,594       10            2834,085 
 848,594       10            2836,032 
 848,594       10            2837,871 
 848,594       10            2839,71 
 848,594       10            2841,581 
 848,594       10            2843,42 
 848,594       10            2845,275 
 848,594       10            2847,222 
 848,594       10            2849,077 
 848,594       10            2850,916 
 848,594       10            2852,989 
 848,594       10            2854,829 
 848,594       10            2856,809 
 848,594       10            2858,773 
 848,594       10            2860,626 
 848,594       10            2862,481 
 848,594       10            2864,306 
 848,594       10            2866,284 
 848,594       10            2868,123 
 848,594       10            2870,088 
 848,594       10            2871,911 
 848,594       10            2873,782 
 848,594       10            2875,73 
 848,594       10            2877,585 
 848,594       10            2879,688 
 848,594       10            2881,637 
 848,594       10            2883,507 
 848,594       10            2885,347 
 848,594       10            2887,311 
 848,594       10            2889,414 
 848,594       10            2891,378 
 848,594       10            2893,342 
 848,594       10            2895,26 
 848,594       10            2897,255 
 848,594       10            2899,139 
 848,594       10            2901,181 
 848,594       10            2903,099 
 848,594       10            2905,11 
 848,594       10            2907,135 
 848,594       10            2908,974 
 848,594       10            2910,922 
 848,594       10            2912,887 
 848,594       10            2914,726 
 848,594       10            2916,69 
 848,594       10            2918,528 
 848,594       10            2920,384 
 848,594       10            2922,347 
 848,594       10            2924,202 
 848,594       10            2926,15 
 848,594       10            2927,88 
 848,594       10            2929,829 
 848,594       10            2931,793 
 848,594       10            2933,757 
 848,594       10            2935,612 
 848,594       10            2937,451 
 848,594       10            2939,414 
 848,594       10            2941,378 
 848,594       10            2943,342 
 848,594       10            2945,197 
 848,594       10            2947,036 
 848,594       10            2949 
 848,594       10            2950,963 
 848,594       10            2953,036 
 848,594       10            2954,766 
 848,594       10            2956,731 
 848,594       10            2958,554 
 848,594       10            2960,393 
 848,594       10            2962,264 
 848,594       10            2964,228 
 848,594       10            2966,19 
 848,594       10            2968,155 
 848,594       10            2970,103 
 848,594       10            2972,067 
 848,594       10            2974,047 
 848,594       10            2975,885 
 848,594       10            2977,708 
 848,594       10            2979,672 
 848,594       10            2981,402 
 848,594       10            2983,351 
 848,594       10            2985,206 
 848,594       10            2987,278 
 848,594       10            2989,117 
 848,594       10            2990,958 
 848,594       10            2992,936 
 848,594       10            2994,775 
 848,594       10            2996,849 
 848,594       10            2998,813 
 848,594       10            3000,652 
 848,594       10            3002,632 
 848,594       10            3004,485 
 848,594       10            3006,324 
 848,594       10            3008,164 
 848,594       10            3010,128 
 848,594       10            3012,108 
 848,594       10            3013,947 
 848,594       10            3016,019 
 848,594       10            3017,733 
 848,594       10            3019,588 
 848,594       10            3021,552 
 848,594       10            3023,391 
 848,594       10            3025,496 
 848,594       10            3027,46 
 848,594       10            3029,438 
 848,594       10            3031,387 
 848,594       10            3033,351 
 848,594       10            3035,548 
 848,594       10            3037,528 
 848,594       10            3039,367 
 848,594       10            3041,206 
 848,594       10            3043,061 
 848,594       10            3045,025 
 848,594       10            3046,911 
