Iteraciones:   1755 

Costo         Vehículos     Tiempo [seg]
 1445,518      8             4,511 
 1445,518      8             7,98 
 1445,518      8             11,341 
 1445,518      8             14,81 
 1349,425      8             18,031 
 1349,425      8             21,127 
 1349,425      8             24,534 
 1349,425      8             27,956 
 1349,425      8             31,27 
 1349,425      8             34,786 
 1349,425      8             38,193 
 1349,425      8             41,647 
 1289,078      8             44,821 
 1289,078      8             48,243 
 1289,078      8             51,448 
 1289,078      8             54,871 
 1289,078      8             58,185 
 1289,078      8             61,498 
 1289,078      8             64,672 
 1289,078      8             67,862 
 1289,078      8             71,301 
 1289,078      8             74,492 
 1289,078      8             77,791 
 1289,078      8             81,091 
 1289,078      8             84,406 
 1289,078      8             87,612 
 1289,078      8             91,02 
 1289,078      8             94,351 
 1289,078      8             97,665 
 1289,078      8             101,089 
 1289,078      8             104,42 
 1289,078      8             107,61 
 1289,078      8             110,91 
 1289,078      8             114,583 
 1289,078      8             118,256 
 1289,078      8             121,337 
 1289,078      8             124,528 
 1289,078      8             128,061 
 1289,078      8             131,376 
 1289,078      8             134,457 
 1289,078      8             137,757 
 1289,078      8             141,196 
 1289,078      8             144,511 
 1289,078      8             147,686 
 1289,078      8             151,374 
 1289,078      8             154,658 
 1289,078      8             157,864 
 1289,078      8             161,039 
 1289,078      8             164,121 
 1289,078      8             167,545 
 1289,078      8             170,86 
 1289,078      8             174,066 
 1289,078      8             177,241 
 1289,078      8             180,68 
 1289,078      8             184,104 
 1289,078      8             187,419 
 1289,078      8             190,734 
 1289,078      8             194,033 
 1289,078      8             197,115 
 1289,078      8             200,414 
 1289,078      8             203,947 
 1289,078      8             207,278 
 1289,078      8             210,437 
 1289,078      8             213,877 
 1289,078      8             217,269 
 1289,078      8             220,569 
 1289,078      8             223,759 
 1289,078      8             227,199 
 1289,078      8             230,265 
 1289,078      8             233,673 
 1289,078      8             236,739 
 1289,078      8             239,945 
 1289,078      8             243,245 
 1289,078      8             247,042 
 1289,078      8             250,357 
 1289,078      8             253,672 
 1289,078      8             257,345 
 1289,078      8             260,909 
 1289,078      8             264,348 
 1289,078      8             267,928 
 1289,078      8             271,227 
 1289,078      8             274,558 
 1289,078      8             277,873 
 1254,513      8             281,172 
 1254,513      8             284,721 
 1254,513      8             288,082 
 1254,513      8             291,491 
 1254,513      8             295,039 
 1254,513      8             298,479 
 1254,513      8             301,794 
 1254,513      8             305,124 
 1254,513      8             308,33 
 1254,513      8             311,661 
 1254,513      8             314,867 
 1254,513      8             318,042 
 1254,513      8             321,341 
 1254,513      8             324,532 
 1254,513      8             327,847 
 1254,513      8             331,395 
 1254,513      8             334,726 
 1254,513      8             337,901 
 1254,513      8             341,216 
 1254,513      8             344,515 
 1254,513      8             347,721 
 1254,513      8             350,865 
 1254,513      8             354,195 
 1254,513      8             357,37 
 1254,513      8             360,685 
 1254,513      8             364,109 
 1254,513      8             367,69 
 1254,513      8             371,351 
 1254,513      8             374,56 
 1254,513      8             377,972 
 1254,513      8             381,29 
 1254,513      8             384,608 
 1254,513      8             387,801 
 1254,513      8             391,228 
 1254,513      8             394,562 
 1254,513      8             397,755 
 1254,513      8             401,073 
 1254,513      8             404,267 
 1254,513      8             407,678 
 1254,513      8             411,246 
 1254,513      8             414,455 
 1254,513      8             417,882 
 1254,513      8             421,107 
 1254,513      8             424,534 
 1254,513      8             427,961 
 1254,513      8             431,279 
 1254,513      8             434,488 
 1254,513      8             438,055 
 1254,513      8             441,264 
 1254,513      8             444,567 
 1254,513      8             447,9 
 1254,513      8             451,327 
 1254,513      8             454,755 
 1254,513      8             458,073 
 1254,513      8             461,282 
 1254,513      8             464,74 
 1254,513      8             468,323 
 1254,513      8             471,688 
 1254,513      8             475,161 
 1254,513      8             478,666 
 1254,513      8             481,985 
 1254,513      8             485,303 
 1254,513      8             488,605 
 1254,513      8             491,814 
 1254,513      8             495,241 
 1254,513      8             498,731 
 1254,513      8             501,94 
 1254,513      8             505,273 
 1254,513      8             508,95 
 1254,513      8             513,016 
 1254,513      8             517,19 
 1254,513      8             521,007 
 1254,513      8             524,574 
 1254,513      8             527,955 
 1254,513      8             531,506 
 1254,513      8             534,731 
 1254,513      8             538,236 
 1254,513      8             541,694 
 1254,513      8             545,729 
 1254,513      8             549,561 
 1254,513      8             553,004 
 1254,513      8             556,633 
 1254,513      8             560,481 
 1254,513      8             564,313 
 1254,513      8             567,803 
 1254,513      8             571,463 
 1254,513      8             574,782 
 1254,513      8             578,411 
 1254,513      8             582,119 
 1254,513      8             585,452 
 1254,513      8             588,848 
 1254,513      8             592,462 
 1254,513      8             595,718 
 1254,513      8             599,285 
 1254,513      8             602,806 
 1254,513      8             606,545 
 1254,513      8             610,252 
 1254,513      8             613,383 
 1254,513      8             616,966 
 1254,513      8             620,269 
 1254,513      8             623,727 
 1254,513      8             626,936 
 1254,513      8             630,472 
 1254,513      8             633,946 
 1254,513      8             637,186 
 1254,513      8             640,255 
 1254,513      8             643,573 
 1254,513      8             647,125 
 1254,513      8             650,583 
 1254,513      8             653,792 
 1254,513      8             657,095 
 1254,513      8             660,413 
 1254,513      8             663,887 
 1254,513      8             667,19 
 1254,513      8             670,665 
 1254,513      8             674,202 
 1254,513      8             677,397 
 1254,513      8             680,716 
 1254,513      8             683,895 
 1254,513      8             687,105 
 1254,513      8             690,533 
 1254,513      8             693,821 
 1254,513      8             697,156 
 1254,513      8             700,475 
 1254,513      8             704,028 
 1254,513      8             707,456 
 1254,513      8             711,134 
 1254,513      8             714,578 
 1254,513      8             717,897 
 1254,513      8             721,528 
 1254,513      8             725,174 
 1254,513      8             728,82 
 1254,513      8             732,249 
 1254,513      8             735,942 
 1254,513      8             739,51 
 1254,513      8             743,126 
 1254,513      8             746,445 
 1254,513      8             749,92 
 1254,513      8             753,301 
 1254,513      8             756,854 
 1254,513      8             760,205 
 1254,513      8             763,617 
 1254,513      8             767,264 
 1254,513      8             770,583 
 1254,513      8             774,167 
 1254,513      8             777,626 
 1254,513      8             780,93 
 1254,513      8             784,686 
 1254,513      8             788,332 
 1254,513      8             791,729 
 1254,513      8             795,157 
 1254,513      8             798,835 
 1254,513      8             802,403 
 1254,513      8             805,863 
 1254,513      8             809,307 
 1254,513      8             812,626 
 1254,513      8             815,82 
 1254,513      8             819,14 
 1254,513      8             822,568 
 1254,513      8             825,887 
 1254,513      8             829,705 
 1254,513      8             833,024 
 1254,513      8             836,094 
 1254,513      8             839,507 
 1254,513      8             842,717 
 1254,513      8             846,02 
 1254,513      8             849,355 
 1254,513      8             852,892 
 1254,513      8             856,352 
 1254,513      8             859,78 
 1254,513      8             863,208 
 1254,513      8             866,403 
 1254,513      8             869,971 
 1254,513      8             873,4 
 1254,513      8             876,859 
 1254,513      8             880,178 
 1254,513      8             883,591 
 1254,513      8             887,035 
 1254,513      8             890,354 
 1254,513      8             893,657 
 1254,513      8             897,008 
 1254,513      8             900,561 
 1254,513      8             903,895 
 1254,513      8             907,121 
 1254,513      8             910,518 
 1254,513      8             913,962 
 1254,513      8             917,219 
 1254,513      8             920,772 
 1254,513      8             924,107 
 1254,513      8             927,395 
 1254,513      8             930,714 
 1254,513      8             934,158 
 1254,513      8             937,477 
 1254,513      8             940,796 
 1254,513      8             944,209 
 1254,513      8             947,434 
 1241,686      8             950,863 
 1241,686      8             954,182 
 1241,686      8             957,485 
 1241,686      8             960,929 
 1241,686      8             964,015 
 1241,686      8             967,552 
 1241,686      8             970,981 
 1241,686      8             974,176 
 1241,686      8             977,48 
 1241,686      8             980,55 
 1241,686      8             984,104 
 1241,686      8             987,19 
 1241,686      8             990,509 
 1241,686      8             993,704 
 1241,686      8             997,117 
 1241,686      8             1000,593 
 1241,686      8             1003,928 
 1241,686      8             1007,138 
 1241,686      8             1010,567 
 1241,686      8             1013,996 
 1241,686      8             1017,331 
 1241,686      8             1020,915 
 1241,686      8             1024,095 
 1241,686      8             1027,96 
 1241,686      8             1031,513 
 1241,686      8             1034,771 
 1241,686      8             1038,199 
 1241,686      8             1041,519 
 1241,686      8             1044,963 
 1241,686      8             1048,47 
 1241,686      8             1051,789 
 1241,686      8             1055,062 
 1241,686      8             1058,429 
 1241,686      8             1061,623 
 1241,686      8             1064,928 
 1241,686      8             1068,232 
 1241,686      8             1071,8 
 1241,686      8             1075,245 
 1241,686      8             1078,829 
 1241,686      8             1082,367 
 1241,686      8             1085,811 
 1241,686      8             1089,131 
 1241,686      8             1092,451 
 1241,686      8             1095,755 
 1241,686      8             1099,183 
 1241,686      8             1102,628 
 1241,686      8             1105,932 
 1241,686      8             1109,251 
 1241,686      8             1112,586 
 1241,686      8             1116 
 1241,686      8             1119,319 
 1241,686      8             1122,732 
 1241,686      8             1126,052 
 1241,686      8             1129,247 
 1241,686      8             1132,566 
 1241,686      8             1135,886 
 1241,686      8             1139,206 
 1241,686      8             1142,65 
 1241,686      8             1146,11 
 1241,686      8             1149,414 
 1241,686      8             1152,5 
 1241,686      8             1156,038 
 1241,686      8             1159,233 
 1241,686      8             1162,677 
 1241,686      8             1165,856 
 1241,686      8             1169,067 
 1241,686      8             1172,371 
 1241,686      8             1175,706 
 1241,686      8             1179,135 
 1241,686      8             1182,346 
 1241,686      8             1185,774 
 1241,686      8             1189,094 
 1241,686      8             1192,694 
 1241,686      8             1196,123 
 1241,686      8             1199,489 
 1241,686      8             1202,965 
 1241,686      8             1206,331 
 1241,686      8             1209,854 
 1241,686      8             1213,797 
 1241,686      8             1217,007 
 1241,686      8             1220,452 
 1241,686      8             1224,364 
 1241,686      8             1227,559 
 1241,686      8             1230,987 
 1241,686      8             1234,198 
 1241,686      8             1237,486 
 1241,686      8             1240,962 
 1241,686      8             1244,313 
 1241,686      8             1247,726 
 1241,686      8             1251,17 
 1241,686      8             1254,49 
 1241,686      8             1257,81 
 1241,686      8             1261,238 
 1241,686      8             1264,683 
 1241,686      8             1268,127 
 1241,686      8             1271,197 
 1241,686      8             1274,626 
 1241,686      8             1278,289 
 1241,686      8             1281,842 
 1241,686      8             1285,271 
 1241,686      8             1288,591 
 1241,686      8             1291,926 
 1241,686      8             1295,448 
 1241,686      8             1298,69 
 1241,686      8             1302,134 
 1241,686      8             1305,844 
 1241,686      8             1309,039 
 1241,686      8             1312,498 
 1241,686      8             1315,756 
 1241,686      8             1319,06 
 1241,686      8             1322,426 
 1241,686      8             1325,793 
 1241,686      8             1329,097 
 1241,686      8             1332,292 
 1241,686      8             1335,721 
 1241,686      8             1339,04 
 1241,686      8             1342,36 
 1241,686      8             1345,555 
 1241,686      8             1348,859 
 1241,686      8             1352,21 
 1241,686      8             1355,81 
 1241,686      8             1359,145 
 1241,686      8             1362,512 
 1241,686      8             1365,816 
 1241,686      8             1369,322 
 1241,686      8             1372,642 
 1241,686      8             1375,977 
 1241,686      8             1379,141 
 1241,686      8             1382,617 
 1241,686      8             1385,703 
 1241,686      8             1388,882 
 1241,686      8             1392,326 
 1241,686      8             1395,646 
 1241,686      8             1399,184 
 1241,686      8             1402,628 
 1241,686      8             1405,948 
 1241,686      8             1409,377 
 1241,686      8             1412,696 
 1241,686      8             1416,016 
 1241,686      8             1419,336 
 1241,686      8             1422,78 
 1241,686      8             1425,959 
 1241,686      8             1429,154 
 1241,686      8             1432,599 
 1241,686      8             1436,137 
 1241,686      8             1439,721 
 1241,686      8             1443,025 
 1241,686      8             1446,345 
 1241,686      8             1449,681 
 1241,686      8             1452,985 
 1241,686      8             1456,429 
 1241,686      8             1459,733 
 1241,686      8             1463,053 
 1241,686      8             1466,357 
 1241,686      8             1469,568 
 1241,686      8             1472,981 
 1241,686      8             1476,301 
 1241,686      8             1479,636 
 1241,686      8             1482,816 
 1241,686      8             1486,136 
 1241,686      8             1489,596 
 1241,686      8             1492,884 
 1241,686      8             1496,204 
 1241,686      8             1499,29 
 1241,686      8             1502,719 
 1241,686      8             1506,304 
 1241,686      8             1509,624 
 1241,686      8             1512,819 
 1241,686      8             1516,325 
 1241,686      8             1519,848 
 1241,686      8             1523,168 
 1241,686      8             1526,534 
 1241,686      8             1529,979 
 1241,686      8             1533,423 
 1241,686      8             1536,867 
 1241,686      8             1540,063 
 1241,686      8             1543,242 
 1241,686      8             1546,577 
 1241,686      8             1549,897 
 1241,686      8             1553,201 
 1241,686      8             1556,771 
 1241,686      8             1560,106 
 1241,686      8             1563,535 
 1241,686      8             1566,605 
 1241,686      8             1570,034 
 1241,686      8             1573,245 
 1241,686      8             1576,549 
 1241,686      8             1580,118 
 1241,686      8             1583,453 
 1241,686      8             1586,991 
 1241,686      8             1590,202 
 1241,686      8             1593,273 
 1241,686      8             1596,81 
 1241,686      8             1600,021 
 1241,686      8             1603,45 
 1241,686      8             1606,879 
 1241,686      8             1610,199 
 1241,686      8             1613,394 
 1210,115      8             1617,072 
 1210,115      8             1620,516 
 1210,115      8             1623,712 
 1210,115      8             1627,063 
 1210,115      8             1630,398 
 1210,115      8             1633,827 
 1210,115      8             1637,162 
 1210,115      8             1640,731 
 1210,115      8             1644,16 
 1210,115      8             1647,605 
 1210,115      8             1651,174 
 1210,115      8             1654,727 
 1210,115      8             1658,406 
 1210,115      8             1661,772 
 1210,115      8             1665,217 
 1210,115      8             1668,786 
 1210,115      8             1671,996 
 1210,115      8             1675,176 
 1210,115      8             1678,371 
 1210,115      8             1681,566 
 1210,115      8             1684,995 
 1210,115      8             1688,548 
 1210,115      8             1691,899 
 1210,115      8             1695,266 
 1210,115      8             1698,523 
 1210,115      8             1701,906 
 1210,115      8             1705,147 
 1210,115      8             1708,514 
 1210,115      8             1712,255 
 1210,115      8             1715,465 
 1210,115      8             1718,91 
 1210,115      8             1722,323 
 1210,115      8             1725,643 
 1210,115      8             1729,212 
 1210,115      8             1732,641 
 1210,115      8             1736,444 
 1210,115      8             1739,888 
 1210,115      8             1743,333 
 1210,115      8             1746,902 
 1210,115      8             1750,19 
 1210,115      8             1753,51 
 1210,115      8             1756,83 
 1210,115      8             1760,384 
 1210,115      8             1763,703 
 1210,115      8             1767,023 
 1210,115      8             1770,218 
 1210,115      8             1773,663 
 1210,115      8             1777,092 
 1210,115      8             1780,521 
 1210,115      8             1783,981 
 1210,115      8             1787,16 
 1210,115      8             1790,48 
 1210,115      8             1793,8 
 1210,115      8             1796,979 
 1210,115      8             1800,315 
 1210,115      8             1803,634 
 1210,115      8             1807,063 
 1210,115      8             1810,539 
 1210,115      8             1813,843 
 1210,115      8             1817,147 
 1210,115      8             1820,639 
 1210,115      8             1824,021 
 1210,115      8             1827,715 
 1210,115      8             1831,331 
 1210,115      8             1834,791 
 1210,115      8             1838,375 
 1210,115      8             1841,82 
 1210,115      8             1845,015 
 1210,115      8             1848,459 
 1210,115      8             1851,779 
 1210,115      8             1855,317 
 1210,115      8             1858,653 
 1210,115      8             1861,957 
 1210,115      8             1865,168 
 1210,115      8             1868,628 
 1210,115      8             1871,714 
 1210,115      8             1875,002 
 1210,115      8             1878,338 
 1210,115      8             1882,016 
 1210,115      8             1885,445 
 1210,115      8             1888,546 
 1210,115      8             1891,975 
 1210,115      8             1895,17 
 1210,115      8             1898,366 
 1210,115      8             1901,779 
 1210,115      8             1905,099 
 1210,115      8             1908,294 
 1210,115      8             1911,738 
 1210,115      8             1915,058 
 1210,115      8             1918,362 
 1210,115      8             1921,791 
 1210,115      8             1925,641 
 1210,115      8             1928,836 
 1210,115      8             1932,265 
 1210,115      8             1935,709 
 1210,115      8             1939,154 
 1210,115      8             1942,583 
 1210,115      8             1945,887 
 1210,115      8             1949,316 
 1210,115      8             1952,527 
 1210,115      8             1955,94 
 1210,115      8             1959,384 
 1210,115      8             1962,579 
 1203,817      8             1965,915 
 1203,817      8             1969,219 
 1203,817      8             1972,445 
 1203,817      8             1975,874 
 1203,817      8             1979,319 
 1203,817      8             1982,654 
 1203,817      8             1986,208 
 1203,817      8             1989,294 
 1203,817      8             1992,473 
 1203,817      8             1995,668 
 1203,817      8             1998,879 
 1203,817      8             2002,448 
 1203,817      8             2005,628 
 1203,817      8             2008,916 
 1203,817      8             2012,392 
 1203,817      8             2015,649 
 1203,817      8             2018,922 
 1203,817      8             2022,351 
 1203,817      8             2025,546 
 1203,817      8             2029,225 
 1203,817      8             2032,435 
 1203,817      8             2035,755 
 1203,817      8             2039,184 
 1203,817      8             2042,27 
 1203,817      8             2045,574 
 1203,817      8             2048,894 
 1203,817      8             2052,323 
 1203,817      8             2056,001 
 1203,817      8             2059,43 
 1203,817      8             2062,766 
 1203,817      8             2065,961 
 1203,817      8             2069,14 
 1203,817      8             2072,226 
 1203,817      8             2075,406 
 1203,817      8             2078,601 
 1203,817      8             2081,781 
 1203,817      8             2084,867 
 1203,817      8             2088,077 
 1203,817      8             2091,428 
 1203,817      8             2094,873 
 1203,817      8             2098,068 
 1203,817      8             2101,232 
 1203,817      8             2104,583 
 1203,817      8             2107,887 
 1203,817      8             2111,129 
 1203,817      8             2114,667 
 1203,817      8             2118,112 
 1203,817      8             2121,587 
 1203,817      8             2124,658 
 1203,817      8             2127,931 
 1203,817      8             2131,219 
 1203,817      8             2134,539 
 1203,817      8             2137,781 
 1203,817      8             2141,132 
 1203,817      8             2144,452 
 1203,817      8             2147,538 
 1203,817      8             2150,842 
 1203,817      8             2154,053 
 1203,817      8             2157,217 
 1203,817      8             2160,677 
 1203,817      8             2163,872 
 1203,817      8             2167,192 
 1203,817      8             2170,512 
 1203,817      8             2173,582 
 1203,817      8             2176,902 
 1203,817      8             2179,988 
 1203,817      8             2183,152 
 1203,817      8             2186,347 
 1203,817      8             2189,683 
 1203,817      8             2192,753 
 1203,817      8             2196,057 
 1203,817      8             2199,252 
 1203,817      8             2202,572 
 1203,817      8             2205,892 
 1203,817      8             2209,196 
 1203,817      8             2212,376 
 1203,817      8             2215,446 
 1203,817      8             2218,532 
 1203,817      8             2221,727 
 1203,817      8             2224,907 
 1203,817      8             2228,336 
 1203,817      8             2231,422 
 1203,817      8             2234,726 
 1203,817      8             2237,952 
 1203,817      8             2241,132 
 1203,817      8             2244,218 
 1203,817      8             2247,288 
 1203,817      8             2250,593 
 1203,817      8             2253,803 
 1203,817      8             2256,983 
 1203,817      8             2260,537 
 1203,817      8             2263,747 
 1203,817      8             2266,942 
 1203,817      8             2270,418 
 1203,817      8             2274,174 
 1203,817      8             2277,51 
 1203,817      8             2280,767 
 1203,817      8             2284,118 
 1203,817      8             2287,921 
 1203,817      8             2291,116 
 1203,817      8             2294,841 
 1203,817      8             2298,036 
 1203,817      8             2301,216 
 1203,817      8             2304,411 
 1203,817      8             2307,669 
 1203,817      8             2310,848 
 1203,817      8             2314,152 
 1194,322      8             2317,347 
 1194,322      8             2320,558 
 1194,322      8             2323,738 
 1194,322      8             2326,808 
 1194,322      8             2330,253 
 1194,322      8             2333,557 
 1194,322      8             2336,736 
 1194,322      8             2340,056 
 1194,322      8             2343,251 
 1194,322      8             2346,696 
 1194,322      8             2349,891 
 1194,322      8             2353,195 
 1194,322      8             2356,39 
 1194,322      8             2359,461 
 1194,322      8             2362,905 
 1194,322      8             2366,21 
 1194,322      8             2369,405 
 1194,322      8             2372,584 
 1194,322      8             2375,779 
 1194,322      8             2378,99 
 1194,322      8             2382,185 
 1194,322      8             2385,24 
 1194,322      8             2388,435 
 1194,322      8             2391,646 
 1194,322      8             2394,841 
 1194,322      8             2398,13 
 1194,322      8             2401,465 
 1194,322      8             2404,878 
 1194,322      8             2408,401 
 1194,322      8             2411,549 
 1194,322      8             2415,196 
 1194,322      8             2418,579 
 1194,322      8             2421,883 
 1194,322      8             2424,953 
 1194,322      8             2428,226 
 1194,322      8             2431,484 
 1194,322      8             2434,975 
 1194,322      8             2438,295 
 1194,322      8             2441,506 
 1194,322      8             2444,81 
 1194,322      8             2448,005 
 1194,322      8             2451,325 
 1194,322      8             2454,785 
 1194,322      8             2457,996 
 1194,322      8             2461,237 
 1194,322      8             2464,573 
 1194,322      8             2467,815 
 1194,322      8             2471,15 
 1194,322      8             2474,345 
 1194,322      8             2477,54 
 1194,322      8             2480,845 
 1194,322      8             2484,055 
 1194,322      8             2487,235 
 1194,322      8             2490,43 
 1194,322      8             2493,625 
 1194,322      8             2497,288 
 1194,322      8             2500,608 
 1194,322      8             2503,927 
 1194,322      8             2507,014 
 1194,322      8             2510,193 
 1194,322      8             2513,653 
 1194,322      8             2516,833 
 1194,322      8             2519,919 
 1194,322      8             2523,239 
 1194,322      8             2526,558 
 1194,322      8             2529,753 
 1194,322      8             2533,073 
 1193,376      8             2536,144 
 1193,376      8             2539,448 
 1193,376      8             2542,659 
 1193,376      8             2545,838 
 1193,376      8             2548,924 
 1193,376      8             2552,088 
 1193,376      8             2555,283 
 1193,376      8             2558,619 
 1193,376      8             2561,923 
 1193,376      8             2565,243 
 1193,376      8             2568,329 
 1193,376      8             2571,633 
 1193,376      8             2574,922 
 1193,376      8             2578,351 
 1193,376      8             2581,53 
 1193,376      8             2584,756 
 1193,376      8             2588,045 
 1193,376      8             2591,287 
 1193,376      8             2594,685 
 1193,376      8             2598,347 
 1193,376      8             2601,714 
 1193,376      8             2605,19 
 1193,376      8             2608,354 
 1193,376      8             2611,689 
 1193,376      8             2615,102 
 1193,376      8             2618,313 
 1193,376      8             2621,633 
 1193,376      8             2624,937 
 1193,376      8             2628,366 
 1193,376      8             2631,561 
 1193,376      8             2634,647 
 1193,376      8             2638,061 
 1193,376      8             2641,147 
 1193,376      8             2644,451 
 1193,376      8             2647,521 
 1193,376      8             2650,716 
 1193,376      8             2654,145 
 1193,376      8             2657,34 
 1193,376      8             2660,427 
 1193,376      8             2663,606 
 1193,376      8             2666,91 
 1193,376      8             2670,105 
 1193,376      8             2673,301 
 1193,376      8             2676,62 
 1193,376      8             2679,815 
 1193,376      8             2683,026 
 1193,376      8             2686,33 
 1193,376      8             2689,416 
 1193,376      8             2692,721 
 1193,376      8             2696,041 
 1193,376      8             2699,236 
 1193,376      8             2702,571 
 1193,376      8             2705,641 
 1193,376      8             2708,696 
 1193,376      8             2711,891 
 1193,376      8             2715,242 
 1193,376      8             2718,422 
 1193,376      8             2721,648 
 1193,376      8             2724,828 
 1193,376      8             2728,023 
 1193,376      8             2731,327 
 1193,376      8             2734,6 
 1193,376      8             2737,78 
 1193,376      8             2741,131 
 1193,376      8             2744,451 
 1193,376      8             2747,755 
 1193,376      8             2750,95 
 1193,376      8             2754,254 
 1193,376      8             2757,325 
 1193,376      8             2760,769 
 1193,376      8             2763,84 
 1193,376      8             2767,175 
 1193,376      8             2770,355 
 1193,376      8             2773,534 
 1193,376      8             2776,854 
 1193,376      8             2779,831 
 1193,376      8             2782,886 
 1193,376      8             2786,096 
 1193,376      8             2789,276 
 1193,376      8             2792,689 
 1193,376      8             2795,9 
 1193,376      8             2799,111 
 1193,376      8             2802,431 
 1193,376      8             2805,61 
 1193,376      8             2808,805 
 1193,376      8             2812 
 1193,376      8             2815,071 
 1193,376      8             2818,391 
 1193,376      8             2821,57 
 1193,376      8             2824,765 
 1193,376      8             2827,945 
 1193,376      8             2831,156 
 1193,376      8             2834,569 
 1193,376      8             2837,889 
 1193,376      8             2841,099 
 1193,376      8             2844,419 
 1193,376      8             2847,614 
 1193,376      8             2850,81 
 1193,376      8             2854,005 
 1193,376      8             2857,215 
 1193,376      8             2860,52 
 1193,376      8             2863,715 
 1193,376      8             2867,035 
 1193,376      8             2870,214 
 1193,376      8             2873,549 
 1193,376      8             2876,994 
 1193,376      8             2880,189 
 1193,376      8             2883,493 
 1193,376      8             2886,844 
 1193,376      8             2890,055 
 1193,376      8             2893,188 
 1193,376      8             2896,523 
 1193,376      8             2899,859 
 1193,376      8             2903,506 
 1193,376      8             2906,779 
 1193,376      8             2909,849 
 1193,376      8             2913,263 
 1193,376      8             2916,349 
 1193,376      8             2919,902 
 1193,376      8             2923,222 
 1193,376      8             2926,293 
 1193,376      8             2929,737 
 1193,376      8             2932,917 
 1193,376      8             2936,47 
 1193,376      8             2939,681 
 1193,376      8             2942,876 
 1193,376      8             2946,289 
 1193,376      8             2949,609 
 1193,376      8             2952,945 
 1193,376      8             2956,109 
 1193,376      8             2959,553 
 1193,376      8             2962,873 
 1193,376      8             2965,959 
 1193,376      8             2969,388 
 1193,376      8             2972,443 
 1193,376      8             2975,638 
 1193,376      8             2978,848 
 1193,376      8             2982,028 
 1193,376      8             2985,208 
 1193,376      8             2988,403 
 1193,376      8             2991,707 
 1193,376      8             2995,011 
 1193,376      8             2998,596 
 1193,376      8             3001,775 
 1193,376      8             3004,877 
 1193,376      8             3008,166 
 1193,376      8             3011,252 
 1193,376      8             3014,322 
 1193,376      8             3017,517 
 1193,376      8             3020,822 
 1193,376      8             3024,048 
 1193,376      8             3027,477 
 1193,376      8             3030,547 
 1193,376      8             3033,961 
 1193,376      8             3037,156 
 1193,376      8             3040,351 
 1193,376      8             3043,546 
 1193,376      8             3046,585 
 1193,376      8             3049,063 
 1193,376      8             3051,651 
 1193,376      8             3054,035 
 1193,376      8             3056,591 
 1193,376      8             3058,976 
 1193,376      8             3061,376 
 1193,376      8             3063,979 
 1193,376      8             3066,286 
 1193,376      8             3068,686 
 1193,376      8             3071,18 
 1193,376      8             3073,565 
 1193,376      8             3075,965 
 1193,376      8             3078,365 
 1193,376      8             3080,859 
 1193,376      8             3083,337 
 1193,376      8             3085,659 
 1193,376      8             3088,028 
 1193,376      8             3090,351 
 1193,376      8             3092,813 
 1193,376      8             3095,229 
 1193,376      8             3097,614 
 1193,376      8             3100,014 
 1193,376      8             3102,321 
 1193,376      8             3104,783 
 1193,376      8             3107,184 
 1193,376      8             3109,599 
 1193,376      8             3111,984 
 1193,376      8             3114,306 
 1193,376      8             3116,769 
 1193,376      8             3119,091 
 1193,376      8             3121,476 
 1193,376      8             3123,783 
 1193,376      8             3126,354 
 1193,376      8             3128,755 
 1193,376      8             3131,155 
 1193,376      8             3133,555 
 1193,376      8             3135,924 
 1193,376      8             3138,247 
 1193,376      8             3140,647 
 1193,376      8             3143,063 
 1193,376      8             3145,619 
 1193,376      8             3148,112 
 1193,376      8             3150,575 
 1193,376      8             3153,318 
 1193,376      8             3155,796 
 1193,376      8             3158,197 
 1193,376      8             3160,799 
 1193,376      8             3163,402 
 1193,376      8             3165,771 
 1193,376      8             3168,421 
 1193,376      8             3171,055 
 1193,376      8             3173,596 
 1193,376      8             3175,949 
 1193,376      8             3178,427 
 1193,376      8             3181,092 
 1193,376      8             3183,68 
 1193,376      8             3186,111 
 1193,376      8             3188,418 
 1193,376      8             3190,88 
 1193,376      8             3193,296 
 1193,376      8             3195,759 
 1193,376      8             3198,44 
 1193,376      8             3200,746 
 1193,376      8             3203,24 
 1193,376      8             3205,796 
 1193,376      8             3208,306 
 1193,376      8             3210,706 
 1193,376      8             3213,106 
 1193,376      8             3215,569 
 1193,376      8             3218 
 1193,376      8             3220,494 
 1193,376      8             3223,221 
 1193,376      8             3225,715 
 1193,376      8             3228,162 
 1193,376      8             3230,625 
 1193,376      8             3233,118 
 1193,376      8             3235,503 
 1193,376      8             3237,919 
 1193,376      8             3240,506 
 1193,376      8             3242,922 
 1193,376      8             3245,229 
 1193,376      8             3247,707 
 1193,376      8             3250,154 
 1193,376      8             3252,461 
 1193,376      8             3255,064 
 1193,376      8             3257,355 
 1193,376      8             3259,739 
 1193,376      8             3262,171 
 1193,376      8             3264,478 
 1193,376      8             3266,971 
 1193,376      8             3269,481 
 1193,376      8             3271,803 
 1193,376      8             3274,359 
 1193,376      8             3276,837 
 1193,376      8             3279,269 
 1193,376      8             3281,591 
 1193,376      8             3283,991 
 1193,376      8             3286,469 
 1193,376      8             3288,87 
 1193,376      8             3291,504 
 1193,376      8             3293,997 
 1193,376      8             3296,366 
 1193,376      8             3298,782 
 1193,376      8             3301,276 
 1193,376      8             3303,676 
 1193,376      8             3306,108 
 1193,376      8             3308,664 
 1193,376      8             3310,986 
 1193,376      8             3313,464 
 1193,376      8             3315,943 
 1193,376      8             3318,343 
 1193,376      8             3320,743 
 1193,376      8             3323,143 
 1193,376      8             3325,824 
 1193,376      8             3328,302 
 1193,376      8             3330,718 
 1193,376      8             3333,243 
 1193,376      8             3335,846 
 1193,376      8             3338,246 
 1193,376      8             3340,787 
 1193,376      8             3343,358 
 1193,376      8             3345,868 
 1193,376      8             3348,19 
 1193,376      8             3350,746 
 1193,376      8             3353,349 
 1193,376      8             3355,983 
 1193,376      8             3358,477 
 1193,376      8             3360,97 
 1193,376      8             3363,573 
 1193,376      8             3366,114 
 1193,376      8             3368,654 
 1193,376      8             3371,522 
 1193,376      8             3374,561 
 1193,376      8             3377,04 
 1193,376      8             3379,471 
 1193,376      8             3381,871 
 1193,376      8             3384,256 
 1193,376      8             3386,578 
 1193,376      8             3389,056 
 1193,376      8             3391,597 
 1193,376      8             3394,231 
 1193,376      8             3396,927 
 1193,376      8             3399,437 
 1193,376      8             3401,853 
 1193,376      8             3404,596 
 1193,376      8             3406,98 
 1193,376      8             3409,412 
 1193,376      8             3411,828 
 1193,376      8             3414,415 
 1193,376      8             3417,205 
 1193,376      8             3419,527 
 1193,376      8             3422,114 
 1193,376      8             3424,733 
 1193,376      8             3427,117 
 1193,376      8             3429,518 
 1193,376      8             3431,84 
 1193,376      8             3434,303 
 1193,376      8             3436,874 
 1193,376      8             3439,181 
 1193,376      8             3441,675 
 1193,376      8             3444,184 
 1193,376      8             3446,756 
 1193,376      8             3449,265 
 1193,376      8             3452,071 
 1193,376      8             3454,564 
 1193,376      8             3456,965 
 1193,376      8             3459,38 
 1193,376      8             3461,765 
 1193,376      8             3464,243 
 1193,376      8             3466,644 
 1193,376      8             3469,075 
 1193,376      8             3471,584 
 1193,376      8             3474,109 
 1193,376      8             3476,821 
 1193,376      8             3479,315 
 1193,376      8             3481,809 
 1193,376      8             3484,396 
 1193,376      8             3486,999 
 1193,376      8             3489,446 
 1193,376      8             3491,908 
 1193,376      8             3494,449 
 1193,376      8             3496,943 
 1193,376      8             3500,59 
 1193,376      8             3504,081 
 1193,376      8             3507,619 
 1193,376      8             3511,079 
 1193,376      8             3514,415 
 1193,376      8             3517,906 
 1193,376      8             3521,288 
 1193,376      8             3524,655 
 1193,376      8             3528,006 
 1193,376      8             3531,31 
 1193,376      8             3534,38 
 1193,376      8             3537,591 
 1193,376      8             3540,771 
 1193,376      8             3544,199 
 1193,376      8             3547,285 
 1193,376      8             3550,59 
 1193,376      8             3553,785 
 1193,376      8             3556,855 
 1193,376      8             3560,035 
 1193,376      8             3563,355 
 1193,376      8             3566,534 
 1193,376      8             3569,745 
 1193,376      8             3572,94 
 1193,376      8             3576,244 
 1193,376      8             3579,439 
 1193,376      8             3582,635 
 1193,376      8             3585,83 
 1193,376      8             3589,009 
 1193,376      8             3592,345 
 1193,376      8             3595,509 
 1193,376      8             3598,828 
 1193,376      8             3602,164 
 1193,376      8             3605,375 
 1193,376      8             3608,913 
 1193,376      8             3612,123 
 1193,376      8             3615,318 
 1193,376      8             3618,623 
 1193,376      8             3621,942 
 1193,376      8             3625,028 
 1193,376      8             3628,333 
 1193,376      8             3631,543 
 1193,376      8             3634,629 
 1193,376      8             3637,825 
 1193,376      8             3641,113 
 1193,376      8             3644,558 
 1193,376      8             3648,033 
 1193,376      8             3651,369 
 1193,376      8             3654,689 
 1193,376      8             3658,04 
 1193,376      8             3661,172 
 1193,376      8             3664,555 
 1193,376      8             3668,046 
 1193,376      8             3671,631 
 1193,376      8             3675,122 
 1193,376      8             3678,598 
 1193,376      8             3682,058 
 1193,376      8             3685,362 
 1193,376      8             3688,791 
 1193,376      8             3692,002 
 1193,376      8             3695,197 
 1193,376      8             3698,236 
 1193,376      8             3701,447 
 1193,376      8             3704,766 
 1193,376      8             3707,837 
 1193,376      8             3711,266 
 1193,376      8             3714,57 
 1193,376      8             3717,781 
 1193,376      8             3721,085 
 1193,376      8             3724,28 
 1193,376      8             3727,584 
 1193,376      8             3730,67 
 1193,376      8             3733,866 
 1193,376      8             3737,061 
 1193,376      8             3740,225 
 1193,376      8             3743,685 
 1193,376      8             3746,911 
 1193,376      8             3749,981 
 1193,376      8             3753,769 
 1193,376      8             3757,182 
 1193,376      8             3760,767 
 1193,376      8             3763,993 
 1193,376      8             3767,235 
 1193,376      8             3770,711 
 1193,376      8             3773,968 
 1193,376      8             3777,039 
 1193,376      8             3780,608 
 1193,376      8             3784,052 
 1193,376      8             3787,279 
 1193,376      8             3790,723 
 1193,376      8             3794,027 
 1193,376      8             3797,223 
 1193,376      8             3800,589 
 1193,376      8             3804,252 
 1193,376      8             3807,447 
 1193,376      8             3810,658 
 1193,376      8             3813,837 
 1193,376      8             3817,048 
 1193,376      8             3820,383 
 1193,376      8             3823,563 
 1193,376      8             3826,914 
 1193,376      8             3830,514 
 1193,376      8             3833,787 
 1193,376      8             3837,092 
 1193,376      8             3840,443 
 1193,376      8             3843,7 
 1193,376      8             3846,895 
 1193,376      8             3850,09 
 1193,376      8             3853,395 
 1193,376      8             3856,605 
 1193,376      8             3859,909 
 1193,376      8             3863,089 
 1193,376      8             3866,175 
 1193,376      8             3869,37 
 1193,376      8             3872,55 
 1193,376      8             3875,854 
 1193,376      8             3878,94 
 1193,376      8             3882,26 
 1193,376      8             3885,595 
 1193,376      8             3888,868 
 1193,376      8             3892,173 
 1193,376      8             3895,461 
 1193,376      8             3898,75 
 1193,376      8             3901,945 
 1193,376      8             3905,156 
 1193,376      8             3908,366 
 1193,376      8             3912,06 
 1193,376      8             3915,52 
 1193,376      8             3918,825 
 1193,376      8             3922,176 
 1193,376      8             3925,573 
 1193,376      8             3928,878 
 1193,376      8             3932,727 
 1193,376      8             3935,938 
 1193,376      8             3939,367 
 1193,376      8             3942,796 
 1193,376      8             3945,788 
 1193,376      8             3949,576 
 1193,376      8             3952,896 
 1193,376      8             3956,402 
 1193,376      8             3959,785 
 1193,376      8             3963,338 
 1193,376      8             3966,674 
 1193,376      8             3970,04 
 1193,376      8             3973,251 
 1193,376      8             3976,477 
 1193,376      8             3979,75 
 1193,376      8             3983,101 
 1193,376      8             3986,421 
 1193,376      8             3989,632 
 1193,376      8             3993,045 
 1193,376      8             3996,536 
 1193,376      8             3999,763 
 1193,376      8             4003,176 
 1193,376      8             4006,418 
 1193,376      8             4009,597 
 1193,376      8             4012,855 
 1193,376      8             4016,253 
 1193,376      8             4019,37 
 1193,376      8             4022,549 
 1193,376      8             4025,76 
 1193,376      8             4028,831 
 1193,376      8             4032,369 
 1193,376      8             4035,735 
 1193,376      8             4038,884 
 1193,376      8             4042,266 
 1193,376      8             4045,414 
 1193,376      8             4048,625 
 1193,376      8             4051,851 
 1193,376      8             4055,685 
 1193,376      8             4059,41 
 1193,376      8             4062,995 
 1193,376      8             4066,502 
 1193,376      8             4069,978 
 1193,376      8             4073,297 
 1193,376      8             4076,539 
 1193,376      8             4079,875 
 1193,376      8             4083,35 
 1193,376      8             4086,39 
 1193,376      8             4089,897 
 1193,376      8             4093,185 
 1193,376      8             4096,256 
 1193,376      8             4099,497 
 1193,376      8             4102,926 
 1193,376      8             4106,262 
 1193,376      8             4109,722 
 1193,376      8             4112,933 
 1193,376      8             4116,408 
 1193,376      8             4119,603 
 1193,376      8             4122,939 
 1193,376      8             4126,196 
 1193,376      8             4129,734 
 1193,376      8             4133,07 
 1193,376      8             4136,249 
 1193,376      8             4139,725 
 1193,376      8             4143,216 
 1193,376      8             4146,598 
 1193,376      8             4150,152 
 1193,376      8             4153,643 
 1193,376      8             4157,057 
 1193,376      8             4160,501 
 1193,376      8             4163,743 
 1193,376      8             4167,032 
 1193,376      8             4170,445 
 1193,376      8             4174,123 
 1193,376      8             4177,443 
 1193,376      8             4181,059 
 1193,376      8             4184,956 
 1193,376      8             4188,369 
 1193,376      8             4191,86 
 1193,376      8             4195,18 
 1193,376      8             4198,593 
 1193,376      8             4202,085 
 1193,376      8             4205,778 
 1193,376      8             4208,958 
 1193,376      8             4212,184 
 1193,376      8             4215,644 
 1193,376      8             4219,182 
 1193,376      8             4222,393 
 1193,376      8             4225,448 
 1193,376      8             4228,659 
 1193,376      8             4231,978 
 1193,376      8             4235,407 
 1193,376      8             4238,493 
 1193,376      8             4242,063 
 1193,376      8             4245,273 
 1193,376      8             4248,593 
 1193,376      8             4252,053 
 1193,376      8             4255,217 
 1193,376      8             4258,646 
 1193,376      8             4262,137 
 1193,376      8             4265,504 
 1193,376      8             4268,684 
 1193,376      8             4272,112 
 1193,376      8             4275,323 
 1193,376      8             4278,503 
 1193,376      8             4281,713 
 1193,376      8             4284,94 
 1193,376      8             4288,15 
 1193,376      8             4291,423 
 1193,376      8             4294,556 
 1193,376      8             4298,063 
 1193,376      8             4301,274 
 1193,376      8             4304,36 
 1193,376      8             4307,493 
 1193,376      8             4310,672 
 1193,376      8             4314,039 
 1193,376      8             4317,281 
 1193,376      8             4320,741 
 1193,376      8             4323,889 
 1193,376      8             4327,084 
 1193,376      8             4330,404 
 1193,376      8             4334,004 
 1193,376      8             4337,2 
 1193,376      8             4340,628 
 1193,376      8             4343,933 
 1193,376      8             4347,019 
 1193,376      8             4350,214 
 1193,376      8             4353,549 
 1193,376      8             4356,854 
 1193,376      8             4360,158 
 1193,376      8             4363,368 
 1193,376      8             4366,439 
 1193,376      8             4369,868 
 1193,376      8             4373,079 
 1193,376      8             4376,274 
 1193,376      8             4379,469 
 1193,376      8             4382,648 
 1193,376      8             4386,077 
 1193,376      8             4389,163 
 1193,376      8             4392,577 
 1193,376      8             4395,912 
 1193,376      8             4399,107 
 1193,376      8             4402,443 
 1193,376      8             4405,607 
 1193,376      8             4408,817 
 1193,376      8             4412,137 
 1193,376      8             4415,348 
 1193,376      8             4418,527 
 1193,376      8             4421,909 
 1193,376      8             4425,572 
 1193,376      8             4429,017 
 1193,376      8             4431,604 
 1193,376      8             4434,113 
 1193,376      8             4436,591 
 1193,376      8             4439,07 
 1193,376      8             4441,548 
 1193,376      8             4444,12 
 1193,376      8             4446,551 
 1193,376      8             4449,278 
 1193,376      8             4451,741 
 1193,376      8             4454,172 
 1193,376      8             4456,542 
 1193,376      8             4459,176 
 1193,376      8             4461,607 
 1193,376      8             4464,054 
 1193,376      8             4466,485 
 1193,376      8             4468,995 
 1193,376      8             4471,457 
 1193,376      8             4473,858 
 1193,376      8             4476,164 
 1193,376      8             4478,565 
 1193,376      8             4480,435 
 1193,376      8             4482,087 
 1193,376      8             4483,692 
 1193,376      8             4485,282 
 1193,376      8             4486,841 
 1193,376      8             4488,431 
 1193,376      8             4490,083 
 1193,376      8             4491,688 
 1193,376      8             4493,34 
 1193,376      8             4495,101 
 1193,376      8             4496,738 
 1193,376      8             4498,437 
 1193,376      8             4499,995 
 1193,376      8             4501,632 
 1193,376      8             4503,409 
 1193,376      8             4504,952 
 1193,376      8             4506,557 
 1193,376      8             4508,318 
 1193,376      8             4509,924 
 1193,376      8             4511,576 
 1193,376      8             4513,134 
 1193,376      8             4514,771 
 1193,376      8             4516,516 
 1193,376      8             4518,324 
 1193,376      8             4519,992 
 1193,376      8             4521,598 
 1193,376      8             4523,296 
 1193,376      8             4524,98 
 1193,376      8             4526,585 
 1193,376      8             4528,159 
 1193,376      8             4529,655 
 1193,376      8             4531,386 
 1193,376      8             4533,1 
 1193,376      8             4534,69 
 1193,376      8             4536,28 
 1193,376      8             4538,01 
 1193,376      8             4539,599 
 1193,376      8             4543,169 
 1193,376      8             4546,878 
 1193,376      8             4549,387 
 1193,376      8             4552,084 
 1193,376      8             4554,515 
 1193,376      8             4557,056 
 1193,376      8             4559,549 
 1193,376      8             4562,012 
 1193,376      8             4564,412 
 1193,376      8             4566,984 
 1193,376      8             4569,353 
 1193,376      8             4571,847 
 1193,376      8             4574,341 
 1193,376      8             4577,473 
 1193,376      8             4579,874 
 1193,376      8             4582,367 
 1193,376      8             4584,83 
 1193,376      8             4587,386 
 1193,376      8             4589,88 
 1193,376      8             4592,374 
 1193,376      8             4594,758 
 1193,376      8             4597,33 
 1193,376      8             4599,761 
 1193,376      8             4602,239 
 1193,376      8             4604,811 
 1193,376      8             4607,414 
 1193,376      8             4609,799 
 1193,376      8             4612,479 
 1193,376      8             4615,051 
 1193,376      8             4617,545 
 1193,376      8             4619,914 
 1193,376      8             4622,345 
 1193,376      8             4624,824 
 1193,376      8             4627,224 
 1193,376      8             4629,577 
 1193,376      8             4632,149 
 1193,376      8             4634,565 
 1193,376      8             4637,043 
 1193,376      8             4639,693 
 1193,376      8             4642,108 
 1193,376      8             4644,524 
 1193,376      8             4647,049 
 1193,376      8             4649,527 
 1193,376      8             4651,959 
 1193,376      8             4654,546 
 1193,376      8             4657,071 
 1193,376      8             4659,534 
 1193,376      8             4661,981 
 1193,376      8             4664,537 
 1193,376      8             4667,903 
 1193,376      8             4670,444 
 1193,376      8             4672,906 
 1193,376      8             4675,322 
 1193,376      8             4677,676 
 1193,376      8             4680,123 
 1193,376      8             4682,523 
 1193,376      8             4685,001 
 1193,376      8             4687,713 
 1193,376      8             4690,129 
 1193,376      8             4692,545 
 1193,376      8             4695,085 
 1193,376      8             4697,719 
 1193,376      8             4700,104 
 1193,376      8             4702,582 
 1193,376      8             4705,014 
 1193,376      8             4707,679 
 1193,376      8             4710,297 
 1193,376      8             4712,697 
 1193,376      8             4715,347 
 1193,376      8             4717,779 
 1193,376      8             4720,257 
 1193,376      8             4722,735 
 1193,376      8             4725,057 
 1193,376      8             4727,582 
 1193,376      8             4730,076 
 1193,376      8             4732,616 
 1193,376      8             4735,048 
 1193,376      8             4737,542 
 1193,376      8             4740,02 
 1193,376      8             4742,591 
 1193,376      8             4745,163 
 1193,376      8             4747,626 
 1193,376      8             4750,057 
 1193,376      8             4752,411 
 1193,376      8             4754,858 
 1193,376      8             4757,273 
 1193,376      8             4759,736 
 1193,376      8             4762,121 
 1193,376      8             4764,833 
 1193,376      8             4767,389 
 1193,376      8             4769,992 
 1193,376      8             4772,501 
 1193,376      8             4775,104 
 1193,376      8             4777,722 
 1193,376      8             4780,2 
 1193,376      8             4782,663 
 1193,376      8             4785,219 
 1193,376      8             4787,651 
 1193,376      8             4790,144 
 1193,376      8             4792,638 
 1193,376      8             4795,023 
 1193,376      8             4797,423 
 1193,376      8             4799,901 
 1193,376      8             4802,317 
 1193,376      8             4804,889 
 1193,376      8             4807,273 
 1193,376      8             4809,564 
 1193,376      8             4811,965 
 1193,376      8             4814,365 
 1193,376      8             4816,937 
 1193,376      8             4819,43 
 1193,376      8             4821,831 
 1193,376      8             4824,278 
 1193,376      8             4826,865 
 1193,376      8             4829,312 
 1193,376      8             4831,712 
 1193,376      8             4834,112 
 1193,376      8             4836,419 
 1193,376      8             4838,975 
 1193,376      8             4841,36 
 1193,376      8             4843,776 
 1193,376      8             4846,472 
 1193,376      8             4848,872 
 1193,376      8             4851,351 
 1193,376      8             4853,657 
 1193,376      8             4856,151 
 1193,376      8             4858,458 
 1193,376      8             4860,905 
 1193,376      8             4863,367 
 1193,376      8             4865,799 
 1193,376      8             4868,137 
 1193,376      8             4870,771 
 1193,376      8             4873,171 
 1193,376      8             4875,711 
 1193,376      8             4878,143 
 1193,376      8             4880,715 
 1193,376      8             4883,115 
 1193,376      8             4885,764 
 1193,376      8             4888,165 
 1193,376      8             4890,471 
 1193,376      8             4892,872 
 1193,376      8             4895,272 
 1193,376      8             4897,75 
 1193,376      8             4900,166 
 1193,376      8             4902,566 
 1193,376      8             4904,873 
 1193,376      8             4907,258 
 1193,376      8             4909,736 
 1193,376      8             4912,058 
 1193,376      8             4914,427 
 1193,376      8             4916,858 
 1193,376      8             4919,243 
 1193,376      8             4921,659 
 1193,376      8             4924,215 
 1193,376      8             4926,615 
 1193,376      8             4928,875 
 1193,376      8             4931,587 
 1193,376      8             4933,956 
 1193,376      8             4936,45 
 1193,376      8             4938,959 
 1193,376      8             4941,5 
 1193,376      8             4944,165 
 1193,376      8             4946,69 
 1193,376      8             4949,09 
 1193,376      8             4951,506 
 1193,376      8             4953,922 
 1193,376      8             4956,213 
 1193,376      8             4958,8 
 1193,376      8             4961,294 
 1193,376      8             4963,897 
 1193,376      8             4966,095 
 1193,376      8             4968,62 
 1193,376      8             4971,113 
 1193,376      8             4973,607 
 1193,376      8             4976,085 
 1193,376      8             4978,454 
 1193,376      8             4981,104 
 1193,376      8             4983,52 
 1193,376      8             4986,107 
 1193,376      8             4988,601 
 1193,376      8             4991,032 
 1193,376      8             4993,666 
 1193,376      8             4996,098 
 1193,376      8             4998,794 
 1193,376      8             5001,101 
 1193,376      8             5003,657 
 1193,376      8             5006,073 
 1193,376      8             5008,598 
 1193,376      8             5011,029 
 1193,376      8             5013,538 
 1193,376      8             5016,219 
 1193,376      8             5018,619 
 1193,376      8             5021,129 
 1193,376      8             5023,513 
 1193,376      8             5026,101 
 1193,376      8             5028,439 
 1193,376      8             5031,01 
 1193,376      8             5033,457 
 1193,376      8             5035,842 
 1193,376      8             5038,336 
 1193,376      8             5040,985 
 1193,376      8             5043,573 
 1193,376      8             5046,082 
 1193,376      8             5048,669 
 1193,376      8             5051,101 
 1193,376      8             5053,766 
 1193,376      8             5056,166 
 1193,376      8             5058,753 
 1193,376      8             5061,341 
 1193,376      8             5063,647 
 1193,376      8             5066,032 
 1193,376      8             5068,464 
 1193,376      8             5071,035 
 1193,376      8             5073,404 
 1193,376      8             5076,023 
 1193,376      8             5078,657 
 1193,376      8             5081,073 
 1193,376      8             5083,94 
 1193,376      8             5086,341 
 1193,376      8             5088,881 
 1193,376      8             5091,157 
 1193,376      8             5093,682 
 1193,376      8             5096,222 
 1193,376      8             5098,887 
 1193,376      8             5101,303 
 1193,376      8             5103,766 
 1193,376      8             5106,275 
 1193,376      8             5109,003 
 1193,376      8             5111,372 
 1193,376      8             5113,834 
 1193,376      8             5116,422 
 1193,376      8             5118,915 
 1193,376      8             5121,518 
 1193,376      8             5123,965 
 1193,376      8             5126,553 
 1193,376      8             5129,077 
 1193,376      8             5131,493 
 1193,376      8             5133,987 
 1193,376      8             5136,403 
 1193,376      8             5138,741 
 1193,376      8             5141,219 
 1193,376      8             5143,635 
 1193,376      8             5146,347 
 1193,376      8             5148,996 
 1193,376      8             5151,397 
 1193,376      8             5153,875 
 1193,376      8             5156,337 
 1193,376      8             5159,034 
 1193,376      8             5161,512 
 1193,376      8             5163,959 
 1193,376      8             5166,281 
 1193,376      8             5168,884 
 1193,376      8             5171,3 
 1193,376      8             5173,794 
 1193,376      8             5176,194 
 1193,376      8             5178,703 
 1193,376      8             5181,01 
 1193,376      8             5183,504 
 1193,376      8             5185,982 
 1193,376      8             5188,382 
 1193,376      8             5190,782 
 1193,376      8             5193,089 
 1193,376      8             5195,552 
 1193,376      8             5197,968 
 1193,376      8             5200,29 
 1193,376      8             5202,768 
 1193,376      8             5205,184 
 1193,376      8             5207,553 
 1193,376      8             5209,969 
 1193,376      8             5212,369 
 1193,376      8             5214,66 
 1193,376      8             5217,154 
 1193,376      8             5219,617 
 1193,376      8             5222,032 
 1193,376      8             5224,417 
 1193,376      8             5226,895 
 1193,376      8             5229,311 
 1193,376      8             5231,774 
 1193,376      8             5234,189 
 1193,376      8             5236,746 
 1193,376      8             5239,239 
 1193,376      8             5241,967 
 1193,376      8             5244,601 
 1193,376      8             5247,204 
 1193,376      8             5249,62 
 1193,376      8             5252,332 
 1193,376      8             5254,638 
 1193,376      8             5257,226 
 1193,376      8             5259,704 
 1193,376      8             5262,104 
 1193,376      8             5264,567 
 1193,376      8             5266,889 
 1193,376      8             5269,383 
 1193,376      8             5271,767 
 1193,376      8             5274,168 
 1193,376      8             5276,646 
 1193,376      8             5279,139 
 1193,376      8             5281,649 
 1193,376      8             5283,956 
 1193,376      8             5286,434 
 1193,376      8             5288,818 
 1193,376      8             5291,141 
 1193,376      8             5293,681 
 1193,376      8             5296,191 
 1193,376      8             5298,669 
 1193,376      8             5301,318 
 1193,376      8             5303,828 
 1193,376      8             5306,306 
 1193,376      8             5308,94 
 1193,376      8             5311,418 
 1193,376      8             5313,865 
 1193,376      8             5316,343 
 1193,376      8             5318,759 
 1193,376      8             5321,222 
 1193,376      8             5323,638 
 1193,376      8             5325,944 
 1193,376      8             5328,329 
 1193,376      8             5330,729 
 1193,376      8             5333,207 
 1193,376      8             5335,685 
 1193,376      8             5338,117 
 1193,376      8             5340,424 
 1193,376      8             5343,011 
