Costo de la solución:
 1234,72637917581 

1   1   148,088	125	0	65	59	93	98	37	92	97	13	0
1   2   134,385	137	0	64	31	27	28	26	21	40	58	53	0
1   3   127,967	179	0	49	47	61	85	91	100	99	96	94	6	0
1   4   115,382	181	0	56	39	67	23	75	41	22	74	72	73	2	0
1   5   130,745	103	0	18	17	38	14	43	15	42	57	87	0
1   6   131,671	106	0	70	11	19	48	36	46	45	7	52	0
1   7   106,91	172	0	33	81	51	9	71	35	34	78	79	3	77	12	0
1   8   118,219	158	0	76	1	30	20	66	32	90	63	10	62	88	0
1   9   111,031	179	0	89	82	8	83	60	5	84	86	44	16	95	0
1   10   110,325	118	0	4	25	55	54	24	29	68	80	50	69	0
1   11   0	0	0	0

Tiempo de ejecución:
 112,187937499999 
