Costo de la solución:
 945,583664742656 

1	1	78,233	131	0	27	13	54	57	15	29	45	4	0
1	2	99,708	128	0	62	22	64	61	28	2	0
1	3	104,792	66	0	25	55	18	24	49	0
1	4	93,549	84	0	71	60	70	20	37	5	0
1	5	85,087	133	0	8	19	59	14	53	35	7	0
1	6	30,857	95	0	34	52	46	67	0
1	7	89,266	100	0	23	56	41	42	43	1	73	0
1	8	85,832	126	0	26	58	72	31	9	39	12	0
1	9	81,714	133	0	10	38	65	66	11	0
1	10	63,405	131	0	17	3	44	50	32	40	0
1	11	0	0	0	0
1	12	52,928	118	0	51	16	63	33	6	68	75	0
1	13	80,206	119	0	74	21	69	36	47	48	30	0

Tiempo de ejecución:
 751,69890625 
