Costo de la solución:
 1401,12041920309 

1	1	120,401	199	0	168	71	119	77	165	170	164	85	134	84	177	78	102	8	176	34	0
1	2	118,751	197	0	151	106	72	118	135	92	148	163	25	56	110	161	97	187	95	0
1	3	43,436	174	0	157	2	66	196	1	191	194	193	61	6	0
1	4	90,953	191	0	105	198	53	197	136	199	43	190	68	113	142	114	156	93	186	112	0
1	5	99,356	200	0	33	158	143	137	89	185	62	116	67	159	0
1	6	92,312	193	0	50	169	129	10	80	131	31	162	75	189	57	12	126	0
1	7	84,151	198	0	51	7	69	108	11	52	38	150	100	81	0
1	8	46,154	151	0	87	4	111	99	179	65	46	175	127	0
1	9	101,278	194	0	48	59	47	155	36	122	166	20	124	154	15	79	45	0
1	10	84,283	192	0	58	27	167	19	133	14	180	132	149	26	0
1	11	87,025	181	0	16	182	49	145	73	146	18	147	181	44	55	3	0
1	12	78,49	198	0	86	22	141	91	42	41	90	115	160	184	192	195	0
1	13	80,722	176	0	125	98	29	153	83	13	123	128	70	178	35	60	0
1	14	75,958	177	0	5	103	88	37	138	174	21	172	139	152	0
1	15	65,223	189	0	54	30	120	171	173	82	121	140	94	64	28	101	0
1	16	72,564	192	0	96	104	23	183	74	144	24	107	63	117	188	0
1	17	60,055	184	0	32	9	109	39	130	40	76	17	0
1	18	0	0	0	0
1	19	0	0	0	0
1	20	0	0	0	0

Tiempo de ejecución:
 658,186937500002 
