Costo de la solución:
 848,69130925106 

1	1	136,823	190	0	68	64	61	72	80	79	77	73	70	71	76	78	81	0
1	2	101,882	200	0	55	54	53	56	58	60	59	57	0
1	3	96,704	200	0	98	96	95	94	92	93	97	100	99	1	0
1	4	100,29	200	0	26	28	30	34	36	39	38	37	35	31	52	49	47	0
1	5	98,693	200	0	13	15	12	14	16	19	18	17	23	0
1	6	60,505	170	0	10	11	9	8	6	2	4	7	3	5	75	0
1	7	61,42	130	0	50	51	48	46	45	44	40	41	42	43	0
1	8	76,069	170	0	91	89	88	85	84	82	83	86	87	90	0
1	9	44,848	160	0	69	66	62	74	63	65	67	0
1	10	71,451	190	0	21	22	25	27	29	33	32	24	20	0
1	11	0	0	0	0
1	12	0	0	0	0

Tiempo de ejecución:
 91,5985937500009 
