Costo de la solución:
 868,014596483987 

1	1	103,279	122	0	37	20	70	60	71	69	36	47	48	0
1	2	31,324	49	0	40	12	0
1	3	96,26	132	0	3	44	50	18	55	25	32	17	0
1	4	94,45	137	0	52	54	59	14	53	35	7	0
1	5	100,755	139	0	73	33	63	23	56	24	49	16	51	0
1	6	87,03	136	0	72	39	9	31	10	58	26	0
1	7	69,397	136	0	27	13	57	15	5	29	45	4	0
1	8	93,945	139	0	62	22	64	42	41	43	1	6	0
1	9	88,297	138	0	38	65	66	11	19	8	0
1	10	76,21	140	0	30	21	61	28	74	2	68	0
1	11	27,061	96	0	67	46	34	75	0
1	12	0	0	0	0

Tiempo de ejecución:
 49,1602812499987 
