Costo de la solución:
 1667,94915143548 

1	1	202,316	104	0	54	57	64	66	63	60	56	103	106	105	0
1	2	193,157	128	0	104	52	53	55	58	62	61	65	59	110	0
1	3	131,082	130	0	75	72	78	80	79	68	98	116	100	99	101	0
1	4	192,335	117	0	40	43	45	51	50	49	46	47	48	42	0
1	5	179,9	98	0	16	19	22	24	33	30	28	32	26	21	0
1	6	190,738	86	0	29	35	36	34	31	27	25	23	20	17	0
1	7	0	0	0	0
1	8	169,739	147	0	109	37	44	41	38	39	115	97	94	96	102	0
1	9	117,619	170	0	85	84	113	5	11	15	14	13	12	8	108	87	0
1	10	44,317	130	0	95	93	114	118	18	90	91	89	92	86	111	82	88	0
1	11	141	145	0	107	73	76	77	74	71	70	69	67	120	119	0
1	12	105,74	120	0	81	2	1	3	4	10	9	7	6	83	117	112	0
1	13	0	0	0	0

Tiempo de ejecución:
 127,870687499999 
