Costo de la solución:
 1233,13318130255 

1	1	213,71	200	0	99	100	52	57	59	65	61	62	64	66	63	60	58	56	68	106	105	0
1	2	64,762	182	0	87	89	90	18	83	113	117	84	112	85	86	111	82	119	120	0
1	3	217,342	200	0	92	91	114	118	108	109	38	42	45	43	40	54	55	53	98	116	95	0
1	4	190,076	197	0	102	101	110	39	48	51	50	49	47	46	44	41	37	115	97	94	96	0
1	5	201,726	197	0	6	7	10	9	8	16	19	25	22	24	27	33	30	31	34	36	35	32	28	23	20	21	0
1	6	206,873	200	0	93	29	26	17	12	13	14	15	11	4	5	3	1	2	81	88	0
1	7	138,64	199	0	104	103	73	76	77	79	80	78	75	72	74	71	70	69	67	107	0
1	8	0	0	0	0

Tiempo de ejecución:
 168,899937499998 
