Iteraciones:   237 

Costo         Vehículos     Tiempo [seg]
 590,284       7             0,265 
 590,284       7             0,453 
 578,551       7             0,594 
 578,551       7             0,765 
 578,551       7             0,922 
 578,551       7             1,047 
 578,551       7             1,172 
 578,551       7             1,297 
 578,551       7             1,422 
 578,551       7             1,562 
 578,551       7             1,687 
 578,551       7             1,828 
 578,551       7             1,953 
 578,551       7             2,062 
 578,551       7             2,187 
 578,551       7             2,328 
 578,551       7             2,469 
 578,551       7             2,594 
 578,551       7             2,719 
 578,551       7             2,859 
 571,363       7             2,984 
 571,363       7             3,109 
 571,363       7             3,25 
 565,595       7             3,406 
 565,595       7             3,547 
 565,595       7             3,672 
 565,595       7             3,797 
 565,595       7             3,938 
 565,595       7             4,078 
 565,595       7             4,203 
 565,595       7             4,328 
 565,595       7             4,438 
 565,595       7             4,578 
 565,595       7             4,703 
 565,595       7             4,828 
 565,595       7             4,953 
 565,595       7             5,078 
 565,595       7             5,219 
 565,14        7             5,344 
 565,14        7             5,469 
 565,14        7             5,594 
 565,14        7             5,719 
 565,14        7             5,828 
 565,14        7             5,953 
 565,14        7             6,078 
 565,14        7             6,203 
 565,14        7             6,328 
 565,14        7             6,453 
 565,14        7             6,578 
 565,14        7             6,719 
 565,14        7             6,844 
 565,14        7             6,969 
 565,14        7             7,094 
 565,14        7             7,219 
 565,14        7             7,344 
 565,14        7             7,469 
 565,14        7             7,61 
 565,14        7             7,719 
 565,14        7             7,844 
 565,14        7             7,969 
 565,14        7             8,094 
 565,14        7             8,219 
 565,14        7             8,328 
 565,14        7             8,453 
 563,135       7             8,578 
 563,135       7             8,703 
 563,135       7             8,828 
 563,135       7             8,953 
 563,135       7             9,078 
 563,135       7             9,203 
 563,135       7             9,328 
 563,135       7             9,453 
 563,135       7             9,579 
 563,135       7             9,704 
 563,135       7             9,829 
 563,135       7             9,969 
 563,135       7             10,11 
 563,135       7             10,235 
 563,135       7             10,36 
 563,135       7             10,485 
 563,135       7             10,61 
 563,135       7             10,75 
 563,135       7             10,875 
 562,018       7             10,985 
 562,018       7             11,125 
 562,018       7             11,25 
 562,018       7             11,391 
 562,018       7             11,516 
 562,018       7             11,641 
 562,018       7             11,766 
 562,018       7             11,907 
 562,018       7             12,032 
 562,018       7             12,172 
 562,018       7             12,297 
 562,018       7             12,454 
 562,018       7             12,579 
 562,018       7             12,688 
 562,018       7             12,813 
 562,018       7             12,938 
 562,018       7             13,063 
 562,018       7             13,188 
 562,018       7             13,329 
 562,018       7             13,454 
 562,018       7             13,579 
 562,018       7             13,719 
 562,018       7             13,844 
 562,018       7             13,954 
 562,018       7             14,079 
 562,018       7             14,204 
 562,018       7             14,329 
 562,018       7             14,454 
 562,018       7             14,579 
 562,018       7             14,704 
 562,018       7             14,829 
 562,018       7             14,954 
 562,018       7             15,094 
 562,018       7             15,219 
 562,018       7             15,344 
 562,018       7             15,454 
 562,018       7             15,579 
 562,018       7             15,719 
 562,018       7             15,844 
 562,018       7             15,969 
 562,018       7             16,095 
 562,018       7             16,22 
 562,018       7             16,345 
 562,018       7             16,47 
 562,018       7             16,595 
 562,018       7             16,72 
 562,018       7             16,845 
 562,018       7             16,97 
 562,018       7             17,095 
 562,018       7             17,22 
 562,018       7             17,36 
 562,018       7             17,485 
 562,018       7             17,61 
 560,96        7             17,72 
 560,96        7             17,845 
 560,96        7             17,97 
 560,96        7             18,11 
 560,96        7             18,235 
 560,96        7             18,345 
 560,96        7             18,485 
 560,96        7             18,61 
 560,96        7             18,735 
 560,96        7             18,845 
 560,96        7             18,97 
 560,96        7             19,11 
 560,96        7             19,235 
 560,96        7             19,36 
 560,96        7             19,501 
 560,96        7             19,642 
 560,96        7             19,782 
 560,96        7             19,907 
 560,96        7             20,032 
 560,96        7             20,173 
 560,96        7             20,298 
 560,96        7             20,423 
 560,96        7             20,548 
 560,96        7             20,673 
 560,96        7             20,798 
 560,96        7             20,923 
 560,96        7             21,048 
 560,96        7             21,173 
 560,96        7             21,282 
 560,96        7             21,407 
 560,96        7             21,532 
 560,96        7             21,657 
 560,96        7             21,782 
 560,96        7             21,907 
 560,96        7             22,032 
 560,96        7             22,157 
 560,96        7             22,282 
 560,96        7             22,407 
 560,96        7             22,532 
 560,96        7             22,657 
 560,96        7             22,798 
 560,96        7             22,923 
 560,96        7             23,048 
 560,96        7             23,189 
 560,96        7             23,298 
 560,96        7             23,423 
 560,96        7             23,564 
 560,96        7             23,689 
 560,96        7             23,798 
 560,96        7             23,939 
 560,96        7             24,079 
 560,96        7             24,204 
 560,96        7             24,314 
 560,96        7             24,454 
 560,96        7             24,579 
 560,96        7             24,704 
 560,96        7             24,829 
 560,96        7             24,954 
 560,96        7             25,079 
 560,96        7             25,204 
 560,96        7             25,329 
 560,96        7             25,454 
 560,96        7             25,579 
 560,96        7             25,704 
 560,96        7             25,845 
 560,96        7             25,97 
 560,96        7             26,079 
 560,96        7             26,22 
 560,96        7             26,345 
 560,96        7             26,47 
 560,96        7             26,595 
 560,96        7             26,72 
 560,96        7             26,861 
 560,96        7             27,001 
 560,96        7             27,111 
 560,96        7             27,236 
 560,96        7             27,376 
 560,96        7             27,501 
 560,96        7             27,642 
 560,96        7             27,767 
 560,96        7             27,892 
 560,96        7             28,017 
 560,96        7             28,142 
 560,96        7             28,283 
 560,96        7             28,392 
 560,96        7             28,533 
 560,96        7             28,658 
 560,96        7             28,783 
 560,96        7             28,908 
 560,96        7             29,033 
 560,96        7             29,158 
 560,96        7             29,283 
 560,96        7             29,408 
 560,96        7             29,533 
 560,96        7             29,658 
 560,96        7             29,783 
 560,96        7             29,923 
 560,96        7             30,048 
 560,96        7             30,205 
 560,96        7             30,345 
 560,96        7             30,47 
