Costo de la solución:
 939,363529918422 

1	1	93,549	84	0	71	60	70	20	37	5	0
1	2	93,676	111	0	22	64	42	41	43	33	0
1	3	86,589	131	0	17	32	55	25	9	40	0
1	4	86,389	130	0	7	35	14	59	19	8	52	0
1	5	92,621	102	0	48	47	36	69	61	21	0
1	6	81,369	98	0	6	73	1	56	23	63	51	0
1	7	81,686	123	0	26	58	10	31	39	72	12	0
1	8	77,157	129	0	53	11	66	65	38	0
1	9	87,506	114	0	3	44	50	18	24	49	16	0
1	10	78,233	131	0	27	13	54	57	15	29	45	4	0
1	11	23,621	76	0	67	46	34	0
1	12	56,961	135	0	68	2	62	28	74	30	75	0
1	13	0	0	0	0

Tiempo de ejecución:
 49,2219374999986 
