Costo de la solución:
 1073,94823933862 

1	1	116,208	199	0	2	83	131	35	85	36	115	121	116	28	70	22	51	0
1	2	114,148	198	0	102	6	57	23	7	114	99	43	86	97	98	132	0
1	3	97,691	197	0	103	90	10	54	39	89	117	75	105	30	104	49	76	0
1	4	96,164	198	0	17	142	148	87	150	19	64	88	40	94	41	66	111	4	149	146	0
1	5	88,5	188	0	126	127	53	129	29	128	84	20	59	3	101	100	11	0
1	6	88,65	200	0	52	15	45	91	72	33	73	106	125	124	122	123	71	5	0
1	7	81,297	188	0	56	55	134	67	13	136	141	135	143	109	0
1	8	76,722	190	0	77	32	119	1	120	80	31	82	140	8	60	81	27	46	0
1	9	84,316	191	0	108	63	37	137	44	107	65	93	42	92	147	145	144	0
1	10	119,446	199	0	138	48	112	26	113	61	69	24	96	58	14	95	25	133	68	0
1	11	72,683	174	0	38	62	9	34	74	79	21	50	130	118	16	78	0
1	12	38,117	113	0	12	47	18	110	139	0
1	13	0	0	0	0
1	14	0	0	0	0

Tiempo de ejecución:
 108,324906250004 
