Costo de la solución:
 857,441552062964 

1	1	107,673	133	0	74	47	36	69	71	60	70	20	37	45	0
1	2	94,631	136	0	73	1	43	41	42	64	22	62	68	0
1	3	96,745	138	0	39	9	25	55	18	50	44	17	0
1	4	81,356	138	0	7	35	14	59	19	8	46	0
1	5	92,689	140	0	6	33	63	23	56	24	49	16	0
1	6	82,106	137	0	12	72	31	10	58	26	67	0
1	7	77,157	129	0	53	11	66	65	38	0
1	8	75,623	140	0	30	48	21	61	28	2	0
1	9	64,384	134	0	40	32	3	51	75	4	0
1	10	85,07	139	0	29	5	15	57	54	13	27	52	34	0
1	11	0	0	0	0
1	12	0	0	0	0

Tiempo de ejecución:
 17,4130625000034 
