Costo de la solución:
 1610,99620568559 

1	1	204,955	135	0	59	65	61	62	64	66	63	60	58	53	0
1	2	198,505	107	0	69	70	78	79	80	56	55	57	54	52	0
1	3	189,883	122	0	51	50	49	47	46	44	41	37	109	114	0
1	4	180,457	102	0	16	22	24	27	30	33	34	31	25	19	0
1	5	52,656	140	0	95	101	99	100	110	115	97	94	92	87	86	111	88	0
1	6	-0,001	0	0	0
1	7	187,056	82	0	21	26	29	36	35	32	28	23	20	17	0
1	8	196,275	130	0	38	39	42	48	45	43	40	68	98	116	0
1	9	110,289	141	0	90	18	118	108	6	5	4	3	1	2	81	119	0
1	10	52,277	113	0	82	112	84	85	89	91	93	96	102	106	105	120	0
1	11	121,31	149	0	107	67	71	74	75	72	77	76	73	103	104	0
1	12	117,327	154	0	8	12	13	14	15	11	10	9	7	83	113	117	0
1	13	0	0	0	0

Tiempo de ejecución:
 1809,19165625 
