Costo de la solución:
 1195,86918169349 

1	1	213,629	199	0	100	53	55	58	56	60	63	66	64	62	61	65	59	57	54	52	0
1	2	194,262	198	0	92	91	109	37	41	44	46	49	50	51	48	47	42	39	38	110	101	0
1	3	202,344	200	0	21	20	26	28	31	35	36	34	33	30	27	25	24	22	16	12	9	10	5	84	112	111	0
1	4	69,702	178	0	120	88	86	85	89	90	18	114	115	97	94	93	96	95	87	0
1	5	228,439	200	0	116	98	40	43	45	29	32	23	19	17	8	7	6	83	113	117	82	0
1	6	140,001	200	0	102	105	106	107	104	99	118	108	13	14	15	11	4	3	1	2	81	119	0
1	7	147,488	200	0	67	69	70	71	73	76	74	72	75	78	80	79	77	68	103	0
1	8	0	0	0	0

Tiempo de ejecución:
 2763,76684375 
