Costo de la solución:
 842,975090073507 

1	1	120,028	198	0	27	69	70	30	20	66	65	71	35	34	78	3	77	76	28	0
1	2	157,312	199	0	31	10	32	90	63	64	49	36	46	8	45	17	84	60	83	18	89	0
1	3	107,076	153	0	26	4	56	23	67	39	25	55	54	0
1	4	126,664	198	0	92	37	98	100	91	16	86	38	44	14	42	43	15	57	2	58	0
1	5	79,34	178	0	53	40	21	73	72	74	75	22	41	87	97	13	0
1	6	87,587	150	0	52	7	82	48	47	19	11	62	88	0
1	7	104,69	182	0	1	50	33	51	9	81	79	29	24	68	80	12	0
1	8	60,274	200	0	94	95	59	93	85	61	5	99	96	6	0
1	9	0	0	0	0
1	10	0	0	0	0

Tiempo de ejecución:
 101,536375000003 
