Costo de la solución:
 871,181118208174 

1	1	117,928	163	0	50	33	81	9	35	71	65	66	20	51	1	0
1	2	116,46	166	0	82	48	47	36	49	64	11	19	7	52	0
1	3	115,185	196	0	72	75	56	23	67	39	25	55	4	54	26	0
1	4	111,404	191	0	13	87	42	43	14	44	38	86	16	61	99	0
1	5	90,255	169	0	12	80	68	24	29	34	78	79	3	77	76	28	0
1	6	93,798	105	0	6	60	5	84	17	45	46	8	83	18	89	0
1	7	90,12	155	0	31	88	62	10	63	90	32	30	70	69	27	0
1	8	59,35	199	0	96	59	93	85	91	100	98	37	92	97	95	94	0
1	9	0	0	0	0
1	10	76,678	114	0	58	2	57	15	41	22	74	73	21	40	53	0

Tiempo de ejecución:
 164,805124999999 
