Costo de la solución:
 1651,08973449688 

1	1	201,923	108	0	56	60	63	66	64	62	57	54	52	116	0
1	2	189,647	131	0	110	59	65	61	58	55	53	98	100	99	0
1	3	191,404	113	0	40	43	45	48	51	50	49	47	46	44	0
1	4	192,209	73	0	16	22	24	30	33	34	36	35	32	29	0
1	5	117,332	104	0	102	101	68	76	73	71	67	103	104	106	105	0
1	6	174,912	111	0	17	19	25	27	31	28	26	23	20	21	0
1	7	50,744	141	0	119	82	111	86	89	91	90	18	118	114	93	96	95	0
1	8	169,85	157	0	92	108	109	37	41	42	39	38	115	97	94	0
1	9	141,714	155	0	120	69	70	74	72	75	78	80	79	77	107	0
1	10	117,961	142	0	8	12	13	14	15	11	10	9	7	6	112	88	0
1	11	103,388	140	0	87	85	84	117	113	83	5	4	3	1	2	81	0
1	12	-0,001	0	0	0
1	13	0	0	0	0

Tiempo de ejecución:
 106,254000000001 
