Costo de la solución:
 1381,30317425571 

1	1	110,851	200	0	100	150	11	170	164	85	134	84	14	133	177	78	178	0
1	2	131,391	200	0	95	187	161	75	162	31	163	148	92	135	145	24	107	63	117	0
1	3	109,118	194	0	86	64	94	140	122	166	20	124	154	15	79	153	29	98	0
1	4	90,905	187	0	33	195	197	43	68	143	89	137	113	42	199	136	196	66	0
1	5	96,352	199	0	50	169	77	119	38	165	52	108	69	132	7	149	127	0
1	6	74,295	194	0	198	53	192	184	190	41	90	185	115	160	105	0
1	7	75,64	157	0	126	32	18	146	73	147	181	3	0
1	8	79,342	197	0	112	186	22	141	91	142	114	156	93	28	101	2	157	0
1	9	45,492	146	0	76	40	130	12	168	81	26	60	0
1	10	83,483	197	0	51	71	129	10	80	131	189	57	39	109	17	0
1	11	74,763	200	0	30	48	47	155	36	138	37	88	5	103	59	125	0
1	12	75,722	170	0	97	9	110	25	56	118	72	106	44	55	151	0
1	13	50,465	173	0	188	16	159	67	158	1	191	194	193	0
1	14	58,285	191	0	34	46	65	8	102	167	179	99	27	58	45	0
1	15	77,487	197	0	182	49	74	144	116	62	23	183	104	96	61	6	0
1	16	86,762	200	0	175	176	35	180	19	70	128	123	13	83	111	87	4	0
1	17	60,94	184	0	54	120	171	173	174	82	121	21	172	139	152	0
1	18	0	0	0	0
1	19	0	0	0	0
1	20	0	0	0	0

Tiempo de ejecución:
 331,959875 
