Costo de la solución:
 1068,46460984328 

1	1	122,648	195	0	22	70	28	116	121	115	36	85	35	84	128	29	129	53	127	0
1	2	118,406	184	0	57	23	69	86	43	99	114	61	7	112	48	138	27	0
1	3	85,72	197	0	103	90	71	123	122	124	125	106	39	75	105	30	49	76	5	0
1	4	92,763	187	0	145	142	87	150	19	64	88	40	94	41	141	148	4	149	146	56	0
1	5	102,73	200	0	10	54	89	117	73	33	72	91	45	15	52	108	0
1	6	83,341	161	0	68	14	58	96	24	97	98	132	6	102	46	0
1	7	53,479	185	0	18	55	135	143	109	144	0
1	8	83,405	187	0	32	119	1	120	80	31	82	140	113	26	8	60	81	77	0
1	9	79,832	158	0	63	37	137	44	107	65	93	42	92	147	17	12	0
1	10	76,528	189	0	38	62	9	104	34	74	79	21	50	130	118	16	126	0
1	11	76,975	195	0	78	100	2	83	131	20	59	3	101	51	11	0
1	12	92,632	197	0	47	110	134	111	66	136	13	67	95	25	133	139	0
1	13	0	0	0	0
1	14	0	0	0	0

Tiempo de ejecución:
 277,601937500003 
