Costo de la solución:
 932,612635951525 

1	1	98,8	79	0	30	69	71	60	70	20	0
1	2	93,629	102	0	43	41	42	64	22	62	0
1	3	86,589	131	0	17	32	55	25	9	40	0
1	4	73,82	140	0	45	29	5	37	36	47	48	75	0
1	5	81,356	138	0	46	8	19	59	14	35	7	0
1	6	76,988	137	0	6	2	28	61	21	74	68	0
1	7	83,391	106	0	33	73	1	56	23	63	51	0
1	8	81,686	123	0	12	72	39	31	10	58	26	0
1	9	77,157	129	0	38	65	66	11	53	0
1	10	87,506	114	0	16	49	24	18	50	44	3	0
1	11	14,142	30	0	4	0
1	12	77,543	135	0	27	15	57	13	54	52	34	67	0
1	13	0	0	0	0

Tiempo de ejecución:
 69,5314375000016 
