Costo de la solución:
 820,96083115802 

1	1	137,018	200	0	69	68	64	61	72	80	79	77	73	70	71	76	78	81	0
1	2	101,882	200	0	57	59	60	58	56	53	54	55	0
1	3	95,943	190	0	99	100	97	93	92	94	95	96	98	0
1	4	97,227	200	0	32	33	31	35	37	38	39	36	34	0
1	5	96,32	200	0	13	17	18	19	15	16	14	12	11	0
1	6	50,843	170	0	20	22	24	25	27	29	30	28	26	23	21	0
1	7	76,069	170	0	91	89	88	85	84	82	83	86	87	90	0
1	8	57,257	170	0	10	8	9	6	7	5	3	4	2	1	75	0
1	9	64,807	160	0	47	49	52	50	51	48	46	45	44	40	41	42	43	0
1	10	43,59	150	0	67	65	63	74	62	66	0
1	11	0	0	0	0
1	12	0	0	0	0

Tiempo de ejecución:
 211,152093750003 
