Costo de la solución:
 1143,86858129646 

1   1   98,564	115	0	75	48	60	37	67	26	0
1   2   89,837	132	0	2	62	22	64	42	1	6	0
1   3   91,021	110	0	40	25	55	32	44	3	0
1   4   91,311	111	0	29	70	20	52	46	34	0
1   5   83,018	117	0	4	5	71	36	47	30	68	0
1   6   91,118	133	0	8	19	14	59	11	35	0
1   7   93,581	111	0	45	21	69	61	28	74	0
1   8   91,052	101	0	43	41	56	23	49	16	51	0
1   9   96,919	106	0	38	65	31	10	58	72	0
1   10   93,061	126	0	17	12	39	66	53	7	0
1   11   95,56	118	0	9	50	18	24	33	0
1   12   76,624	67	0	27	13	54	57	15	0
1   13   52,195	17	0	63	73	0
1   14   0	0	0	0

Tiempo de ejecución:
 53,4854374999995 
