Costo de la solución:
 2163,09304973683 

1   1   219,93	105	0	66	64	87	111	86	85	112	81	82	88	0
1   2   214,512	118	0	63	18	83	113	117	84	90	91	89	92	0
1   3   208,092	116	0	53	65	61	62	60	58	55	56	78	103	0
1   4   193,532	100	0	104	100	43	45	48	51	50	49	47	46	0
1   5   182,709	67	0	22	24	27	33	30	31	34	36	35	32	0
1   6   195,112	156	0	59	57	54	52	80	77	72	75	74	71	0
1   7   203,012	124	0	29	28	26	23	20	25	19	16	12	10	0
1   8   180,011	138	0	116	98	40	39	42	44	41	38	37	115	0
1   9   179,809	107	0	114	21	17	8	9	6	4	3	5	2	0
1   10   158,078	124	0	94	97	108	68	79	76	73	67	70	69	105	0
1   11   147,137	143	0	1	11	15	14	13	7	99	101	107	102	120	0
1   12   81,154	77	0	95	106	96	93	110	109	118	119	0
1   13   0	0	0	0

Tiempo de ejecución:
 168,299156250003 
