Costo de la solución:
 3719,6014006544 

1	1	259,459	115	0	109	101	77	102	79	96	80	97	66		0
1	2	269,414	110	0	108	78	100	93	70	64	65	69	63		0
1	3	261,47	110	0	72	71	86	73	84	75	74	117	62		0
1	4	262,046	87	0	116	113	68	118	115	76	90	61		0
1	5	241,91	89	0	120	112	111	106	67	119	114	60		0
1	6	296,714	94	0	54	53	81	56	103	57	52	51		0
1	7	269,785	100	0	104	99	98	55	94	59	58	110	50		0
1	8	271,259	60	0	48	46	42	35	34	49	36	33		0
1	9	259,898	94	0	92	31	44	41	105	30	47	32	29		0
1	10	264,224	108	0	82	28	38	37	89	45	40	39	27		0
1	11	247,793	88	0	95	91	88	43	83	25	107	26	24		0
1	12	164,326	54	0	87	85	23	22		0
1	13	157,01	28	0	21	20	19		0
1	14	149,173	43	0	18	17	16		0
1	15	114,699	47	0	15	14	12		0
1	16	119,92	67	0	13	11	10	9	8		0
1	17	110,493	81	0	7	6	4	3	2	5	1		0
1	18	0	0	0		0
1	19	0	0	0		0
1	20	0	0	0		0
1	21	0	0	0		0

Tiempo de ejecución:
 31,811218750001 
