Costo de la solución:
 2906,26473334774 

1	1	313,126	199	0	150	146	130	120	149	147	141	138	131	127	121	128	116	129	140	115		0
1	2	128,415	61	0	148	144	139	114		0
1	3	339,843	200	0	105	53	75	70	126	101	59	112	85	119	99	117	84	82	36		0
1	4	146,586	189	0	142	137	135	109	94	95	93	136	88		0
1	5	228,872	200	0	56	55	41	67	74	65	42	134	66	92	87	98	64	44	40		0
1	6	236,844	199	0	124	123	83	69	68	57	48	110	96	86	132	118	97	61	58	43		0
1	7	297,696	200	0	133	113	100	143	89	80	50	60	79	51	71	62	35		0
1	8	139,688	168	0	122	104	145	125	106	108	90	111	107	91	73		0
1	9	171,755	159	0	103	102	81	76	72	52	49	34	32	31		0
1	10	144,741	86	0	78	63	46	28	27	29	26		0
1	11	297,001	200	0	10	7	16	24	45	33	21	20	23	22	11	8	3		0
1	12	191,247	199	0	77	47	17	39	37	25	14	19	18	15	13		0
1	13	50	19	0	54		0
1	14	49,615	34	0	38	30		0
1	15	101,609	106	0	12	6	9	5	2		0
1	16	0	0	0	4		0
1	17	0	0	0	1		0
1	18	0	0	0		0
1	19	0	0	0		0

Tiempo de ejecución:
 48,9716875000013 
