Costo de la solución:
 865,944505637568 

1	1	117,928	163	0	50	33	81	9	35	71	65	66	20	51	1	0
1	2	117,549	178	0	52	7	19	11	64	49	36	47	48	82	18	0
1	3	107,076	153	0	26	4	56	23	67	39	25	55	54	0
1	4	111,404	191	0	99	61	16	86	38	44	14	43	42	87	13	0
1	5	90,255	169	0	28	76	77	3	79	78	34	29	24	68	80	12	0
1	6	89,161	93	0	89	60	83	8	46	45	17	84	5	6	0
1	7	90,12	155	0	31	88	62	10	63	90	32	30	70	69	27	0
1	8	59,35	199	0	96	59	93	85	91	100	98	37	92	97	95	94	0
1	9	83,096	157	0	58	2	57	15	41	22	75	74	72	73	21	40	53	0
1	10	0	0	0	0

Tiempo de ejecución:
 953,387437500001 
