Costo de la solución:
 838,744499632875 

1	1	126,899	195	0	50	33	81	51	9	35	71	65	66	20	30	70	1	69	0
1	2	145,373	195	0	89	60	5	84	17	45	46	47	36	49	64	11	62	88	7	52	0
1	3	120,67	196	0	26	54	4	55	25	39	67	23	56	75	2	58	0
1	4	102,421	184	0	95	97	92	37	100	91	44	14	38	86	16	61	6	0
1	5	90,255	169	0	28	76	77	3	79	78	34	29	24	68	80	12	0
1	6	109,716	196	0	18	83	8	82	48	19	63	90	32	10	31	27	0
1	7	95,61	175	0	53	40	21	73	72	74	22	41	57	15	43	42	87	13	0
1	8	47,797	148	0	94	59	98	85	93	99	96	0
1	9	0	0	0	0
1	10	0	0	0	0

Tiempo de ejecución:
 1101,15809375 
