Costo de la solución:
 1586,08901179122 

1	1	209,864	106	0	52	54	57	62	64	66	63	56	80	79	0
1	2	197,96	131	0	98	68	53	55	58	60	61	65	59	110	0
1	3	189,741	118	0	40	43	45	48	51	50	49	47	42	39	0
1	4	50,413	108	0	120	105	106	107	104	103	116	100	99	101	102	95	0
1	5	180,457	102	0	19	25	31	34	33	30	27	24	22	16	0
1	6	188,142	82	0	17	20	23	28	35	36	29	32	26	21	0
1	7	0	0	0	0
1	8	170,135	135	0	96	97	115	38	41	46	44	37	109	94	0
1	9	129,031	162	0	73	76	77	78	72	75	74	71	70	69	67	0
1	10	117,714	149	0	112	7	9	10	11	15	14	13	12	8	108	118	0
1	11	107,453	138	0	82	117	113	83	6	5	4	3	1	2	81	119	0
1	12	45,174	144	0	87	93	92	89	91	90	114	18	84	85	86	111	88	0
1	13	0	0	0	0

Tiempo de ejecución:
 2203,174875 
