Costo de la solución:
 1221,67667881475 

1	1	220,859	199	0	105	106	73	76	79	80	56	60	63	66	64	62	61	65	59	110	96	86	111	88	0
1	2	199,625	200	0	40	43	45	48	51	50	49	46	47	44	41	42	39	38	37	95	0
1	3	192,042	192	0	93	94	97	115	109	52	54	57	58	55	53	98	116	100	99	101	102	0
1	4	228,959	200	0	2	1	5	6	7	9	13	8	22	24	25	27	33	30	31	34	36	29	35	32	28	20	0
1	5	62,295	187	0	87	92	89	91	90	114	18	118	108	83	113	117	84	112	81	119	0
1	6	179,876	199	0	21	26	23	19	16	17	12	14	15	11	10	4	3	85	82	0
1	7	138,017	198	0	104	103	68	77	78	75	72	74	71	70	69	67	107	120	0
1	8	0	0	0	0

Tiempo de ejecución:
 3976,9391875 
