Iteraciones:   2368 

Costo         Vehículos     Tiempo [seg]
 971,958       10            3,435 
 939,135       10            6,365 
 939,135       10            8,07 
 939,135       10            8,514 
 894,252       10            8,838 
 894,252       10            9,212 
 894,252       10            9,434 
 894,252       10            9,641 
 890,054       10            9,871 
 890,054       10            10,084 
 890,054       10            10,314 
 890,054       10            10,546 
 890,054       10            10,767 
 890,054       10            10,983 
 890,054       10            11,222 
 890,054       10            11,457 
 890,054       10            11,707 
 890,054       10            11,898 
 890,054       10            12,108 
 890,054       10            12,314 
 890,054       10            12,515 
 890,054       10            12,787 
 890,054       10            12,992 
 890,054       10            13,196 
 890,054       10            13,424 
 890,054       10            13,639 
 890,054       10            13,847 
 890,054       10            14,065 
 890,054       10            14,281 
 890,054       10            14,506 
 890,054       10            14,749 
 890,054       10            15,001 
 890,054       10            15,222 
 890,054       10            15,446 
 890,054       10            15,646 
 890,054       10            15,907 
 890,054       10            16,115 
 890,054       10            16,337 
 890,054       10            16,543 
 890,054       10            16,751 
 890,054       10            16,973 
 890,054       10            17,242 
 890,054       10            17,463 
 890,054       10            17,675 
 890,054       10            17,883 
 890,054       10            18,098 
 890,054       10            18,316 
 890,054       10            18,53 
 890,054       10            18,738 
 890,054       10            18,938 
 890,054       10            19,342 
 890,054       10            19,579 
 890,054       10            19,779 
 890,054       10            19,998 
 890,054       10            20,227 
 890,054       10            20,451 
 890,054       10            20,678 
 890,054       10            20,973 
 890,054       10            21,178 
 890,054       10            21,374 
 890,054       10            21,595 
 890,054       10            21,809 
 890,054       10            22,024 
 890,054       10            22,263 
 890,054       10            22,469 
 890,054       10            22,944 
 890,054       10            23,212 
 890,054       10            23,443 
 890,054       10            23,689 
 890,054       10            23,914 
 890,054       10            24,154 
 890,054       10            24,36 
 890,054       10            24,572 
 890,054       10            24,815 
 890,054       10            25,011 
 890,054       10            25,336 
 890,054       10            25,575 
 890,054       10            25,875 
 890,054       10            26,088 
 890,054       10            26,316 
 890,054       10            26,538 
 890,054       10            26,755 
 890,054       10            26,998 
 890,054       10            27,267 
 890,054       10            27,483 
 890,054       10            27,693 
 890,054       10            27,906 
 890,054       10            28,139 
 890,054       10            28,361 
 890,054       10            28,621 
 890,054       10            28,822 
 890,054       10            29,016 
 890,054       10            29,228 
 890,054       10            29,46 
 890,054       10            29,774 
 890,054       10            29,99 
 890,054       10            30,187 
 890,054       10            30,416 
 890,054       10            30,647 
 890,054       10            30,892 
 890,054       10            31,136 
 890,054       10            31,335 
 890,054       10            31,569 
 890,054       10            31,763 
 890,054       10            31,983 
 890,054       10            32,227 
 890,054       10            32,414 
 890,054       10            32,698 
 890,054       10            32,901 
 890,054       10            33,129 
 890,054       10            33,424 
 890,054       10            33,63 
 890,054       10            33,84 
 890,054       10            34,055 
 890,054       10            34,281 
 890,054       10            34,563 
 890,054       10            34,804 
 890,054       10            35,02 
 890,054       10            35,235 
 890,054       10            35,445 
 890,054       10            35,734 
 890,054       10            35,95 
 890,054       10            36,171 
 890,054       10            36,392 
 890,054       10            36,595 
 890,054       10            36,849 
 890,054       10            37,058 
 890,054       10            37,269 
 890,054       10            37,481 
 890,054       10            37,689 
 890,054       10            37,963 
 890,054       10            38,175 
 890,054       10            38,389 
 890,054       10            38,62 
 890,054       10            38,833 
 890,054       10            39,05 
 890,054       10            39,261 
 890,054       10            39,487 
 890,054       10            39,719 
 890,054       10            39,994 
 890,054       10            40,208 
 890,054       10            40,413 
 890,054       10            40,63 
 890,054       10            40,834 
 890,054       10            41,238 
 890,054       10            41,43 
 890,054       10            41,686 
 890,054       10            41,908 
 890,054       10            42,156 
 890,054       10            42,38 
 890,054       10            42,591 
 890,054       10            42,816 
 890,054       10            43,036 
 890,054       10            43,239 
 890,054       10            43,448 
 890,054       10            43,655 
 890,054       10            43,861 
 890,054       10            44,134 
 890,054       10            44,352 
 890,054       10            44,615 
 890,054       10            44,826 
 890,054       10            45,029 
 890,054       10            45,236 
 890,054       10            45,481 
 890,054       10            45,709 
 890,054       10            45,908 
 890,054       10            46,141 
 890,054       10            46,354 
 890,054       10            46,56 
 890,054       10            46,765 
 890,054       10            46,969 
 890,054       10            47,19 
 890,054       10            47,402 
 890,054       10            47,614 
 890,054       10            47,858 
 890,054       10            48,053 
 890,054       10            48,273 
 890,054       10            48,472 
 890,054       10            48,68 
 890,054       10            48,883 
 890,054       10            49,101 
 890,054       10            49,306 
 890,054       10            49,509 
 890,054       10            49,805 
 890,054       10            50,061 
 890,054       10            50,272 
 890,054       10            50,48 
 890,054       10            50,695 
 890,054       10            50,901 
 890,054       10            51,097 
 890,054       10            51,302 
 890,054       10            51,553 
 890,054       10            51,767 
 890,054       10            52,099 
 890,054       10            52,316 
 890,054       10            52,545 
 890,054       10            52,788 
 890,054       10            53,012 
 890,054       10            53,232 
 890,054       10            53,486 
 890,054       10            53,693 
 890,054       10            53,906 
 890,054       10            54,112 
 890,054       10            54,352 
 890,054       10            54,811 
 890,054       10            55,029 
 890,054       10            55,228 
 890,054       10            55,469 
 890,054       10            55,665 
 890,054       10            55,882 
 890,054       10            56,096 
 890,054       10            56,299 
 890,054       10            56,514 
 890,054       10            56,748 
 890,054       10            56,978 
 890,054       10            57,183 
 890,054       10            57,385 
 890,054       10            57,586 
 890,054       10            57,784 
 890,054       10            57,983 
 890,054       10            58,284 
 890,054       10            58,488 
 890,054       10            58,702 
 890,054       10            58,904 
 890,054       10            59,139 
 890,054       10            59,386 
 890,054       10            59,593 
 890,054       10            59,803 
 890,054       10            60,068 
 890,054       10            60,535 
 890,054       10            60,752 
 890,054       10            61,283 
 890,054       10            61,492 
 890,054       10            61,77 
 890,054       10            61,992 
 890,054       10            62,21 
 890,054       10            62,424 
 890,054       10            62,627 
 890,054       10            62,834 
 890,054       10            63,036 
 890,054       10            63,25 
 890,054       10            63,461 
 890,054       10            63,664 
 890,054       10            63,87 
 890,054       10            64,105 
 890,054       10            64,312 
 890,054       10            64,532 
 890,054       10            64,884 
 890,054       10            65,11 
 890,054       10            65,34 
 890,054       10            65,54 
 890,054       10            65,753 
 890,054       10            65,953 
 890,054       10            66,171 
 890,054       10            66,425 
 890,054       10            66,795 
 890,054       10            67,022 
 890,054       10            67,255 
 890,054       10            67,474 
 890,054       10            67,696 
 890,054       10            67,897 
 890,054       10            68,143 
 890,054       10            68,355 
 890,054       10            68,578 
 890,054       10            68,812 
 890,054       10            69,055 
 890,054       10            69,284 
 890,054       10            69,616 
 890,054       10            69,824 
 890,054       10            70,12 
 890,054       10            70,381 
 890,054       10            70,592 
 890,054       10            70,825 
 890,054       10            71,03 
 890,054       10            71,286 
 890,054       10            71,496 
 890,054       10            71,709 
 890,054       10            71,957 
 890,054       10            72,179 
 890,054       10            72,418 
 890,054       10            72,753 
 890,054       10            72,958 
 890,054       10            73,162 
 890,054       10            73,423 
 890,054       10            73,745 
 890,054       10            74,041 
 890,054       10            74,242 
 890,054       10            74,507 
 890,054       10            74,757 
 890,054       10            75,008 
 890,054       10            75,237 
 890,054       10            75,446 
 890,054       10            75,658 
 890,054       10            75,922 
 890,054       10            76,349 
 890,054       10            76,57 
 890,054       10            76,763 
 890,054       10            76,981 
 890,054       10            77,208 
 890,054       10            77,409 
 890,054       10            77,66 
 890,054       10            77,878 
 890,054       10            78,087 
 890,054       10            78,548 
 890,054       10            78,776 
 890,054       10            78,977 
 890,054       10            79,198 
 890,054       10            79,44 
 890,054       10            79,705 
 890,054       10            79,946 
 890,054       10            80,172 
 890,054       10            80,439 
 890,054       10            80,754 
 890,054       10            80,98 
 890,054       10            81,178 
 890,054       10            81,429 
 890,054       10            81,673 
 890,054       10            81,87 
 890,054       10            82,088 
 890,054       10            82,309 
 890,054       10            82,516 
 890,054       10            82,713 
 890,054       10            82,909 
 890,054       10            83,153 
 890,054       10            83,37 
 890,054       10            83,583 
 890,054       10            83,795 
 890,054       10            84,029 
 890,054       10            84,233 
 890,054       10            84,762 
 890,054       10            85,013 
 890,054       10            85,216 
 890,054       10            85,418 
 890,054       10            85,672 
 884,573       10            85,888 
 884,573       10            86,084 
 884,573       10            86,283 
 884,573       10            86,503 
 884,573       10            86,712 
 884,573       10            86,908 
 884,573       10            87,123 
 884,573       10            87,318 
 884,573       10            87,526 
 884,573       10            87,73 
 884,573       10            87,93 
 884,573       10            88,142 
 884,573       10            88,344 
 884,573       10            88,536 
 884,573       10            88,764 
 884,573       10            88,967 
 879,74        10            89,205 
 879,74        10            89,402 
 879,74        10            89,614 
 879,74        10            89,804 
 879,74        10            90,013 
 879,74        10            90,205 
 877,474       10            90,411 
 877,474       10            90,606 
 877,474       10            90,808 
 877,474       10            91,063 
 877,474       10            91,267 
 877,474       10            91,71 
 877,474       10            91,941 
 877,474       10            92,147 
 877,474       10            92,361 
 877,474       10            92,59 
 877,474       10            92,793 
 877,474       10            93,029 
 877,474       10            93,254 
 877,474       10            93,476 
 877,474       10            93,672 
 877,474       10            93,946 
 877,474       10            94,188 
 877,474       10            94,393 
 877,474       10            94,643 
 877,474       10            94,851 
 877,474       10            95,084 
 877,474       10            95,302 
 877,474       10            95,514 
 877,474       10            95,746 
 877,474       10            95,965 
 877,474       10            96,184 
 877,474       10            96,388 
 877,474       10            96,578 
 877,474       10            96,77 
 877,474       10            96,986 
 877,474       10            97,193 
 877,474       10            97,463 
 877,474       10            97,677 
 877,474       10            97,895 
 877,474       10            98,247 
 877,474       10            98,558 
 877,474       10            98,756 
 877,474       10            98,957 
 877,474       10            99,171 
 877,474       10            99,374 
 877,474       10            99,584 
 877,474       10            99,806 
 877,474       10            100,01 
 877,474       10            100,205 
 877,474       10            100,408 
 877,474       10            100,618 
 877,474       10            100,84 
 877,474       10            101,047 
 877,474       10            101,249 
 877,474       10            101,54 
 877,474       10            101,756 
 877,474       10            101,958 
 877,474       10            102,215 
 877,474       10            102,41 
 877,474       10            102,619 
 877,474       10            102,811 
 877,474       10            103,164 
 877,474       10            103,364 
 877,474       10            103,597 
 877,474       10            103,799 
 877,474       10            104,005 
 877,474       10            104,221 
 877,474       10            104,414 
 877,474       10            104,711 
 877,474       10            104,952 
 877,474       10            105,2 
 877,474       10            105,407 
 877,474       10            105,682 
 872,943       10            105,873 
 872,943       10            106,177 
 872,943       10            106,407 
 872,943       10            106,603 
 872,943       10            106,814 
 872,943       10            107,013 
 872,943       10            107,233 
 872,943       10            107,433 
 872,943       10            107,632 
 872,943       10            107,841 
 872,943       10            108,04 
 872,943       10            108,229 
 872,943       10            108,445 
 872,943       10            108,838 
 872,943       10            109,054 
 872,943       10            109,266 
 872,943       10            109,474 
 872,943       10            109,744 
 872,943       10            109,946 
 872,943       10            110,148 
 872,943       10            110,354 
 872,943       10            110,546 
 872,943       10            110,738 
 872,943       10            110,948 
 871,253       10            111,15 
 871,253       10            111,367 
 871,253       10            111,586 
 871,253       10            111,774 
 871,253       10            111,971 
 871,253       10            112,331 
 871,253       10            112,523 
 871,253       10            112,736 
 871,253       10            112,941 
 871,253       10            113,129 
 871,253       10            113,351 
 871,253       10            113,549 
 871,253       10            113,76 
 871,253       10            113,971 
 871,253       10            114,188 
 871,253       10            114,38 
 871,253       10            114,577 
 871,253       10            114,786 
 871,253       10            114,983 
 871,253       10            115,189 
 871,253       10            115,396 
 871,253       10            115,604 
 871,253       10            115,819 
 871,253       10            116,015 
 871,253       10            116,232 
 871,253       10            116,441 
 871,253       10            116,654 
 871,253       10            116,868 
 871,253       10            117,067 
 871,253       10            117,283 
 871,253       10            117,526 
 871,253       10            117,758 
 871,253       10            117,964 
 871,253       10            118,196 
 871,253       10            118,46 
 871,253       10            118,67 
 871,253       10            118,877 
 871,253       10            119,065 
 871,253       10            119,261 
 871,253       10            119,606 
 871,253       10            119,813 
 867,575       10            120,077 
 867,575       10            120,285 
 867,575       10            120,483 
 867,575       10            120,687 
 867,575       10            120,893 
 867,575       10            121,098 
 867,575       10            121,315 
 867,575       10            121,531 
 867,575       10            121,723 
 867,575       10            122,096 
 867,575       10            122,37 
 867,575       10            122,569 
 867,575       10            122,767 
 867,575       10            123,007 
 867,575       10            123,208 
 867,575       10            123,428 
 867,575       10            123,645 
 867,575       10            123,971 
 867,575       10            124,191 
 867,575       10            124,386 
 867,575       10            124,809 
 867,575       10            124,998 
 867,575       10            125,222 
 867,575       10            125,419 
 867,575       10            125,616 
 867,575       10            125,81 
 867,575       10            126,011 
 867,575       10            126,235 
 867,575       10            126,453 
 867,575       10            126,729 
 867,575       10            126,93 
 867,575       10            127,133 
 867,575       10            127,342 
 867,575       10            127,54 
 867,575       10            127,755 
 867,575       10            127,996 
 867,575       10            128,196 
 867,575       10            128,418 
 867,575       10            128,613 
 867,575       10            128,806 
 867,575       10            129,033 
 867,575       10            129,257 
 867,575       10            129,486 
 867,575       10            129,709 
 867,575       10            129,918 
 867,575       10            130,127 
 867,575       10            130,374 
 867,575       10            130,573 
 867,575       10            130,765 
 867,575       10            130,969 
 867,575       10            131,184 
 867,575       10            131,422 
 867,575       10            131,64 
 867,575       10            131,86 
 867,575       10            132,098 
 867,575       10            132,348 
 867,575       10            132,549 
 867,575       10            132,751 
 867,575       10            132,965 
 867,575       10            133,18 
 867,575       10            133,377 
 867,575       10            133,594 
 867,575       10            133,813 
 867,575       10            134,067 
 867,575       10            134,365 
 867,575       10            134,564 
 867,575       10            134,795 
 867,575       10            135,006 
 867,575       10            135,21 
 867,575       10            135,453 
 867,575       10            135,665 
 867,575       10            135,879 
 867,575       10            136,144 
 867,575       10            136,338 
 867,575       10            136,554 
 867,575       10            136,744 
 867,575       10            136,947 
 867,575       10            137,142 
 867,575       10            137,353 
 867,575       10            137,558 
 867,575       10            137,784 
 867,575       10            137,984 
 867,575       10            138,188 
 867,575       10            138,397 
 867,575       10            138,737 
 867,575       10            138,979 
 867,575       10            139,172 
 867,575       10            139,379 
 867,575       10            139,585 
 867,575       10            139,881 
 867,575       10            140,087 
 867,575       10            140,486 
 867,575       10            140,706 
 867,575       10            140,91 
 867,575       10            141,135 
 867,575       10            141,327 
 867,575       10            141,529 
 867,575       10            141,936 
 867,575       10            142,126 
 867,575       10            142,34 
 867,575       10            142,53 
 867,575       10            142,731 
 867,575       10            142,93 
 867,575       10            143,157 
 867,575       10            143,363 
 867,575       10            143,567 
 867,575       10            143,871 
 867,575       10            144,134 
 867,575       10            144,345 
 867,575       10            144,574 
 867,575       10            144,805 
 867,575       10            145,061 
 867,575       10            145,32 
 867,575       10            145,585 
 867,575       10            145,81 
 867,575       10            146,249 
 867,575       10            146,472 
 867,575       10            146,685 
 867,575       10            146,879 
 867,575       10            147,09 
 867,575       10            147,309 
 867,575       10            147,494 
 867,575       10            147,739 
 867,575       10            147,949 
 867,575       10            148,161 
 867,575       10            148,353 
 867,575       10            148,559 
 867,575       10            148,756 
 867,575       10            148,95 
 867,575       10            149,158 
 867,575       10            149,366 
 867,575       10            149,627 
 867,575       10            149,824 
 867,575       10            150,017 
 867,575       10            150,206 
 867,575       10            150,422 
 867,575       10            150,658 
 867,575       10            150,853 
 867,575       10            151,043 
 867,575       10            151,253 
 867,575       10            151,456 
 867,575       10            151,664 
 867,534       10            151,874 
 867,534       10            152,373 
 867,534       10            152,569 
 867,534       10            152,781 
 867,534       10            153 
 867,534       10            153,245 
 867,534       10            153,448 
 867,534       10            153,67 
 867,534       10            153,93 
 867,534       10            154,157 
 867,534       10            154,352 
 867,534       10            154,571 
 867,534       10            154,8 
 867,534       10            155,055 
 867,534       10            155,261 
 867,534       10            155,454 
 867,534       10            155,649 
 867,534       10            155,846 
 867,534       10            156,037 
 867,534       10            156,248 
 867,534       10            156,473 
 867,534       10            156,671 
 867,534       10            156,877 
 867,534       10            157,069 
 867,534       10            157,275 
 867,534       10            157,497 
 867,534       10            157,695 
 867,534       10            157,893 
 867,534       10            158,27 
 867,534       10            158,461 
 867,534       10            158,704 
 867,534       10            158,91 
 867,534       10            159,116 
 867,534       10            159,305 
 867,534       10            159,502 
 867,534       10            159,702 
 867,534       10            159,91 
 867,534       10            160,153 
 867,534       10            160,371 
 867,534       10            160,566 
 867,534       10            160,839 
 867,534       10            161,034 
 867,534       10            161,243 
 867,534       10            161,445 
 867,534       10            161,655 
 867,534       10            161,874 
 867,534       10            162,087 
 867,534       10            162,283 
 867,534       10            162,488 
 867,534       10            162,689 
 867,009       10            162,91 
 867,009       10            163,126 
 867,009       10            163,338 
 867,009       10            163,541 
 867,009       10            163,788 
 867,009       10            164,142 
 867,009       10            164,343 
 867,009       10            164,546 
 867,009       10            164,753 
 867,009       10            164,975 
 867,009       10            165,188 
 867,009       10            165,401 
 867,009       10            165,602 
 867,009       10            165,817 
 867,009       10            166,023 
 867,009       10            166,25 
 867,009       10            166,446 
 867,009       10            166,65 
 867,009       10            166,882 
 867,009       10            167,134 
 867,009       10            167,327 
 867,009       10            167,519 
 867,009       10            167,766 
 867,009       10            167,972 
 867,009       10            168,171 
 867,009       10            168,359 
 867,009       10            168,55 
 867,009       10            168,755 
 867,009       10            169,056 
 867,009       10            169,294 
 867,009       10            169,593 
 867,009       10            169,801 
 867,009       10            169,997 
 867,009       10            170,278 
 867,009       10            170,478 
 867,009       10            170,699 
 867,009       10            170,893 
 867,009       10            171,101 
 867,009       10            171,328 
 867,009       10            171,522 
 867,009       10            171,741 
 867,009       10            171,994 
 867,009       10            172,207 
 867,009       10            172,46 
 867,009       10            172,829 
 867,009       10            173,098 
 867,009       10            173,304 
 867,009       10            173,519 
 867,009       10            173,716 
 867,009       10            173,902 
 867,009       10            174,104 
 867,009       10            174,322 
 867,009       10            174,52 
 867,009       10            174,725 
 867,009       10            174,917 
 867,009       10            175,163 
 867,009       10            175,391 
 867,009       10            175,607 
 867,009       10            175,815 
 867,009       10            176,031 
 867,009       10            176,233 
 867,009       10            176,424 
 867,009       10            176,623 
 867,009       10            176,843 
 867,009       10            177,042 
 867,009       10            177,268 
 867,009       10            177,471 
 867,009       10            177,705 
 867,009       10            177,913 
 867,009       10            178,111 
 867,009       10            178,328 
 867,009       10            178,525 
 867,009       10            178,723 
 867,009       10            178,963 
 867,009       10            179,184 
 867,009       10            179,394 
 867,009       10            179,612 
 867,009       10            179,848 
 867,009       10            180,046 
 867,009       10            180,28 
 867,009       10            180,545 
 867,009       10            180,743 
 867,009       10            180,93 
 867,009       10            181,158 
 867,009       10            181,373 
 867,009       10            181,579 
 867,009       10            181,785 
 867,009       10            181,989 
 867,009       10            182,244 
 867,009       10            182,458 
 867,009       10            182,677 
 867,009       10            182,885 
 867,009       10            183,136 
 867,009       10            183,363 
 867,009       10            183,561 
 867,009       10            183,777 
 867,009       10            183,987 
 867,009       10            184,192 
 867,009       10            184,397 
 867,009       10            184,62 
 867,009       10            184,851 
 867,009       10            185,068 
 867,009       10            185,341 
 867,009       10            185,548 
 867,009       10            185,744 
 867,009       10            185,949 
 867,009       10            186,284 
 867,009       10            186,481 
 867,009       10            186,69 
 867,009       10            186,943 
 867,009       10            187,157 
 867,009       10            187,378 
 867,009       10            187,577 
 867,009       10            187,806 
 867,009       10            187,999 
 867,009       10            188,186 
 867,009       10            188,379 
 867,009       10            188,58 
 867,009       10            188,817 
 867,009       10            189,098 
 867,009       10            189,298 
 867,009       10            189,499 
 867,009       10            189,704 
 867,009       10            189,902 
 867,009       10            190,141 
 867,009       10            190,342 
 867,009       10            190,558 
 867,009       10            190,763 
 867,009       10            190,956 
 867,009       10            191,147 
 867,009       10            191,358 
 867,009       10            191,565 
 867,009       10            191,761 
 867,009       10            191,995 
 867,009       10            192,195 
 867,009       10            192,408 
 867,009       10            192,619 
 867,009       10            192,834 
 867,009       10            193,058 
 867,009       10            193,317 
 867,009       10            193,557 
 867,009       10            193,777 
 867,009       10            193,984 
 867,009       10            194,247 
 867,009       10            194,578 
 867,009       10            194,798 
 867,009       10            194,999 
 867,009       10            195,196 
 867,009       10            195,397 
 867,009       10            195,585 
 867,009       10            195,792 
 867,009       10            195,987 
 867,009       10            196,195 
 867,009       10            196,396 
 867,009       10            196,613 
 867,009       10            196,824 
 867,009       10            197,02 
 867,009       10            197,213 
 867,009       10            197,404 
 867,009       10            197,608 
 867,009       10            197,811 
 867,009       10            198,009 
 867,009       10            198,261 
 867,009       10            198,518 
 867,009       10            198,71 
 867,009       10            198,914 
 867,009       10            199,117 
 867,009       10            199,37 
 867,009       10            199,585 
 867,009       10            199,836 
 867,009       10            200,089 
 867,009       10            200,311 
 867,009       10            200,505 
 867,009       10            200,76 
 867,009       10            200,953 
 867,009       10            201,17 
 867,009       10            201,371 
 867,009       10            201,58 
 867,009       10            201,776 
 867,009       10            202,006 
 867,009       10            202,208 
 867,009       10            202,429 
 867,009       10            202,642 
 867,009       10            202,838 
 867,009       10            203,037 
 867,009       10            203,24 
 867,009       10            203,501 
 867,009       10            203,698 
 867,009       10            203,928 
 867,009       10            204,126 
 867,009       10            204,368 
 867,009       10            204,629 
 867,009       10            204,834 
 867,009       10            205,033 
 867,009       10            205,334 
 867,009       10            205,546 
 867,009       10            205,751 
 867,009       10            205,943 
 867,009       10            206,154 
 867,009       10            206,357 
 867,009       10            206,572 
 867,009       10            206,791 
 867,009       10            207,011 
 867,009       10            207,262 
 867,009       10            207,579 
 867,009       10            207,783 
 866,738       10            208 
 866,738       10            208,207 
 866,738       10            208,418 
 866,738       10            208,631 
 866,738       10            208,863 
 866,738       10            209,093 
 866,738       10            209,299 
 866,738       10            209,558 
 866,738       10            209,832 
 866,738       10            210,039 
 866,738       10            210,377 
 866,738       10            210,569 
 866,738       10            210,777 
 866,738       10            210,983 
 866,738       10            211,186 
 866,738       10            211,397 
 866,738       10            211,589 
 866,738       10            211,782 
 866,738       10            211,985 
 866,738       10            212,189 
 866,738       10            212,379 
 866,738       10            212,588 
 866,738       10            212,781 
 866,738       10            212,999 
 866,738       10            213,272 
 866,738       10            213,475 
 866,738       10            213,685 
 866,738       10            213,877 
 866,738       10            214,092 
 866,738       10            214,298 
 866,738       10            214,584 
 866,738       10            214,798 
 866,738       10            215,001 
 866,738       10            215,21 
 866,738       10            215,41 
 866,738       10            215,646 
 866,738       10            215,876 
 866,738       10            216,13 
 866,738       10            216,352 
 866,738       10            216,553 
 866,738       10            216,764 
 866,738       10            216,999 
 866,738       10            217,222 
 866,738       10            217,479 
 866,738       10            217,72 
 866,738       10            217,975 
 866,738       10            218,19 
 866,738       10            218,403 
 866,738       10            218,591 
 866,738       10            218,79 
 866,738       10            219,03 
 866,738       10            219,238 
 866,738       10            219,496 
 866,738       10            219,763 
 866,738       10            219,978 
 866,738       10            220,231 
 866,738       10            220,444 
 866,738       10            220,697 
 866,738       10            220,891 
 866,738       10            221,095 
 866,738       10            221,336 
 866,738       10            221,556 
 866,738       10            221,743 
 866,738       10            221,953 
 866,738       10            222,167 
 866,738       10            222,387 
 866,738       10            222,586 
 866,738       10            222,781 
 866,738       10            222,984 
 866,738       10            223,197 
 866,738       10            223,413 
 866,738       10            223,607 
 866,738       10            223,799 
 866,738       10            223,994 
 866,738       10            224,183 
 866,738       10            224,397 
 866,738       10            224,595 
 866,738       10            224,799 
 866,738       10            225,15 
 866,738       10            225,372 
 866,738       10            225,566 
 866,738       10            225,778 
 866,738       10            225,98 
 866,738       10            226,186 
 866,738       10            226,386 
 866,738       10            226,591 
 866,738       10            226,784 
 866,738       10            227,022 
 866,738       10            227,217 
 866,738       10            227,451 
 866,738       10            227,674 
 866,738       10            227,869 
 866,738       10            228,126 
 866,738       10            228,354 
 866,738       10            228,648 
 866,738       10            228,848 
 866,738       10            229,064 
 866,738       10            229,287 
 866,738       10            229,483 
 866,738       10            229,693 
 866,738       10            229,889 
 866,738       10            230,143 
 866,738       10            230,377 
 866,738       10            230,639 
 866,738       10            230,935 
 866,738       10            231,143 
 866,738       10            231,349 
 866,738       10            231,556 
 866,738       10            231,754 
 866,738       10            232,01 
 866,738       10            232,3 
 866,738       10            232,498 
 866,738       10            232,741 
 866,738       10            232,975 
 866,738       10            233,18 
 866,738       10            233,384 
 866,738       10            233,592 
 866,738       10            233,817 
 866,738       10            234,035 
 866,738       10            234,292 
 866,738       10            234,502 
 866,738       10            234,715 
 866,738       10            234,92 
 866,738       10            235,229 
 866,738       10            235,43 
 866,738       10            235,638 
 866,738       10            235,862 
 866,738       10            236,112 
 866,738       10            236,393 
 866,738       10            236,633 
 866,738       10            236,86 
 866,738       10            237,088 
 866,738       10            237,327 
 866,738       10            237,542 
 866,738       10            237,797 
 866,738       10            238,05 
 866,738       10            238,272 
 866,738       10            238,487 
 866,738       10            238,675 
 866,738       10            238,879 
 866,738       10            239,095 
 866,738       10            239,359 
 866,738       10            239,544 
 866,738       10            239,761 
 866,738       10            239,966 
 866,738       10            240,22 
 866,738       10            240,443 
 866,738       10            240,646 
 866,738       10            240,849 
 866,738       10            241,041 
 866,738       10            241,244 
 866,738       10            241,457 
 866,738       10            241,658 
 866,738       10            241,959 
 866,738       10            242,152 
 866,738       10            242,397 
 866,738       10            242,603 
 866,738       10            242,839 
 866,738       10            243,107 
 866,738       10            243,317 
 866,738       10            243,521 
 866,738       10            243,735 
 866,738       10            243,969 
 866,738       10            244,181 
 866,738       10            244,384 
 866,738       10            244,592 
 866,738       10            244,789 
 866,738       10            244,99 
 866,738       10            245,203 
 866,738       10            245,415 
 866,738       10            245,62 
 866,738       10            245,813 
 866,738       10            246,025 
 866,738       10            246,232 
 866,738       10            246,463 
 866,738       10            246,73 
 866,738       10            246,936 
 866,738       10            247,214 
 866,738       10            247,413 
 866,738       10            247,611 
 866,738       10            247,81 
 866,738       10            248,279 
 866,738       10            248,478 
 866,738       10            248,682 
 866,738       10            249,08 
 866,738       10            249,309 
 866,738       10            249,517 
 866,738       10            249,722 
 866,738       10            249,922 
 866,738       10            250,126 
 866,738       10            250,354 
 866,738       10            250,558 
 866,738       10            250,849 
 866,738       10            251,101 
 866,738       10            251,345 
 866,738       10            251,577 
 866,738       10            251,769 
 866,738       10            252,023 
 866,738       10            252,225 
 866,738       10            252,421 
 866,738       10            252,631 
 866,738       10            253,083 
 866,738       10            253,285 
 866,738       10            253,486 
 866,738       10            253,695 
 866,738       10            253,912 
 866,738       10            254,111 
 866,738       10            254,333 
 866,738       10            254,528 
 866,738       10            254,742 
 866,738       10            255,004 
 866,738       10            255,349 
 866,738       10            255,565 
 866,738       10            255,765 
 866,738       10            255,959 
 866,738       10            256,17 
 866,738       10            256,396 
 866,738       10            256,602 
 866,738       10            256,815 
 866,738       10            257,074 
 866,738       10            257,291 
 866,738       10            257,547 
 866,738       10            257,748 
 866,738       10            258,023 
 866,738       10            258,235 
 866,738       10            258,442 
 866,738       10            258,639 
 866,738       10            258,895 
 866,738       10            259,101 
 866,738       10            259,333 
 866,738       10            259,558 
 866,738       10            259,952 
 866,738       10            260,186 
 866,738       10            260,382 
 866,738       10            260,591 
 866,738       10            260,81 
 866,738       10            261,008 
 866,738       10            261,242 
 866,738       10            261,443 
 866,738       10            261,683 
 866,738       10            261,896 
 866,738       10            262,098 
 866,738       10            262,275 
 866,738       10            262,494 
 866,738       10            262,711 
 866,738       10            262,931 
 866,738       10            263,13 
 866,738       10            263,33 
 866,738       10            263,662 
 866,738       10            263,859 
 866,738       10            264,05 
 865,944       10            264,281 
 865,944       10            264,541 
 865,944       10            264,738 
 865,944       10            264,969 
 865,944       10            265,202 
 865,944       10            265,478 
 865,944       10            265,7 
 865,944       10            265,916 
 865,944       10            266,141 
 865,944       10            266,381 
 865,944       10            266,645 
 865,944       10            266,907 
 865,944       10            267,114 
 865,944       10            267,361 
 865,944       10            267,6 
 865,944       10            267,793 
 865,944       10            268,019 
 865,944       10            268,284 
 865,944       10            268,637 
 865,944       10            268,83 
 865,944       10            269,034 
 865,944       10            269,23 
 865,944       10            269,445 
 865,944       10            269,641 
 865,944       10            269,869 
 865,944       10            270,088 
 865,944       10            270,34 
 865,944       10            270,739 
 865,944       10            270,951 
 865,944       10            271,151 
 865,944       10            271,533 
 865,944       10            271,726 
 865,944       10            272,235 
 865,944       10            272,438 
 865,944       10            272,637 
 865,944       10            272,862 
 865,944       10            273,061 
 865,944       10            273,316 
 865,944       10            273,567 
 865,944       10            273,798 
 865,944       10            274,02 
 865,944       10            274,282 
 865,944       10            274,493 
 865,944       10            274,701 
 865,944       10            274,92 
 865,944       10            275,123 
 865,944       10            275,321 
 865,944       10            275,532 
 865,944       10            275,744 
 865,944       10            275,951 
 865,944       10            276,164 
 865,944       10            276,367 
 865,944       10            276,652 
 865,944       10            276,858 
 865,944       10            277,11 
 865,944       10            277,354 
 865,944       10            277,562 
 865,944       10            277,791 
 865,944       10            278,037 
 865,944       10            278,228 
 865,944       10            278,509 
 865,944       10            278,733 
 865,944       10            278,963 
 865,944       10            279,264 
 865,944       10            279,616 
 865,944       10            279,982 
 865,944       10            280,193 
 865,944       10            280,408 
 865,944       10            280,619 
 865,944       10            280,822 
 865,944       10            281,182 
 865,944       10            281,426 
 865,944       10            281,663 
 865,944       10            281,868 
 865,944       10            282,102 
 865,944       10            282,313 
 865,944       10            282,702 
 865,944       10            282,904 
 865,944       10            283,132 
 865,944       10            283,349 
 865,944       10            283,546 
 865,944       10            283,75 
 865,944       10            283,96 
 865,944       10            284,153 
 865,944       10            284,362 
 865,944       10            284,561 
 865,944       10            284,788 
 865,944       10            284,984 
 865,944       10            285,192 
 865,944       10            285,424 
 865,944       10            285,623 
 865,944       10            285,82 
 865,944       10            286,017 
 865,944       10            286,218 
 865,944       10            286,411 
 865,944       10            286,611 
 865,944       10            286,826 
 865,944       10            287,021 
 865,944       10            287,241 
 865,944       10            287,437 
 865,944       10            287,646 
 865,944       10            287,847 
 865,944       10            288,062 
 865,944       10            288,263 
 865,944       10            288,46 
 865,944       10            288,658 
 865,944       10            288,932 
 865,944       10            289,168 
 865,944       10            289,357 
 865,944       10            289,571 
 865,944       10            289,802 
 865,944       10            289,994 
 865,944       10            290,213 
 865,944       10            290,405 
 865,944       10            290,605 
 865,944       10            290,816 
 865,944       10            291,01 
 865,944       10            291,206 
 865,944       10            291,523 
 865,944       10            291,71 
 865,944       10            291,906 
 865,944       10            292,093 
 865,944       10            292,279 
 865,944       10            292,479 
 865,944       10            292,682 
 865,944       10            292,873 
 865,944       10            293,109 
 865,944       10            293,303 
 865,944       10            293,521 
 865,944       10            293,758 
 865,944       10            293,958 
 865,944       10            294,164 
 865,944       10            294,366 
 865,944       10            294,578 
 865,944       10            294,79 
 865,944       10            294,991 
 865,944       10            295,173 
 865,944       10            295,508 
 865,944       10            295,721 
 865,944       10            295,925 
 865,944       10            296,122 
 865,944       10            296,388 
 865,944       10            296,588 
 865,944       10            296,791 
 865,944       10            297,049 
 865,944       10            297,272 
 865,944       10            297,471 
 865,944       10            297,692 
 865,944       10            297,898 
 865,944       10            298,124 
 865,944       10            298,335 
 865,944       10            298,553 
 865,944       10            298,778 
 865,944       10            299,003 
 865,944       10            299,226 
 865,944       10            299,455 
 865,944       10            299,648 
 865,944       10            299,867 
 865,944       10            300,106 
 865,944       10            300,314 
 865,944       10            300,584 
 865,944       10            300,787 
 865,944       10            301,037 
 865,944       10            301,402 
 865,944       10            301,612 
 865,944       10            301,813 
 865,944       10            302,01 
 865,944       10            302,195 
 865,944       10            302,407 
 865,944       10            302,63 
 865,944       10            302,853 
 865,944       10            303,048 
 865,944       10            303,277 
 865,944       10            303,477 
 865,944       10            303,683 
 865,944       10            303,887 
 865,944       10            304,11 
 865,944       10            304,312 
 865,944       10            304,506 
 865,944       10            304,701 
 865,944       10            304,897 
 865,944       10            305,107 
 865,944       10            305,3 
 865,944       10            305,507 
 865,944       10            305,725 
 865,944       10            305,939 
 865,944       10            306,149 
 865,944       10            306,427 
 865,944       10            306,637 
 865,944       10            306,852 
 865,944       10            307,104 
 865,944       10            307,303 
 865,944       10            307,56 
 865,944       10            307,788 
 865,944       10            308,044 
 865,944       10            308,25 
 865,944       10            308,456 
 865,944       10            308,661 
 865,944       10            308,884 
 865,944       10            309,129 
 865,944       10            309,318 
 865,944       10            309,514 
 865,944       10            309,727 
 865,944       10            309,97 
 865,944       10            310,163 
 865,944       10            310,451 
 865,944       10            310,644 
 865,944       10            310,856 
 865,944       10            311,057 
 865,944       10            311,269 
 865,944       10            311,483 
 865,944       10            311,678 
 865,944       10            311,869 
 865,944       10            312,084 
 865,944       10            312,318 
 865,944       10            312,534 
 865,944       10            312,739 
 865,944       10            312,94 
 865,944       10            313,173 
 865,944       10            313,387 
 865,944       10            313,61 
 865,944       10            313,804 
 865,944       10            313,997 
 865,944       10            314,242 
 865,944       10            314,435 
 865,944       10            314,684 
 865,944       10            314,896 
 865,944       10            315,107 
 865,944       10            315,313 
 865,944       10            315,515 
 865,944       10            315,715 
 865,944       10            316,006 
 865,944       10            316,202 
 865,944       10            316,396 
 865,944       10            316,608 
 865,944       10            316,832 
 865,944       10            317,023 
 865,944       10            317,243 
 865,944       10            317,46 
 865,944       10            317,665 
 865,944       10            317,995 
 865,944       10            318,203 
 865,944       10            318,422 
 865,944       10            318,63 
 865,944       10            318,824 
 865,944       10            319,029 
 865,944       10            319,298 
 865,944       10            319,507 
 865,944       10            319,705 
 865,944       10            319,905 
 865,944       10            320,098 
 865,944       10            320,305 
 865,944       10            320,513 
 865,944       10            320,716 
 865,944       10            320,941 
 865,944       10            321,149 
 865,944       10            321,393 
 865,944       10            321,609 
 865,944       10            321,807 
 865,944       10            322,024 
 865,944       10            322,266 
 865,944       10            322,494 
 865,944       10            322,721 
 865,944       10            322,924 
 865,944       10            323,402 
 865,944       10            323,596 
 865,944       10            323,79 
 865,944       10            324,023 
 865,944       10            324,208 
 865,944       10            324,414 
 865,944       10            324,635 
 865,944       10            324,852 
 865,944       10            325,069 
 865,944       10            325,258 
 865,944       10            325,491 
 865,944       10            325,717 
 865,944       10            325,908 
 865,944       10            326,115 
 865,944       10            326,32 
 865,944       10            326,51 
 865,944       10            326,727 
 865,944       10            326,924 
 865,944       10            327,139 
 865,944       10            327,34 
 865,944       10            327,588 
 865,944       10            327,796 
 865,944       10            328,095 
 865,944       10            328,415 
 865,944       10            328,624 
 865,944       10            328,853 
 865,944       10            329,071 
 865,944       10            329,285 
 865,944       10            329,479 
 865,944       10            329,686 
 865,944       10            329,957 
 865,944       10            330,214 
 865,944       10            330,435 
 865,944       10            330,636 
 865,944       10            330,834 
 865,944       10            331,037 
 865,944       10            331,369 
 865,944       10            331,579 
 865,944       10            331,776 
 865,944       10            331,973 
 865,944       10            332,173 
 865,944       10            332,375 
 865,944       10            332,59 
 865,944       10            332,803 
 865,944       10            333,01 
 865,944       10            333,222 
 865,944       10            333,444 
 865,944       10            333,647 
 865,944       10            333,842 
 865,944       10            334,049 
 865,944       10            334,3 
 865,944       10            334,507 
 865,944       10            334,727 
 865,944       10            334,927 
 865,944       10            335,24 
 865,944       10            335,494 
 865,944       10            335,708 
 865,944       10            335,909 
 865,944       10            336,139 
 865,944       10            336,35 
 865,944       10            336,574 
 865,944       10            336,813 
 865,944       10            337,021 
 865,944       10            337,22 
 865,944       10            337,418 
 865,944       10            337,64 
 865,944       10            337,839 
 865,944       10            338,059 
 865,944       10            338,295 
 865,944       10            338,501 
 865,944       10            338,712 
 865,944       10            338,917 
 865,944       10            339,135 
 865,944       10            339,335 
 865,944       10            339,524 
 865,944       10            339,717 
 865,944       10            339,914 
 865,944       10            340,126 
 865,944       10            340,314 
 865,944       10            340,493 
 865,944       10            340,696 
 865,944       10            340,897 
 865,944       10            341,139 
 865,944       10            341,329 
 865,944       10            341,634 
 865,944       10            341,836 
 865,944       10            342,063 
 865,944       10            342,393 
 865,944       10            342,617 
 865,944       10            342,836 
 865,944       10            343,036 
 865,944       10            343,246 
 865,944       10            343,444 
 865,944       10            343,69 
 865,944       10            343,924 
 865,944       10            344,143 
 865,944       10            344,351 
 865,944       10            344,586 
 865,944       10            344,843 
 865,944       10            345,045 
 865,944       10            345,538 
 865,944       10            345,726 
 865,944       10            345,959 
 865,944       10            346,164 
 865,944       10            346,42 
 865,944       10            346,622 
 865,944       10            346,837 
 865,944       10            347,083 
 865,944       10            347,325 
 865,944       10            347,513 
 865,944       10            347,721 
 865,944       10            347,941 
 865,944       10            348,13 
 865,944       10            348,333 
 865,944       10            348,616 
 865,944       10            348,852 
 865,944       10            349,07 
 865,944       10            349,275 
 865,944       10            349,48 
 865,944       10            349,684 
 865,944       10            349,908 
 865,944       10            350,109 
 865,944       10            350,346 
 865,944       10            350,562 
 865,944       10            350,757 
 865,944       10            350,959 
 865,944       10            351,146 
 865,944       10            351,359 
 865,944       10            351,565 
 865,944       10            351,833 
 865,944       10            352,046 
 865,944       10            352,251 
 865,944       10            352,447 
 865,944       10            352,683 
 865,944       10            353,079 
 865,944       10            353,287 
 865,944       10            353,485 
 865,944       10            353,676 
 865,944       10            353,883 
 865,944       10            354,109 
 865,944       10            354,32 
 865,944       10            354,522 
 865,944       10            354,715 
 865,944       10            354,947 
 865,944       10            355,24 
 865,944       10            355,454 
 865,944       10            355,66 
 865,944       10            355,897 
 865,944       10            356,141 
 865,944       10            356,34 
 865,944       10            356,547 
 865,944       10            356,814 
 865,944       10            357,046 
 865,944       10            357,276 
 865,944       10            357,556 
 865,944       10            357,853 
 865,944       10            358,06 
 865,944       10            358,249 
 865,944       10            358,466 
 865,944       10            358,658 
 865,944       10            358,847 
 865,944       10            359,058 
 865,944       10            359,27 
 865,944       10            359,469 
 865,944       10            359,682 
 865,944       10            359,89 
 865,944       10            360,105 
 865,944       10            360,309 
 865,944       10            360,53 
 865,944       10            360,722 
 865,944       10            360,933 
 865,944       10            361,124 
 865,944       10            361,552 
 865,944       10            361,755 
 865,944       10            361,959 
 865,944       10            362,146 
 865,944       10            362,347 
 865,944       10            362,544 
 865,944       10            362,752 
 865,944       10            362,94 
 865,944       10            363,137 
 865,944       10            363,352 
 865,944       10            363,566 
 865,944       10            363,888 
 865,944       10            364,11 
 865,944       10            364,315 
 865,944       10            364,518 
 865,944       10            364,738 
 865,944       10            364,936 
 865,944       10            365,14 
 865,944       10            365,349 
 865,944       10            365,586 
 865,944       10            365,831 
 865,944       10            366,087 
 865,944       10            366,341 
 865,944       10            366,556 
 865,944       10            366,753 
 865,944       10            366,951 
 865,944       10            367,155 
 865,944       10            367,346 
 865,944       10            367,548 
 865,944       10            367,769 
 865,944       10            367,986 
 865,944       10            368,171 
 865,944       10            368,375 
 865,944       10            368,568 
 865,944       10            368,762 
 865,944       10            368,964 
 865,944       10            369,148 
 865,944       10            369,353 
 865,944       10            369,553 
 865,944       10            369,783 
 865,944       10            370,003 
 865,944       10            370,217 
 865,944       10            370,474 
 865,944       10            370,669 
 865,944       10            370,897 
 865,944       10            371,115 
 865,944       10            371,319 
 865,944       10            371,63 
 865,944       10            371,929 
 865,944       10            372,192 
 865,944       10            372,394 
 865,944       10            372,582 
 865,944       10            372,834 
 865,944       10            373,03 
 865,944       10            373,24 
 865,944       10            373,436 
 865,944       10            373,632 
 865,944       10            373,861 
 865,944       10            374,069 
 865,944       10            374,273 
 865,944       10            374,461 
 865,944       10            374,686 
 865,944       10            374,914 
 865,944       10            375,364 
 865,944       10            375,562 
 865,944       10            375,758 
 865,944       10            375,959 
 865,944       10            376,184 
 865,944       10            376,414 
 865,944       10            376,624 
 865,944       10            376,826 
 865,944       10            377,095 
 865,944       10            377,295 
 865,944       10            377,507 
 865,944       10            377,704 
 865,944       10            378,01 
 865,944       10            378,212 
 865,944       10            378,406 
 865,944       10            378,595 
 865,944       10            378,792 
 865,944       10            379,004 
 865,944       10            379,212 
 865,944       10            379,498 
 865,944       10            379,708 
 865,944       10            379,934 
 865,944       10            380,142 
 865,944       10            380,382 
 865,944       10            380,564 
 865,944       10            380,801 
 865,944       10            381,011 
 865,944       10            381,281 
 865,944       10            381,5 
 865,944       10            381,702 
 865,944       10            381,903 
 865,944       10            382,149 
 865,944       10            382,349 
 865,944       10            382,561 
 865,944       10            382,772 
 865,944       10            383,013 
 865,944       10            383,207 
 865,944       10            383,408 
 865,944       10            383,609 
 865,944       10            383,822 
 865,944       10            384,055 
 865,944       10            384,267 
 865,944       10            384,469 
 865,944       10            384,679 
 865,944       10            384,884 
 865,944       10            385,11 
 865,944       10            385,326 
 865,944       10            385,535 
 865,944       10            385,763 
 865,944       10            385,985 
 865,944       10            386,198 
 865,944       10            386,394 
 865,944       10            386,591 
 865,944       10            386,8 
 865,944       10            387,006 
 865,944       10            387,206 
 865,944       10            387,418 
 865,944       10            387,626 
 865,944       10            387,834 
 865,944       10            388,045 
 865,944       10            388,27 
 865,944       10            388,481 
 865,944       10            388,698 
 865,944       10            388,907 
 865,944       10            389,104 
 865,944       10            389,293 
 865,944       10            389,482 
 865,944       10            389,685 
 865,944       10            389,891 
 865,944       10            390,105 
 865,944       10            390,316 
 865,944       10            390,514 
 865,944       10            390,714 
 865,944       10            390,908 
 865,944       10            391,103 
 865,944       10            391,373 
 865,944       10            391,58 
 865,944       10            391,77 
 865,944       10            391,993 
 865,944       10            392,2 
 865,944       10            392,467 
 865,944       10            392,67 
 865,944       10            392,949 
 865,944       10            393,137 
 865,944       10            393,347 
 865,944       10            393,55 
 865,944       10            393,786 
 865,944       10            393,99 
 865,944       10            394,187 
 865,944       10            394,397 
 865,944       10            394,612 
 865,944       10            394,823 
 865,944       10            395,026 
 865,944       10            395,234 
 865,944       10            395,45 
 865,944       10            395,668 
 865,944       10            395,91 
 865,944       10            396,141 
 865,944       10            396,346 
 865,944       10            396,547 
 865,944       10            396,736 
 865,944       10            396,937 
 865,944       10            397,165 
 865,944       10            397,378 
 865,944       10            397,566 
 865,944       10            397,764 
 865,944       10            397,978 
 865,944       10            398,197 
 865,944       10            398,403 
 865,944       10            398,652 
 865,944       10            398,857 
 865,944       10            399,047 
 865,944       10            399,251 
 865,944       10            399,461 
 865,944       10            399,662 
 865,944       10            399,871 
 865,944       10            400,087 
 865,944       10            400,308 
 865,944       10            400,505 
 865,944       10            400,734 
 865,944       10            400,952 
 865,944       10            401,156 
 865,944       10            401,374 
 865,944       10            401,637 
 865,944       10            401,831 
 865,944       10            402,051 
 865,944       10            402,251 
 865,944       10            402,448 
 865,944       10            402,646 
 865,944       10            402,901 
 865,944       10            403,105 
 865,944       10            403,306 
 865,944       10            403,624 
 865,944       10            403,817 
 865,944       10            404,034 
 865,944       10            404,332 
 865,944       10            404,594 
 865,944       10            404,813 
 865,944       10            405,01 
 865,944       10            405,202 
 865,944       10            405,395 
 865,944       10            405,595 
 865,944       10            405,925 
 865,944       10            406,13 
 865,944       10            406,347 
 865,944       10            406,561 
 865,944       10            406,795 
 865,944       10            407,015 
 865,944       10            407,222 
 865,944       10            407,455 
 865,944       10            407,67 
 865,944       10            407,973 
 865,944       10            408,208 
 865,944       10            408,414 
 865,944       10            408,638 
 865,944       10            408,855 
 865,944       10            409,067 
 865,944       10            409,334 
 865,944       10            409,58 
 865,944       10            409,786 
 865,944       10            409,98 
 865,944       10            410,215 
 865,944       10            410,407 
 865,944       10            410,609 
 865,944       10            410,865 
 865,944       10            411,071 
 865,944       10            411,284 
 865,944       10            411,476 
 865,944       10            411,71 
 865,944       10            411,949 
 865,944       10            412,15 
 865,944       10            412,401 
 865,944       10            412,618 
 865,944       10            412,824 
 865,944       10            413,049 
 865,944       10            413,274 
 865,944       10            413,49 
 865,944       10            413,69 
 865,944       10            413,889 
 865,944       10            414,123 
 865,944       10            414,364 
 865,944       10            414,589 
 865,944       10            414,825 
 865,944       10            415,039 
 865,944       10            415,243 
 865,944       10            415,451 
 865,944       10            415,651 
 865,944       10            415,914 
 865,944       10            416,185 
 865,944       10            416,402 
 865,944       10            416,608 
 865,944       10            416,811 
 865,944       10            417,064 
 865,944       10            417,256 
 865,944       10            417,45 
 865,944       10            417,676 
 865,944       10            417,912 
 865,944       10            418,124 
 865,944       10            418,4 
 865,944       10            418,616 
 865,944       10            418,812 
 865,944       10            419,037 
 865,944       10            419,221 
 865,944       10            419,421 
 865,944       10            419,619 
 865,944       10            419,835 
 865,944       10            420,063 
 865,944       10            420,256 
 865,944       10            420,491 
 865,944       10            420,702 
 865,944       10            420,907 
 865,944       10            421,116 
 865,944       10            421,318 
 865,944       10            421,53 
 865,944       10            421,719 
 865,944       10            421,927 
 865,944       10            422,13 
 865,944       10            422,324 
 865,944       10            422,538 
 865,944       10            422,741 
 865,944       10            422,939 
 865,944       10            423,138 
 865,944       10            423,342 
 865,944       10            423,548 
 865,944       10            423,755 
 865,944       10            423,989 
 865,944       10            424,204 
 865,944       10            424,555 
 865,944       10            424,752 
 865,944       10            424,969 
 865,944       10            425,169 
 865,944       10            425,372 
 865,944       10            425,598 
 865,944       10            425,856 
 865,944       10            426,069 
 865,944       10            426,301 
 865,944       10            426,513 
 865,944       10            426,708 
 865,944       10            426,909 
 865,944       10            427,154 
 865,944       10            427,389 
 865,944       10            427,726 
 865,944       10            427,93 
 865,944       10            428,2 
 865,944       10            428,45 
 865,944       10            428,743 
 865,944       10            428,94 
 865,944       10            429,15 
 865,944       10            429,343 
 865,944       10            429,607 
 865,944       10            429,832 
 865,944       10            430,139 
 865,944       10            430,383 
 865,944       10            430,655 
 865,944       10            430,874 
 865,944       10            431,082 
 865,944       10            431,277 
 865,944       10            431,477 
 865,944       10            431,684 
 865,944       10            431,881 
 865,944       10            432,129 
 865,944       10            432,363 
 865,944       10            432,555 
 865,944       10            432,755 
 865,944       10            432,968 
 865,944       10            433,181 
 865,944       10            433,387 
 865,944       10            433,581 
 865,944       10            433,984 
 865,944       10            434,196 
 865,944       10            434,493 
 865,944       10            434,702 
 865,944       10            434,936 
 865,944       10            435,282 
 865,944       10            435,48 
 865,944       10            435,697 
 865,944       10            435,906 
 865,944       10            436,109 
 865,944       10            436,306 
 865,944       10            436,509 
 865,944       10            436,727 
 865,944       10            437,006 
 865,944       10            437,224 
 865,944       10            437,44 
 865,944       10            437,631 
 865,944       10            437,872 
 865,944       10            438,087 
 865,944       10            438,308 
 865,944       10            438,517 
 865,944       10            438,718 
 865,944       10            438,922 
 865,944       10            439,12 
 865,944       10            439,329 
 865,944       10            439,526 
 865,944       10            439,736 
 865,944       10            439,933 
 865,944       10            440,138 
 865,944       10            440,355 
 865,944       10            440,584 
 865,944       10            440,833 
 865,944       10            441,046 
 865,944       10            441,244 
 865,944       10            441,45 
 865,944       10            441,666 
 865,944       10            441,875 
 865,944       10            442,117 
 865,944       10            442,312 
 865,944       10            442,516 
 865,944       10            442,735 
 865,944       10            442,971 
 865,944       10            443,462 
 865,944       10            443,671 
 865,944       10            443,928 
 865,944       10            444,125 
 865,944       10            444,348 
 865,944       10            444,574 
 865,944       10            444,772 
 865,944       10            444,999 
 865,944       10            445,195 
 865,944       10            445,39 
 865,944       10            445,585 
 865,944       10            445,83 
 865,944       10            446,044 
 865,944       10            446,25 
 865,944       10            446,467 
 865,944       10            446,658 
 865,944       10            446,858 
 865,944       10            447,052 
 865,944       10            447,248 
 865,944       10            447,444 
 865,944       10            447,653 
 865,944       10            447,849 
 865,944       10            448,043 
 865,944       10            448,226 
 865,944       10            448,449 
 865,944       10            448,648 
 865,944       10            448,882 
 865,944       10            449,102 
 865,944       10            449,298 
 865,944       10            449,495 
 865,944       10            449,71 
 865,944       10            449,981 
 865,944       10            450,185 
 865,944       10            450,407 
 865,944       10            450,624 
 865,944       10            450,84 
 865,944       10            451,082 
 865,944       10            451,278 
 865,944       10            451,488 
 865,944       10            451,7 
 865,944       10            451,886 
 865,944       10            452,113 
 865,944       10            452,323 
 865,944       10            452,554 
 865,944       10            452,751 
 865,944       10            453,029 
 865,944       10            453,224 
 865,944       10            453,432 
 865,944       10            453,631 
 865,944       10            453,828 
 865,944       10            454,034 
 865,944       10            454,261 
 865,944       10            454,472 
 865,944       10            454,674 
 865,944       10            454,887 
 865,944       10            455,111 
 865,944       10            455,331 
 865,944       10            455,522 
 865,944       10            455,712 
 865,944       10            456,064 
 865,944       10            456,274 
 865,944       10            456,552 
 865,944       10            456,769 
 865,944       10            457,032 
 865,944       10            457,282 
 865,944       10            457,486 
 865,944       10            457,689 
 865,944       10            457,924 
 865,944       10            458,149 
 865,944       10            458,353 
 865,944       10            458,601 
 865,944       10            458,824 
 865,944       10            459,027 
 865,944       10            459,224 
 865,944       10            459,426 
 865,944       10            459,628 
 865,944       10            459,957 
 865,944       10            460,159 
 865,944       10            460,367 
 865,944       10            460,59 
 865,944       10            460,808 
 865,944       10            461,02 
 865,944       10            461,245 
 865,944       10            461,44 
 865,944       10            461,637 
 865,944       10            461,836 
 865,944       10            462,193 
 865,944       10            462,388 
 865,944       10            462,593 
 865,944       10            462,79 
 865,944       10            462,974 
 865,944       10            463,168 
 865,944       10            463,371 
 865,944       10            463,597 
 865,944       10            463,809 
 865,944       10            464,041 
 865,944       10            464,381 
 865,944       10            464,604 
 865,944       10            464,824 
 865,944       10            465,039 
 865,944       10            465,243 
 865,944       10            465,461 
 865,944       10            465,653 
 865,944       10            465,84 
 865,944       10            466,071 
 865,944       10            466,287 
 865,944       10            466,517 
 865,944       10            466,711 
 865,944       10            466,957 
 865,944       10            467,15 
 865,944       10            467,343 
 865,944       10            467,596 
 865,944       10            467,796 
 865,944       10            468,008 
 865,944       10            468,205 
 865,944       10            468,44 
 865,944       10            468,65 
 865,944       10            468,852 
 865,944       10            469,071 
 865,944       10            469,346 
 865,944       10            469,56 
 865,944       10            469,754 
 865,944       10            469,956 
 865,944       10            470,27 
 865,944       10            470,526 
 865,944       10            470,731 
 865,944       10            470,93 
 865,944       10            471,119 
 865,944       10            471,322 
 865,944       10            471,53 
 865,944       10            471,733 
 865,944       10            471,974 
 865,944       10            472,184 
 865,944       10            472,389 
 865,944       10            472,719 
 865,944       10            472,922 
 865,944       10            473,149 
 865,944       10            473,35 
 865,944       10            473,55 
 865,944       10            473,751 
 865,944       10            473,947 
 865,944       10            474,156 
 865,944       10            474,4 
 865,944       10            474,604 
 865,944       10            474,791 
 865,944       10            475,025 
 865,944       10            475,257 
 865,944       10            475,471 
 865,944       10            475,734 
 865,944       10            475,976 
 865,944       10            476,17 
 865,944       10            476,416 
 865,944       10            476,623 
 865,944       10            476,858 
 865,944       10            477,061 
 865,944       10            477,57 
 865,944       10            477,781 
 865,944       10            478,008 
 865,944       10            478,226 
 865,944       10            478,439 
 865,944       10            478,742 
 865,944       10            478,969 
 865,944       10            479,177 
 865,944       10            479,421 
 865,944       10            479,622 
 865,944       10            479,853 
 865,944       10            480,165 
 865,944       10            480,372 
 865,944       10            480,584 
 865,944       10            480,794 
 865,944       10            481,02 
 865,944       10            481,51 
 865,944       10            481,708 
 865,944       10            481,935 
 865,944       10            482,141 
 865,944       10            482,334 
 865,944       10            482,586 
 865,944       10            482,865 
 865,944       10            483,067 
 865,944       10            483,307 
 865,944       10            483,513 
 865,944       10            483,842 
 865,944       10            484,322 
 865,944       10            484,555 
 865,944       10            484,743 
 865,944       10            484,979 
 865,944       10            485,211 
 865,944       10            485,426 
 865,944       10            485,653 
 865,944       10            485,849 
 865,944       10            486,052 
 865,944       10            486,251 
 865,944       10            486,471 
 865,944       10            486,662 
 865,944       10            486,902 
 865,944       10            487,126 
 865,944       10            487,407 
 865,944       10            487,603 
 865,944       10            487,811 
 865,944       10            488,006 
 865,944       10            488,202 
 865,944       10            488,707 
 865,944       10            488,934 
 865,944       10            489,136 
 865,944       10            489,328 
 865,944       10            489,562 
 865,944       10            489,765 
 865,944       10            489,962 
 865,944       10            490,194 
 865,944       10            490,411 
 865,944       10            490,64 
 865,944       10            490,846 
 865,944       10            491,059 
 865,944       10            491,254 
 865,944       10            491,484 
 865,944       10            491,676 
 865,944       10            491,866 
 865,944       10            492,066 
 865,944       10            492,261 
 865,944       10            492,457 
 865,944       10            492,67 
 865,944       10            492,871 
 865,944       10            493,076 
 865,944       10            493,283 
 865,944       10            493,464 
 865,944       10            493,685 
 865,944       10            493,877 
 865,944       10            494,069 
 865,944       10            494,294 
 865,944       10            494,57 
 865,944       10            494,761 
 865,944       10            494,979 
 865,944       10            495,17 
 865,944       10            495,364 
 865,944       10            495,59 
 865,944       10            495,787 
 865,944       10            496,007 
 865,944       10            496,293 
 865,944       10            496,521 
 865,944       10            496,737 
 865,944       10            496,943 
 865,944       10            497,149 
 865,944       10            497,36 
 865,944       10            497,554 
 865,944       10            497,769 
 865,944       10            498,044 
 865,944       10            498,259 
 865,944       10            498,474 
 865,944       10            498,674 
 865,944       10            498,953 
 865,944       10            499,157 
 865,944       10            499,359 
 865,944       10            499,552 
 865,944       10            499,764 
 865,944       10            499,977 
 865,944       10            500,178 
 865,944       10            500,387 
 865,944       10            500,575 
 865,944       10            500,772 
 865,944       10            500,959 
 865,944       10            501,189 
 865,944       10            501,385 
 865,944       10            501,596 
 865,944       10            501,794 
 865,944       10            501,993 
 865,944       10            502,209 
 865,944       10            502,418 
 865,944       10            502,636 
 865,944       10            502,855 
 865,944       10            503,046 
 865,944       10            503,379 
 865,944       10            503,576 
 865,944       10            503,776 
 865,944       10            504,006 
 865,944       10            504,193 
 865,944       10            504,413 
 865,944       10            504,917 
 865,944       10            505,124 
 865,944       10            505,333 
 865,944       10            505,538 
 865,944       10            505,809 
 865,944       10            506,008 
 865,944       10            506,235 
 865,944       10            506,474 
 865,944       10            506,712 
 865,944       10            506,935 
 865,944       10            507,223 
 865,944       10            507,428 
 865,944       10            507,635 
 865,944       10            507,935 
 865,944       10            508,145 
 865,944       10            508,334 
 865,944       10            508,53 
 865,944       10            508,745 
 865,944       10            508,962 
 865,944       10            509,268 
 865,944       10            509,475 
 865,944       10            509,746 
 865,944       10            509,976 
 865,944       10            510,192 
 865,944       10            510,398 
 865,944       10            510,599 
 865,944       10            510,822 
 865,944       10            511,016 
 865,944       10            511,215 
 865,944       10            511,413 
 865,944       10            511,62 
 865,944       10            511,854 
 865,944       10            512,04 
 865,944       10            512,27 
 865,944       10            512,485 
 865,944       10            512,704 
 865,944       10            513,159 
 865,944       10            513,356 
 865,944       10            513,577 
 865,944       10            513,788 
 865,944       10            513,989 
 865,944       10            514,194 
 865,944       10            514,415 
 865,944       10            514,634 
 865,944       10            514,841 
 865,944       10            515,044 
 865,944       10            515,259 
 865,944       10            515,449 
 865,944       10            515,648 
 865,944       10            515,856 
 865,944       10            516,179 
 865,944       10            516,428 
 865,944       10            516,629 
 865,944       10            516,843 
 865,944       10            517,052 
 865,944       10            517,267 
 865,944       10            517,519 
 865,944       10            517,726 
 865,944       10            517,96 
 865,944       10            518,166 
 865,944       10            518,388 
 865,944       10            518,584 
 865,944       10            518,847 
 865,944       10            519,068 
 865,944       10            519,302 
 865,944       10            519,499 
 865,944       10            519,699 
 865,944       10            519,932 
 865,944       10            520,134 
 865,944       10            520,356 
 865,944       10            520,611 
 865,944       10            520,905 
 865,944       10            521,11 
 865,944       10            521,297 
 865,944       10            521,502 
 865,944       10            521,704 
 865,944       10            521,989 
 865,944       10            522,191 
 865,944       10            522,39 
 865,944       10            522,61 
 865,944       10            522,81 
 865,944       10            523,032 
 865,944       10            523,317 
 865,944       10            523,514 
 865,944       10            523,727 
 865,944       10            523,947 
 865,944       10            524,154 
 865,944       10            524,394 
 865,944       10            524,612 
 865,944       10            524,828 
 865,944       10            525,041 
 865,944       10            525,304 
 865,944       10            525,557 
 865,944       10            525,752 
 865,944       10            525,958 
 865,944       10            526,172 
 865,944       10            526,436 
 865,944       10            526,643 
 865,944       10            526,852 
 865,944       10            527,064 
 865,944       10            527,265 
 865,944       10            527,459 
 865,944       10            527,687 
 865,944       10            527,938 
 865,944       10            528,152 
 865,944       10            528,356 
 865,944       10            528,563 
 865,944       10            528,756 
 865,944       10            529,016 
 865,944       10            529,225 
 865,944       10            529,446 
 865,944       10            529,698 
 865,944       10            529,904 
 865,944       10            530,132 
 865,944       10            530,333 
 865,944       10            530,567 
 865,944       10            530,877 
 865,944       10            531,086 
 865,944       10            531,452 
 865,944       10            531,668 
 865,944       10            531,874 
 865,944       10            532,091 
 865,944       10            532,331 
 865,944       10            532,534 
 865,944       10            532,745 
 865,944       10            532,945 
 865,944       10            533,196 
 865,944       10            533,389 
 865,944       10            533,618 
 865,944       10            533,82 
 865,944       10            534,037 
 865,944       10            534,247 
 865,944       10            534,458 
 865,944       10            534,655 
 865,944       10            534,929 
 865,944       10            535,142 
 865,944       10            535,351 
 865,944       10            535,564 
 865,944       10            535,765 
 865,944       10            535,987 
 865,944       10            536,193 
 865,944       10            536,439 
 865,944       10            536,645 
 865,944       10            536,856 
 865,944       10            537,092 
