Iteraciones:   2458 

Costo         Vehículos     Tiempo [seg]
 1791,246      13            0,787 
 1791,246      13            1,357 
 1766,68       13            1,823 
 1766,68       13            2,285 
 1766,68       13            2,692 
 1766,68       13            3,115 
 1717,097      13            3,532 
 1717,097      13            3,895 
 1717,097      13            4,242 
 1717,097      13            4,667 
 1717,097      13            5,04 
 1717,097      13            5,409 
 1717,097      13            5,802 
 1717,097      13            6,166 
 1717,097      13            6,56 
 1717,097      13            6,911 
 1717,097      13            7,286 
 1717,097      13            7,674 
 1717,097      13            8,099 
 1717,097      13            8,465 
 1717,097      13            8,797 
 1717,097      13            9,168 
 1717,097      13            9,555 
 1717,097      13            9,899 
 1717,097      13            10,237 
 1717,097      13            10,652 
 1713,107      13            11,022 
 1713,107      13            11,402 
 1713,107      13            11,961 
 1713,107      13            12,419 
 1713,107      13            12,803 
 1713,107      13            13,169 
 1713,107      13            13,534 
 1713,107      13            13,893 
 1713,107      13            14,377 
 1713,107      13            14,741 
 1713,107      13            15,104 
 1713,107      13            15,463 
 1713,107      13            15,869 
 1713,107      13            16,23 
 1713,107      13            16,567 
 1713,107      13            16,997 
 1713,107      13            17,394 
 1713,107      13            17,799 
 1713,107      13            18,147 
 1713,107      13            18,499 
 1713,107      13            18,862 
 1713,107      13            19,26 
 1713,107      13            19,634 
 1691,084      13            19,979 
 1691,084      13            20,368 
 1691,084      13            20,72 
 1691,084      13            21,095 
 1691,084      13            21,496 
 1676,578      13            21,904 
 1676,578      13            22,258 
 1676,578      13            22,586 
 1676,578      13            22,971 
 1676,578      13            23,359 
 1676,578      13            23,748 
 1676,578      13            24,15 
 1676,578      13            24,516 
 1676,578      13            24,861 
 1676,578      13            25,197 
 1676,578      13            25,555 
 1676,578      13            25,914 
 1676,578      13            26,254 
 1676,578      13            26,612 
 1676,578      13            26,956 
 1676,578      13            27,305 
 1676,578      13            27,671 
 1676,578      13            28,016 
 1676,578      13            28,366 
 1676,578      13            28,699 
 1676,578      13            29,102 
 1676,578      13            29,522 
 1676,578      13            29,871 
 1676,578      13            30,251 
 1676,578      13            30,672 
 1676,578      13            30,998 
 1676,578      13            31,43 
 1672,413      13            31,842 
 1667,356      13            32,25 
 1667,356      13            32,602 
 1667,356      13            32,927 
 1667,356      13            33,266 
 1667,356      13            33,666 
 1667,356      13            34,069 
 1667,356      13            34,453 
 1667,356      13            34,798 
 1667,356      13            35,112 
 1667,356      13            35,474 
 1667,356      13            35,775 
 1667,356      13            36,11 
 1667,356      13            36,466 
 1667,356      13            36,847 
 1667,356      13            37,188 
 1667,356      13            37,582 
 1667,356      13            37,946 
 1667,356      13            38,321 
 1667,356      13            38,669 
 1667,356      13            39,014 
 1667,356      13            39,449 
 1667,356      13            39,78 
 1667,356      13            40,168 
 1667,356      13            40,505 
 1667,356      13            40,842 
 1667,356      13            41,208 
 1667,356      13            41,675 
 1667,356      13            42,08 
 1667,356      13            42,465 
 1667,356      13            42,879 
 1667,356      13            43,256 
 1667,356      13            43,615 
 1667,356      13            43,956 
 1667,356      13            44,32 
 1667,356      13            44,699 
 1667,356      13            45,07 
 1667,356      13            45,436 
 1667,356      13            45,795 
 1667,356      13            46,146 
 1667,356      13            46,514 
 1667,356      13            46,86 
 1667,356      13            47,215 
 1667,356      13            47,546 
 1667,356      13            47,898 
 1667,356      13            48,234 
 1667,356      13            48,608 
 1667,356      13            48,952 
 1667,356      13            49,353 
 1667,356      13            49,708 
 1667,356      13            50,043 
 1667,356      13            50,395 
 1667,356      13            50,745 
 1667,356      13            51,097 
 1667,356      13            51,428 
 1667,356      13            51,78 
 1667,356      13            52,145 
 1667,356      13            52,459 
 1667,356      13            52,856 
 1667,356      13            53,182 
 1667,356      13            53,52 
 1667,356      13            53,858 
 1667,356      13            54,222 
 1667,356      13            54,581 
 1667,356      13            54,908 
 1667,356      13            55,277 
 1667,356      13            55,614 
 1667,356      13            55,97 
 1667,356      13            56,308 
 1667,356      13            56,664 
 1667,356      13            57,017 
 1667,356      13            57,372 
 1667,356      13            57,716 
 1667,356      13            58,09 
 1667,356      13            58,492 
 1667,356      13            58,863 
 1667,356      13            59,25 
 1667,356      13            59,63 
 1667,356      13            59,998 
 1667,356      13            60,357 
 1667,356      13            60,666 
 1667,356      13            60,991 
 1667,356      13            61,331 
 1667,356      13            61,681 
 1667,356      13            62,065 
 1667,356      13            62,381 
 1667,356      13            62,768 
 1667,356      13            63,143 
 1667,356      13            63,473 
 1625,493      13            63,784 
 1625,493      13            64,11 
 1625,493      13            64,49 
 1625,493      13            64,822 
 1625,493      13            65,214 
 1625,493      13            65,547 
 1625,493      13            65,895 
 1625,493      13            66,245 
 1625,493      13            66,562 
 1625,493      13            66,93 
 1613,741      13            67,3 
 1613,741      13            67,616 
 1613,741      13            68,004 
 1613,741      13            68,395 
 1613,741      13            68,757 
 1613,741      13            69,127 
 1613,741      13            69,476 
 1613,741      13            69,83 
 1613,741      13            70,233 
 1613,741      13            70,583 
 1613,741      13            70,935 
 1613,741      13            71,258 
 1613,741      13            71,627 
 1613,741      13            71,992 
 1613,741      13            72,361 
 1613,741      13            72,696 
 1613,741      13            73,074 
 1613,741      13            73,435 
 1613,741      13            73,782 
 1613,741      13            74,127 
 1613,741      13            74,456 
 1613,741      13            74,817 
 1613,741      13            75,192 
 1613,741      13            75,519 
 1613,741      13            75,846 
 1613,741      13            76,204 
 1613,741      13            76,531 
 1613,741      13            76,863 
 1613,741      13            77,214 
 1613,741      13            77,511 
 1613,741      13            77,874 
 1613,741      13            78,284 
 1613,741      13            78,634 
 1613,741      13            79,02 
 1613,741      13            79,345 
 1613,741      13            79,755 
 1613,741      13            80,089 
 1613,741      13            80,431 
 1613,741      13            80,794 
 1613,741      13            81,179 
 1613,741      13            81,586 
 1613,741      13            81,9 
 1613,741      13            82,226 
 1613,741      13            82,565 
 1613,741      13            82,91 
 1613,741      13            83,288 
 1613,741      13            83,724 
 1613,741      13            84,075 
 1613,741      13            84,442 
 1613,741      13            84,768 
 1613,741      13            85,16 
 1613,741      13            85,49 
 1613,741      13            85,839 
 1613,741      13            86,196 
 1613,741      13            86,527 
 1613,741      13            86,872 
 1613,741      13            87,286 
 1613,741      13            87,642 
 1613,741      13            88,037 
 1613,741      13            88,395 
 1613,741      13            88,716 
 1613,741      13            89,085 
 1613,741      13            89,457 
 1613,741      13            89,855 
 1613,741      13            90,192 
 1613,741      13            90,563 
 1613,741      13            90,943 
 1613,741      13            91,307 
 1613,741      13            91,658 
 1613,741      13            91,998 
 1613,741      13            92,346 
 1613,741      13            92,713 
 1613,741      13            93,048 
 1613,741      13            93,411 
 1613,741      13            93,776 
 1613,741      13            94,137 
 1613,741      13            94,463 
 1613,741      13            94,79 
 1613,741      13            95,145 
 1613,741      13            95,51 
 1613,741      13            95,857 
 1613,741      13            96,258 
 1613,741      13            96,602 
 1613,741      13            96,972 
 1613,741      13            97,342 
 1613,741      13            97,778 
 1613,741      13            98,171 
 1613,741      13            98,523 
 1613,741      13            98,923 
 1613,741      13            99,304 
 1613,741      13            99,772 
 1613,741      13            100,11 
 1613,741      13            100,497 
 1613,741      13            100,885 
 1613,741      13            101,269 
 1613,741      13            101,68 
 1613,741      13            102,294 
 1613,741      13            103,071 
 1613,741      13            103,838 
 1613,741      13            104,498 
 1613,741      13            105,137 
 1613,741      13            105,847 
 1613,741      13            106,571 
 1613,741      13            107,264 
 1613,741      13            108,071 
 1613,741      13            108,787 
 1613,741      13            109,557 
 1613,741      13            110,458 
 1613,741      13            111,109 
 1613,741      13            111,833 
 1613,741      13            112,616 
 1613,741      13            113,395 
 1613,741      13            114,114 
 1613,741      13            114,784 
 1613,741      13            115,445 
 1613,741      13            116,151 
 1613,741      13            116,89 
 1613,741      13            117,654 
 1613,741      13            118,45 
 1613,741      13            119,114 
 1613,741      13            119,851 
 1613,741      13            120,613 
 1613,741      13            121,266 
 1613,741      13            121,945 
 1613,741      13            122,699 
 1613,741      13            123,36 
 1613,741      13            124,079 
 1613,741      13            124,881 
 1613,741      13            125,659 
 1613,741      13            126,281 
 1613,741      13            127,074 
 1613,741      13            127,684 
 1600,514      13            128,395 
 1600,514      13            129,112 
 1600,514      13            129,893 
 1600,514      13            130,644 
 1600,514      13            131,368 
 1600,514      13            132,165 
 1600,514      13            132,908 
 1600,514      13            133,533 
 1600,514      13            134,366 
 1600,514      13            135,063 
 1600,514      13            135,922 
 1600,514      13            136,578 
 1600,514      13            137,06 
 1600,514      13            137,412 
 1600,514      13            137,785 
 1600,514      13            138,176 
 1600,514      13            138,521 
 1600,514      13            138,896 
 1600,514      13            139,258 
 1600,514      13            139,619 
 1600,514      13            140,017 
 1600,514      13            140,375 
 1600,514      13            140,724 
 1600,514      13            141,093 
 1600,514      13            141,643 
 1600,514      13            142,4 
 1600,514      13            143,165 
 1600,514      13            143,878 
 1600,514      13            144,632 
 1600,514      13            145,313 
 1600,514      13            146,098 
 1600,514      13            146,877 
 1600,514      13            147,601 
 1600,514      13            148,372 
 1600,514      13            149,086 
 1600,514      13            149,783 
 1600,514      13            150,563 
 1600,514      13            151,338 
 1600,514      13            152,044 
 1600,514      13            152,758 
 1600,514      13            153,407 
 1600,514      13            154,068 
 1600,514      13            154,726 
 1600,514      13            155,436 
 1600,514      13            156,223 
 1600,514      13            156,991 
 1600,514      13            157,722 
 1600,514      13            158,383 
 1600,514      13            159,107 
 1600,514      13            159,817 
 1600,514      13            160,533 
 1600,514      13            161,23 
 1600,514      13            162,019 
 1600,514      13            162,679 
 1600,514      13            163,4 
 1600,514      13            164,113 
 1600,514      13            164,873 
 1600,514      13            165,541 
 1600,514      13            166,208 
 1600,514      13            166,926 
 1600,514      13            167,677 
 1600,514      13            168,467 
 1600,514      13            169,193 
 1600,514      13            169,902 
 1600,514      13            170,996 
 1600,514      13            172,095 
 1600,514      13            172,994 
 1600,514      13            174,062 
 1600,514      13            175,16 
 1600,514      13            176,217 
 1600,514      13            177,384 
 1600,514      13            178,378 
 1600,514      13            179,421 
 1600,514      13            180,69 
 1600,514      13            181,96 
 1600,514      13            183,155 
 1600,514      13            184,253 
 1600,514      13            185,393 
 1600,514      13            186,604 
 1600,514      13            187,778 
 1600,514      13            188,848 
 1600,514      13            189,9 
 1600,514      13            190,988 
 1600,514      13            192,073 
 1600,514      13            193,223 
 1600,514      13            194,301 
 1600,514      13            195,298 
 1600,514      13            196,346 
 1600,514      13            197,427 
 1600,514      13            198,419 
 1600,514      13            199,525 
 1600,514      13            200,515 
 1600,514      13            201,502 
 1600,514      13            202,483 
 1600,514      13            203,533 
 1600,514      13            204,447 
 1600,514      13            205,502 
 1600,514      13            206,607 
 1600,514      13            207,704 
 1600,514      13            208,913 
 1600,514      13            210,047 
 1600,514      13            211,337 
 1600,514      13            212,506 
 1600,514      13            213,599 
 1600,514      13            214,777 
 1600,514      13            215,797 
 1600,514      13            216,986 
 1600,514      13            218,155 
 1600,514      13            219,138 
 1600,514      13            220,289 
 1600,514      13            221,259 
 1600,514      13            222,402 
 1600,514      13            223,471 
 1600,514      13            224,536 
 1600,514      13            225,544 
 1600,514      13            226,619 
 1600,514      13            227,708 
 1600,514      13            228,803 
 1600,514      13            230,104 
 1600,514      13            231,283 
 1600,514      13            232,335 
 1600,514      13            233,442 
 1600,514      13            234,743 
 1600,514      13            235,851 
 1600,514      13            236,956 
 1600,514      13            237,985 
 1600,514      13            238,953 
 1600,514      13            240,018 
 1600,514      13            241,083 
 1600,514      13            242,341 
 1600,514      13            243,391 
 1600,514      13            244,464 
 1600,514      13            245,457 
 1600,514      13            246,636 
 1600,514      13            247,763 
 1600,514      13            248,782 
 1600,514      13            249,909 
 1600,514      13            250,943 
 1600,514      13            252,082 
 1600,514      13            253,095 
 1600,514      13            254,228 
 1600,514      13            255,383 
 1600,514      13            256,508 
 1600,514      13            257,501 
 1600,514      13            258,568 
 1600,514      13            259,635 
 1600,514      13            260,686 
 1600,514      13            261,753 
 1600,514      13            262,721 
 1600,514      13            263,764 
 1600,514      13            264,758 
 1600,514      13            265,818 
 1600,514      13            266,96 
 1600,514      13            268,223 
 1600,514      13            269,377 
 1600,514      13            270,361 
 1600,514      13            271,425 
 1600,514      13            272,478 
 1600,514      13            273,722 
 1600,514      13            274,98 
 1600,514      13            276,057 
 1600,514      13            277,115 
 1600,514      13            278,164 
 1600,514      13            279,145 
 1600,514      13            280,191 
 1600,514      13            281,178 
 1600,514      13            282,312 
 1600,514      13            283,286 
 1600,514      13            284,374 
 1600,514      13            285,508 
 1600,514      13            286,496 
 1600,514      13            287,626 
 1600,514      13            288,692 
 1600,514      13            289,763 
 1600,514      13            291,025 
 1600,514      13            292,016 
 1600,514      13            293,065 
 1600,514      13            294,136 
 1600,514      13            295,197 
 1600,514      13            296,257 
 1600,514      13            297,338 
 1600,514      13            298,298 
 1600,514      13            299,256 
 1600,514      13            300,337 
 1600,514      13            301,482 
 1600,514      13            302,554 
 1600,514      13            303,524 
 1600,514      13            304,579 
 1600,514      13            305,65 
 1600,514      13            306,627 
 1600,514      13            307,768 
 1600,514      13            308,752 
 1600,514      13            309,826 
 1600,514      13            310,876 
 1600,514      13            311,952 
 1600,514      13            313,004 
 1600,514      13            313,895 
 1600,514      13            314,956 
 1600,514      13            316,024 
 1600,514      13            317,095 
 1600,514      13            318,241 
 1600,514      13            319,235 
 1600,514      13            320,273 
 1600,514      13            321,237 
 1600,514      13            322,224 
 1600,514      13            323,384 
 1600,514      13            324,451 
 1600,514      13            325,51 
 1600,514      13            326,491 
 1600,514      13            327,541 
 1600,514      13            328,621 
 1600,514      13            329,689 
 1600,514      13            330,733 
 1600,514      13            331,711 
 1600,514      13            332,771 
 1600,514      13            333,739 
 1600,514      13            334,722 
 1600,514      13            335,793 
 1600,514      13            336,934 
 1600,514      13            337,902 
 1600,514      13            338,876 
 1600,514      13            340,035 
 1600,514      13            341,01 
 1600,514      13            342,161 
 1600,514      13            343,23 
 1600,514      13            344,34 
 1600,514      13            345,453 
 1600,514      13            346,562 
 1600,514      13            347,665 
 1600,514      13            348,745 
 1600,514      13            349,894 
 1600,514      13            351,136 
 1600,514      13            352,491 
 1600,514      13            353,694 
 1600,514      13            354,669 
 1600,514      13            355,833 
 1600,514      13            356,956 
 1600,514      13            358,117 
 1600,514      13            359,415 
 1600,514      13            360,519 
 1600,514      13            361,687 
 1600,514      13            362,791 
 1600,514      13            363,932 
 1600,514      13            365,06 
 1600,514      13            366,324 
 1600,514      13            367,575 
 1600,514      13            368,738 
 1600,514      13            369,828 
 1600,514      13            371,124 
 1600,514      13            372,331 
 1600,514      13            373,473 
 1600,514      13            374,758 
 1600,514      13            376,019 
 1600,514      13            377,456 
 1600,514      13            378,988 
 1600,514      13            380,459 
 1600,514      13            382,218 
 1600,514      13            383,698 
 1600,514      13            385,343 
 1600,514      13            386,689 
 1600,514      13            387,939 
 1600,514      13            389,22 
 1600,514      13            390,512 
 1600,514      13            392,046 
 1600,514      13            393,341 
 1600,514      13            394,537 
 1600,514      13            395,805 
 1600,514      13            397,166 
 1600,514      13            398,454 
 1600,514      13            399,984 
 1600,514      13            401,332 
 1600,514      13            402,849 
 1600,514      13            404,163 
 1600,514      13            405,516 
 1600,514      13            406,874 
 1600,514      13            408,266 
 1600,514      13            409,623 
 1600,514      13            410,901 
 1600,514      13            412,158 
 1600,514      13            413,607 
 1600,514      13            414,749 
 1600,514      13            416,222 
 1600,514      13            417,479 
 1600,514      13            418,974 
 1600,514      13            420,263 
 1600,514      13            421,633 
 1600,514      13            423,162 
 1600,514      13            424,704 
 1600,514      13            426,015 
 1600,514      13            427,419 
 1600,514      13            429,042 
 1600,514      13            430,667 
 1600,514      13            432,666 
 1600,514      13            434,275 
 1600,514      13            435,682 
 1600,514      13            437,156 
 1600,514      13            438,444 
 1600,514      13            439,804 
 1600,514      13            441,472 
 1600,514      13            442,892 
 1600,514      13            444,184 
 1600,514      13            445,581 
 1600,514      13            447,122 
 1600,514      13            448,646 
 1600,514      13            450,336 
 1600,514      13            451,866 
 1600,514      13            453,402 
 1600,514      13            454,815 
 1600,514      13            456,287 
 1600,514      13            457,697 
 1600,514      13            459,103 
 1600,514      13            460,648 
 1600,514      13            462,067 
 1600,514      13            463,561 
 1600,514      13            464,935 
 1600,514      13            466,2 
 1600,514      13            467,708 
 1600,514      13            469,153 
 1600,514      13            470,614 
 1600,514      13            472,022 
 1600,514      13            473,451 
 1600,514      13            474,84 
 1600,514      13            476,256 
 1600,514      13            477,525 
 1600,514      13            478,964 
 1600,514      13            480,368 
 1600,514      13            481,674 
 1600,514      13            483,202 
 1600,514      13            484,648 
 1600,514      13            486,1 
 1600,514      13            487,63 
 1600,514      13            489,025 
 1600,514      13            490,325 
 1600,514      13            491,833 
 1600,514      13            493,268 
 1600,514      13            494,602 
 1600,514      13            496,042 
 1600,514      13            497,665 
 1600,514      13            499,08 
 1600,514      13            500,622 
 1600,514      13            502,029 
 1600,514      13            503,418 
 1600,514      13            504,697 
 1600,514      13            505,995 
 1600,514      13            507,374 
 1600,514      13            508,951 
 1600,514      13            510,199 
 1600,514      13            511,639 
 1600,514      13            513,174 
 1600,514      13            514,681 
 1600,514      13            516,136 
 1600,514      13            517,569 
 1600,514      13            518,941 
 1600,514      13            520,449 
 1600,514      13            521,911 
 1600,514      13            523,293 
 1600,514      13            524,687 
 1600,514      13            526,226 
 1600,514      13            527,622 
 1600,514      13            529,11 
 1600,514      13            530,621 
 1600,514      13            532,117 
 1600,514      13            533,491 
 1600,514      13            534,976 
 1600,514      13            536,344 
 1600,514      13            537,728 
 1600,514      13            539,007 
 1600,514      13            540,481 
 1600,514      13            541,86 
 1600,514      13            543,249 
 1600,514      13            544,614 
 1600,514      13            545,883 
 1600,514      13            547,428 
 1600,514      13            548,689 
 1600,514      13            549,923 
 1600,514      13            551,42 
 1600,514      13            552,807 
 1600,514      13            554,336 
 1600,514      13            555,897 
 1600,514      13            557,159 
 1600,514      13            558,656 
 1600,514      13            560,009 
 1600,514      13            561,476 
 1600,514      13            562,861 
 1600,514      13            564,101 
 1600,514      13            565,574 
 1600,514      13            566,848 
 1600,514      13            568,439 
 1600,514      13            569,825 
 1600,514      13            571,195 
 1600,514      13            572,522 
 1600,514      13            573,896 
 1600,514      13            575,224 
 1600,514      13            576,483 
 1600,514      13            577,708 
 1600,514      13            579,062 
 1600,514      13            580,416 
 1600,514      13            581,9 
 1600,514      13            583,352 
 1600,514      13            584,706 
 1600,514      13            586,037 
 1600,514      13            587,382 
 1600,514      13            588,708 
 1600,514      13            590,04 
 1600,514      13            591,505 
 1600,514      13            592,86 
 1600,514      13            594,092 
 1600,514      13            595,518 
 1600,514      13            596,76 
 1600,514      13            598,222 
 1600,514      13            599,437 
 1600,514      13            600,669 
 1600,514      13            601,983 
 1600,514      13            603,233 
 1600,514      13            604,798 
 1600,514      13            606,055 
 1600,514      13            607,286 
 1600,514      13            608,641 
 1600,514      13            609,947 
 1600,514      13            611,284 
 1600,514      13            612,731 
 1600,514      13            614,106 
 1600,514      13            615,426 
 1600,514      13            616,737 
 1600,514      13            617,978 
 1600,514      13            619,311 
 1600,514      13            620,666 
 1600,514      13            621,895 
 1600,514      13            623,363 
 1600,514      13            624,735 
 1600,514      13            626,073 
 1600,514      13            627,429 
 1600,514      13            628,782 
 1600,514      13            630,216 
 1600,514      13            631,591 
 1600,514      13            633,242 
 1600,514      13            634,267 
 1600,514      13            635,604 
 1600,514      13            637,001 
 1600,514      13            638,611 
 1600,514      13            640,085 
 1600,514      13            641,446 
 1600,514      13            642,907 
 1600,514      13            644,374 
 1600,514      13            645,719 
 1600,514      13            647,335 
 1600,514      13            648,797 
 1600,514      13            650,042 
 1600,514      13            651,287 
 1600,514      13            652,845 
 1600,514      13            654,204 
 1600,514      13            655,473 
 1600,514      13            656,931 
 1600,514      13            658,284 
 1600,514      13            659,782 
 1600,514      13            661,047 
 1600,514      13            662,41 
 1600,514      13            664,009 
 1600,514      13            665,519 
 1600,514      13            666,913 
 1600,514      13            668,289 
 1600,514      13            669,558 
 1600,514      13            670,953 
 1600,514      13            672,53 
 1600,514      13            673,915 
 1600,514      13            675,315 
 1600,514      13            676,533 
 1600,514      13            677,673 
 1600,514      13            679,03 
 1600,514      13            680,405 
 1600,514      13            681,747 
 1600,514      13            683,029 
 1600,514      13            684,45 
 1600,514      13            686,152 
 1600,514      13            687,573 
 1600,514      13            689,152 
 1600,514      13            690,549 
 1600,514      13            692,028 
 1600,514      13            693,295 
 1600,514      13            694,562 
 1600,514      13            695,956 
 1600,514      13            697,391 
 1600,514      13            698,763 
 1600,514      13            700,033 
 1600,514      13            701,398 
 1600,514      13            702,795 
 1600,514      13            704,301 
 1600,514      13            705,804 
 1600,514      13            707,188 
 1600,514      13            708,557 
 1600,514      13            709,82 
 1600,514      13            711,035 
 1600,514      13            712,388 
 1600,514      13            713,777 
 1600,514      13            715,269 
 1600,514      13            716,661 
 1600,514      13            718,034 
 1600,514      13            719,533 
 1600,514      13            721 
 1600,514      13            722,27 
 1600,514      13            723,515 
 1600,514      13            724,873 
 1600,514      13            726,148 
 1600,514      13            727,558 
 1600,514      13            728,892 
 1600,514      13            730,264 
 1600,514      13            731,613 
 1600,514      13            733,241 
 1600,514      13            734,533 
 1600,514      13            735,79 
 1600,514      13            737,166 
 1600,514      13            738,509 
 1600,514      13            740,012 
 1600,514      13            741,511 
 1600,514      13            742,887 
 1600,514      13            744,241 
 1600,514      13            745,647 
 1600,514      13            746,986 
 1600,514      13            748,246 
 1600,514      13            749,37 
 1600,514      13            750,686 
 1600,514      13            752,155 
 1600,514      13            753,497 
 1600,514      13            755,095 
 1600,514      13            756,464 
 1600,514      13            757,728 
 1600,514      13            759,052 
 1600,514      13            760,383 
 1600,514      13            761,603 
 1600,514      13            762,84 
 1600,514      13            764,188 
 1600,514      13            765,671 
 1600,514      13            767,001 
 1600,514      13            768,25 
 1600,514      13            769,679 
 1600,514      13            771,027 
 1600,514      13            772,252 
 1600,514      13            773,595 
 1600,514      13            774,837 
 1600,514      13            776,187 
 1600,514      13            777,765 
 1600,514      13            778,994 
 1600,514      13            780,474 
 1600,514      13            781,925 
 1600,514      13            783,159 
 1600,514      13            784,554 
 1600,514      13            785,929 
 1600,514      13            787,079 
 1600,514      13            788,308 
 1600,514      13            789,542 
 1600,514      13            791,01 
 1600,514      13            792,234 
 1600,514      13            793,581 
 1600,514      13            794,963 
 1600,514      13            796,292 
 1600,514      13            797,665 
 1600,514      13            799,01 
 1600,514      13            800,325 
 1600,514      13            801,578 
 1600,514      13            802,94 
 1600,514      13            804,187 
 1600,514      13            805,523 
 1600,514      13            806,983 
 1600,514      13            808,23 
 1600,514      13            809,527 
 1600,514      13            810,976 
 1600,514      13            812,2 
 1600,514      13            813,659 
 1600,514      13            814,899 
 1600,514      13            816,394 
 1600,514      13            817,758 
 1600,514      13            819,093 
 1600,514      13            820,45 
 1600,514      13            821,798 
 1600,514      13            823,165 
 1600,514      13            824,487 
 1600,514      13            825,859 
 1600,514      13            827,549 
 1600,514      13            828,821 
 1600,514      13            830,18 
 1600,514      13            831,566 
 1600,514      13            832,936 
 1600,514      13            834,463 
 1600,514      13            835,755 
 1600,514      13            837,027 
 1600,514      13            838,415 
 1600,514      13            839,83 
 1600,514      13            841,12 
 1600,514      13            842,797 
 1600,514      13            844,122 
 1600,514      13            845,598 
 1600,514      13            847,086 
 1600,514      13            848,482 
 1600,514      13            850,067 
 1600,514      13            851,263 
 1600,514      13            852,937 
 1600,514      13            854,552 
 1600,514      13            855,993 
 1600,514      13            857,317 
 1600,514      13            858,898 
 1600,514      13            860,483 
 1600,514      13            861,92 
 1600,514      13            863,387 
 1600,514      13            864,841 
 1600,514      13            866,276 
 1600,514      13            867,601 
 1600,514      13            869,145 
 1600,514      13            870,478 
 1600,514      13            871,894 
 1600,514      13            873,363 
 1600,514      13            874,496 
 1600,514      13            875,398 
 1600,514      13            876,297 
 1600,514      13            877,207 
 1600,514      13            878,103 
 1600,514      13            879,145 
 1600,514      13            880,005 
 1600,514      13            880,978 
 1600,514      13            882,056 
 1600,514      13            883,072 
 1600,514      13            884,042 
 1600,514      13            884,995 
 1600,514      13            885,942 
 1600,514      13            886,827 
 1600,514      13            887,723 
 1600,514      13            888,718 
 1600,514      13            889,593 
 1600,514      13            890,628 
 1600,514      13            891,516 
 1600,514      13            892,352 
 1600,514      13            893,234 
 1600,514      13            894,147 
 1600,514      13            895,164 
 1600,514      13            896,09 
 1600,514      13            896,985 
 1600,514      13            898,042 
 1600,514      13            899,001 
 1600,514      13            899,942 
 1600,514      13            900,967 
 1600,514      13            902,103 
 1600,514      13            903,012 
 1600,514      13            903,907 
 1600,514      13            904,871 
 1600,514      13            905,835 
 1600,514      13            906,957 
 1600,514      13            907,863 
 1600,514      13            908,779 
 1600,514      13            909,736 
 1600,514      13            910,659 
 1600,514      13            911,713 
 1600,514      13            912,8 
 1600,514      13            913,728 
 1600,514      13            914,802 
 1600,514      13            915,797 
 1600,514      13            916,786 
 1600,514      13            917,691 
 1600,514      13            918,601 
 1600,514      13            919,412 
 1600,514      13            920,501 
 1600,514      13            921,649 
 1600,514      13            922,664 
 1600,514      13            923,649 
 1600,514      13            924,731 
 1600,514      13            925,669 
 1600,514      13            926,592 
 1600,514      13            927,672 
 1600,514      13            928,574 
 1600,514      13            929,54 
 1600,514      13            930,447 
 1600,514      13            931,507 
 1600,514      13            932,476 
 1600,514      13            933,498 
 1600,514      13            934,638 
 1600,514      13            935,857 
 1600,514      13            936,881 
 1600,514      13            937,982 
 1600,514      13            938,965 
 1600,514      13            940,07 
 1600,514      13            941,04 
 1600,514      13            942,003 
 1600,514      13            942,923 
 1600,514      13            943,993 
 1600,514      13            945,086 
 1600,514      13            946,072 
 1600,514      13            947,045 
 1600,514      13            948,06 
 1600,514      13            949,102 
 1600,514      13            950,012 
 1600,514      13            951,176 
 1600,514      13            952,167 
 1600,514      13            953,056 
 1600,514      13            954,052 
 1600,514      13            954,932 
 1600,514      13            955,924 
 1600,514      13            956,84 
 1600,514      13            957,89 
 1600,514      13            958,781 
 1600,514      13            959,701 
 1600,514      13            960,682 
 1600,514      13            961,652 
 1600,514      13            962,582 
 1600,514      13            963,527 
 1600,514      13            964,536 
 1600,514      13            965,534 
 1600,514      13            966,606 
 1600,514      13            967,638 
 1600,514      13            968,628 
 1600,514      13            969,523 
 1600,514      13            970,498 
 1600,514      13            971,478 
 1600,514      13            972,389 
 1600,514      13            973,362 
 1600,514      13            974,267 
 1600,514      13            975,263 
 1600,514      13            976,176 
 1600,514      13            977,294 
 1600,514      13            978,214 
 1600,514      13            979,119 
 1600,514      13            980,055 
 1600,514      13            981,055 
 1600,514      13            982,102 
 1600,514      13            983,222 
 1600,514      13            984,221 
 1600,514      13            985,278 
 1600,514      13            986,212 
 1600,514      13            987,248 
 1600,514      13            988,14 
 1600,514      13            989,162 
 1600,514      13            990,147 
 1600,514      13            991,229 
 1600,514      13            992,188 
 1600,514      13            993,187 
 1600,514      13            994,268 
 1600,514      13            995,355 
 1600,514      13            996,405 
 1600,514      13            997,476 
 1600,514      13            998,409 
 1600,514      13            999,385 
 1600,514      13            1000,209 
 1600,514      13            1001,292 
 1600,514      13            1002,16 
 1600,514      13            1003,086 
 1600,514      13            1004,078 
 1600,514      13            1005,075 
 1600,514      13            1006,06 
 1600,514      13            1007,13 
 1600,514      13            1007,959 
 1600,514      13            1009,007 
 1598,463      13            1010,045 
 1598,463      13            1011,008 
 1598,463      13            1011,944 
 1598,463      13            1012,919 
 1598,463      13            1013,909 
 1598,463      13            1014,809 
 1598,463      13            1015,709 
 1598,463      13            1016,698 
 1598,463      13            1017,687 
 1598,463      13            1018,582 
 1598,463      13            1019,462 
 1598,463      13            1020,422 
 1598,463      13            1021,329 
 1598,463      13            1022,213 
 1598,463      13            1023,123 
 1598,463      13            1024,078 
 1598,463      13            1024,921 
 1598,463      13            1025,807 
 1598,463      13            1026,807 
 1598,463      13            1027,743 
 1598,463      13            1028,725 
 1598,463      13            1029,566 
 1598,463      13            1030,542 
 1598,463      13            1031,54 
 1598,463      13            1032,58 
 1598,463      13            1033,578 
 1598,463      13            1034,689 
 1598,463      13            1035,662 
 1598,463      13            1036,675 
 1598,463      13            1037,681 
 1598,463      13            1038,699 
 1598,463      13            1039,714 
 1598,463      13            1040,711 
 1598,463      13            1041,706 
 1598,463      13            1042,626 
 1598,463      13            1043,592 
 1598,463      13            1044,581 
 1598,463      13            1045,594 
 1598,463      13            1046,626 
 1598,463      13            1047,637 
 1598,463      13            1048,639 
 1598,463      13            1049,535 
 1598,463      13            1050,515 
 1598,463      13            1051,498 
 1598,463      13            1052,494 
 1598,463      13            1053,476 
 1598,463      13            1054,397 
 1598,463      13            1055,368 
 1598,463      13            1056,392 
 1598,463      13            1057,36 
 1598,463      13            1058,193 
 1598,463      13            1059,16 
 1598,463      13            1060,032 
 1598,463      13            1061,03 
 1598,463      13            1062,029 
 1598,463      13            1062,967 
 1598,463      13            1063,954 
 1598,463      13            1064,894 
 1598,463      13            1065,941 
 1598,463      13            1066,893 
 1598,463      13            1067,767 
 1598,463      13            1068,752 
 1598,463      13            1069,649 
 1598,463      13            1070,482 
 1598,463      13            1071,477 
 1598,463      13            1072,475 
 1598,463      13            1073,527 
 1598,463      13            1074,628 
 1598,463      13            1075,43 
 1598,463      13            1076,352 
 1598,463      13            1077,297 
 1598,463      13            1078,19 
 1598,463      13            1079,138 
 1598,463      13            1080,047 
 1598,463      13            1080,983 
 1598,463      13            1082,012 
 1598,463      13            1082,908 
 1598,463      13            1083,782 
 1598,463      13            1084,615 
 1598,463      13            1085,547 
 1598,463      13            1086,479 
 1598,463      13            1087,483 
 1598,463      13            1088,417 
 1598,463      13            1089,445 
 1598,463      13            1090,568 
 1598,463      13            1091,414 
 1598,463      13            1092,332 
 1598,463      13            1093,209 
 1598,463      13            1094,144 
 1598,463      13            1094,958 
 1598,463      13            1095,89 
 1598,463      13            1096,828 
 1598,463      13            1097,779 
 1598,463      13            1098,687 
 1598,463      13            1099,549 
 1598,463      13            1100,413 
 1598,463      13            1101,199 
 1598,463      13            1102,01 
 1598,463      13            1102,876 
 1598,463      13            1103,912 
 1598,463      13            1104,748 
 1598,463      13            1105,645 
 1598,463      13            1106,568 
 1598,463      13            1107,423 
 1598,463      13            1108,346 
 1598,463      13            1109,246 
 1598,463      13            1110,149 
 1598,463      13            1111,13 
 1598,463      13            1112,074 
 1598,463      13            1113,073 
 1598,463      13            1114,02 
 1598,463      13            1114,918 
 1598,463      13            1115,952 
 1598,463      13            1116,825 
 1598,463      13            1117,859 
 1598,463      13            1118,803 
 1598,463      13            1119,652 
 1598,463      13            1120,652 
 1598,463      13            1121,825 
 1598,463      13            1122,742 
 1598,463      13            1123,592 
 1598,463      13            1124,561 
 1598,463      13            1125,435 
 1598,463      13            1126,308 
 1598,463      13            1127,138 
 1598,463      13            1128,006 
 1598,463      13            1128,896 
 1598,463      13            1129,74 
 1598,463      13            1130,715 
 1598,463      13            1131,618 
 1598,463      13            1132,64 
 1598,463      13            1133,437 
 1598,463      13            1134,265 
 1598,463      13            1135,114 
 1598,463      13            1136,017 
 1598,463      13            1136,875 
 1598,463      13            1137,82 
 1598,463      13            1138,727 
 1598,463      13            1139,508 
 1598,463      13            1140,457 
 1598,463      13            1141,38 
 1598,463      13            1142,302 
 1598,463      13            1143,221 
 1598,463      13            1144,202 
 1598,463      13            1145,127 
 1598,463      13            1146,054 
 1598,463      13            1146,957 
 1598,463      13            1147,806 
 1598,463      13            1148,727 
 1598,463      13            1149,723 
 1598,463      13            1150,599 
 1598,463      13            1151,444 
 1598,463      13            1152,391 
 1598,463      13            1153,258 
 1598,463      13            1154,184 
 1598,463      13            1155,121 
 1598,463      13            1156,125 
 1598,463      13            1157,041 
 1598,463      13            1157,978 
 1598,463      13            1158,991 
 1598,463      13            1159,854 
 1598,463      13            1160,775 
 1598,463      13            1161,68 
 1598,463      13            1162,593 
 1598,463      13            1163,429 
 1598,463      13            1164,357 
 1598,463      13            1165,205 
 1598,463      13            1166,323 
 1598,463      13            1167,29 
 1598,463      13            1168,37 
 1598,463      13            1169,354 
 1598,463      13            1170,424 
 1598,463      13            1171,479 
 1598,463      13            1172,406 
 1598,463      13            1173,357 
 1598,463      13            1174,25 
 1598,463      13            1175,136 
 1598,463      13            1176,084 
 1598,463      13            1176,971 
 1598,463      13            1177,866 
 1598,463      13            1178,762 
 1598,463      13            1179,67 
 1598,463      13            1180,581 
 1598,463      13            1181,481 
 1598,463      13            1182,386 
 1598,463      13            1183,184 
 1598,463      13            1183,999 
 1598,463      13            1184,844 
 1598,463      13            1185,678 
 1598,463      13            1186,582 
 1598,463      13            1187,556 
 1598,463      13            1188,472 
 1598,463      13            1189,349 
 1598,463      13            1190,254 
 1598,463      13            1191,206 
 1598,463      13            1192,044 
 1598,463      13            1192,959 
 1598,463      13            1193,728 
 1598,463      13            1194,646 
 1598,463      13            1195,608 
 1598,463      13            1196,476 
 1598,463      13            1197,482 
 1598,463      13            1198,471 
 1598,463      13            1199,398 
 1598,463      13            1200,267 
 1598,463      13            1201,175 
 1598,463      13            1202,008 
 1598,463      13            1202,844 
 1598,463      13            1203,753 
 1598,463      13            1204,65 
 1598,463      13            1205,492 
 1598,463      13            1206,604 
 1598,463      13            1207,742 
 1598,463      13            1208,626 
 1598,463      13            1209,713 
 1598,463      13            1210,743 
 1598,463      13            1211,659 
 1598,463      13            1212,547 
 1598,463      13            1213,432 
 1598,463      13            1214,414 
 1598,463      13            1215,359 
 1598,463      13            1216,293 
 1598,463      13            1217,488 
 1598,463      13            1218,422 
 1598,463      13            1219,366 
 1598,463      13            1220,22 
 1598,463      13            1221,024 
 1598,463      13            1221,98 
 1598,463      13            1222,832 
 1598,463      13            1223,689 
 1598,463      13            1224,706 
 1598,463      13            1225,564 
 1598,463      13            1226,476 
 1598,463      13            1227,397 
 1598,463      13            1228,425 
 1598,463      13            1229,268 
 1598,463      13            1230,157 
 1598,463      13            1231,133 
 1598,463      13            1232,126 
 1598,463      13            1233,041 
 1598,463      13            1233,799 
 1598,463      13            1234,68 
 1598,463      13            1235,601 
 1598,463      13            1236,521 
 1598,463      13            1237,591 
 1598,463      13            1238,622 
 1598,463      13            1239,571 
 1598,463      13            1240,459 
 1598,463      13            1241,435 
 1598,463      13            1242,297 
 1598,463      13            1243,308 
 1598,463      13            1244,336 
 1598,463      13            1245,4 
 1598,463      13            1246,317 
 1598,463      13            1247,423 
 1598,463      13            1248,455 
 1598,463      13            1249,481 
 1598,463      13            1250,493 
 1598,463      13            1251,394 
 1598,463      13            1252,423 
 1598,463      13            1253,269 
 1598,463      13            1254,319 
 1598,463      13            1255,186 
 1598,463      13            1256,112 
 1598,463      13            1257,104 
 1598,463      13            1258,041 
 1598,463      13            1258,949 
 1598,463      13            1259,89 
 1598,463      13            1260,788 
 1598,463      13            1261,848 
 1598,463      13            1262,757 
 1598,463      13            1263,648 
 1598,463      13            1264,563 
 1598,463      13            1265,396 
 1598,463      13            1266,338 
 1598,463      13            1267,311 
 1598,463      13            1268,224 
 1598,463      13            1269,185 
 1598,463      13            1270,105 
 1598,463      13            1270,962 
 1598,463      13            1271,898 
 1598,463      13            1272,802 
 1598,463      13            1273,725 
 1598,463      13            1274,394 
 1598,463      13            1275,161 
 1598,463      13            1275,976 
 1598,463      13            1276,845 
 1598,463      13            1277,676 
 1598,463      13            1278,72 
 1598,463      13            1279,603 
 1598,463      13            1280,482 
 1598,463      13            1281,365 
 1598,463      13            1282,321 
 1598,463      13            1283,229 
 1598,463      13            1284,112 
 1598,463      13            1284,965 
 1598,463      13            1285,902 
 1598,463      13            1287,006 
 1598,463      13            1287,976 
 1598,463      13            1288,856 
 1598,463      13            1289,726 
 1598,463      13            1290,66 
 1598,463      13            1291,577 
 1598,463      13            1292,582 
 1598,463      13            1293,632 
 1598,463      13            1294,565 
 1598,463      13            1295,542 
 1598,463      13            1296,391 
 1598,463      13            1297,385 
 1598,463      13            1298,296 
 1598,463      13            1299,274 
 1598,463      13            1300,293 
 1598,463      13            1301,187 
 1598,463      13            1302,068 
 1598,463      13            1303,119 
 1598,463      13            1304,067 
 1598,463      13            1305,002 
 1598,463      13            1305,925 
 1598,463      13            1306,961 
 1598,463      13            1307,93 
 1598,463      13            1308,662 
 1598,463      13            1309,648 
 1598,463      13            1310,605 
 1598,463      13            1311,582 
 1598,463      13            1312,375 
 1598,463      13            1313,195 
 1598,463      13            1314,252 
 1598,463      13            1315,228 
 1598,463      13            1316,323 
 1598,463      13            1317,184 
 1598,463      13            1318,11 
 1598,463      13            1318,938 
 1598,463      13            1319,814 
 1598,463      13            1320,689 
 1598,463      13            1321,555 
 1598,463      13            1322,56 
 1598,463      13            1323,597 
 1598,463      13            1324,567 
 1598,463      13            1325,497 
 1598,463      13            1326,42 
 1598,463      13            1327,344 
 1598,463      13            1328,189 
 1598,463      13            1329,089 
 1598,463      13            1329,931 
 1598,463      13            1330,836 
 1598,463      13            1331,717 
 1598,463      13            1332,799 
 1598,463      13            1333,66 
 1598,463      13            1336,182 
 1598,463      13            1338,937 
 1598,463      13            1340,025 
 1598,463      13            1340,749 
 1598,463      13            1341,529 
 1598,463      13            1342,276 
 1598,463      13            1343,078 
 1598,463      13            1343,789 
 1598,463      13            1344,564 
 1598,463      13            1345,298 
 1598,463      13            1346,056 
 1598,463      13            1346,781 
 1598,463      13            1347,497 
 1598,463      13            1348,208 
 1598,463      13            1348,97 
 1598,463      13            1349,653 
 1598,463      13            1350,442 
 1598,463      13            1351,2 
 1598,463      13            1351,911 
 1598,463      13            1352,681 
 1598,463      13            1353,479 
 1598,463      13            1354,182 
 1598,463      13            1354,902 
 1598,463      13            1355,749 
 1598,463      13            1356,491 
 1598,463      13            1357,301 
 1598,463      13            1358,072 
 1598,463      13            1358,782 
 1598,463      13            1359,661 
 1598,463      13            1360,494 
 1598,463      13            1361,213 
 1598,463      13            1362,156 
 1598,463      13            1363,046 
 1598,463      13            1363,736 
 1598,463      13            1364,581 
 1598,463      13            1365,474 
 1598,463      13            1366,281 
 1588,992      13            1367,104 
 1588,992      13            1367,982 
 1588,992      13            1368,899 
 1588,992      13            1369,685 
 1588,992      13            1370,419 
 1588,992      13            1371,14 
 1588,992      13            1371,852 
 1588,992      13            1372,515 
 1588,992      13            1373,247 
 1588,992      13            1374,031 
 1588,992      13            1374,691 
 1588,992      13            1375,49 
 1586,089      13            1376,289 
 1586,089      13            1376,991 
 1586,089      13            1377,778 
 1586,089      13            1378,578 
 1586,089      13            1379,334 
 1586,089      13            1380,191 
 1586,089      13            1381,003 
 1586,089      13            1381,721 
 1586,089      13            1382,568 
 1586,089      13            1383,317 
 1586,089      13            1384,088 
 1586,089      13            1384,82 
 1586,089      13            1385,523 
 1586,089      13            1386,188 
 1586,089      13            1386,924 
 1586,089      13            1387,69 
 1586,089      13            1388,44 
 1586,089      13            1389,269 
 1586,089      13            1390,01 
 1586,089      13            1390,802 
 1586,089      13            1391,651 
 1586,089      13            1392,448 
 1586,089      13            1393,216 
 1586,089      13            1393,996 
 1586,089      13            1394,734 
 1586,089      13            1395,501 
 1586,089      13            1396,236 
 1586,089      13            1396,959 
 1586,089      13            1397,761 
 1586,089      13            1398,607 
 1586,089      13            1399,346 
 1586,089      13            1400,112 
 1586,089      13            1400,86 
 1586,089      13            1401,552 
 1586,089      13            1402,276 
 1586,089      13            1403,131 
 1586,089      13            1403,941 
 1586,089      13            1404,71 
 1586,089      13            1405,445 
 1586,089      13            1406,164 
 1586,089      13            1406,897 
 1586,089      13            1407,686 
 1586,089      13            1408,41 
 1586,089      13            1409,187 
 1586,089      13            1409,925 
 1586,089      13            1410,683 
 1586,089      13            1411,347 
 1586,089      13            1412,118 
 1586,089      13            1412,855 
 1586,089      13            1413,568 
 1586,089      13            1414,346 
 1586,089      13            1415,211 
 1586,089      13            1416,007 
 1586,089      13            1416,806 
 1586,089      13            1417,538 
 1586,089      13            1418,303 
 1586,089      13            1419,054 
 1586,089      13            1419,831 
 1586,089      13            1420,629 
 1586,089      13            1421,351 
 1586,089      13            1422,144 
 1586,089      13            1422,843 
 1586,089      13            1423,708 
 1586,089      13            1424,441 
 1586,089      13            1425,179 
 1586,089      13            1425,954 
 1586,089      13            1426,67 
 1586,089      13            1427,408 
 1586,089      13            1428,204 
 1586,089      13            1428,919 
 1586,089      13            1429,715 
 1586,089      13            1430,51 
 1586,089      13            1431,289 
 1586,089      13            1432,032 
 1586,089      13            1432,881 
 1586,089      13            1433,676 
 1586,089      13            1434,545 
 1586,089      13            1435,277 
 1586,089      13            1435,938 
 1586,089      13            1436,653 
 1586,089      13            1437,38 
 1586,089      13            1438,173 
 1586,089      13            1438,892 
 1586,089      13            1439,699 
 1586,089      13            1440,588 
 1586,089      13            1441,382 
 1586,089      13            1442,147 
 1586,089      13            1442,939 
 1586,089      13            1443,726 
 1586,089      13            1444,533 
 1586,089      13            1445,266 
 1586,089      13            1446,041 
 1586,089      13            1446,773 
 1586,089      13            1447,5 
 1586,089      13            1448,298 
 1586,089      13            1449,08 
 1586,089      13            1449,82 
 1586,089      13            1450,532 
 1586,089      13            1451,241 
 1586,089      13            1451,977 
 1586,089      13            1452,769 
 1586,089      13            1453,441 
 1586,089      13            1454,091 
 1586,089      13            1454,793 
 1586,089      13            1455,547 
 1586,089      13            1456,307 
 1586,089      13            1457,187 
 1586,089      13            1458,001 
 1586,089      13            1458,936 
 1586,089      13            1459,81 
 1586,089      13            1460,712 
 1586,089      13            1461,504 
 1586,089      13            1462,322 
 1586,089      13            1463,156 
 1586,089      13            1463,919 
 1586,089      13            1464,759 
 1586,089      13            1465,657 
 1586,089      13            1466,547 
 1586,089      13            1467,276 
 1586,089      13            1468,026 
 1586,089      13            1468,842 
 1586,089      13            1469,665 
 1586,089      13            1470,437 
 1586,089      13            1471,295 
 1586,089      13            1472,064 
 1586,089      13            1472,965 
 1586,089      13            1473,783 
 1586,089      13            1474,545 
 1586,089      13            1475,285 
 1586,089      13            1476,116 
 1586,089      13            1477,007 
 1586,089      13            1477,767 
 1586,089      13            1478,66 
 1586,089      13            1479,461 
 1586,089      13            1480,34 
 1586,089      13            1481,105 
 1586,089      13            1481,84 
 1586,089      13            1482,611 
 1586,089      13            1483,492 
 1586,089      13            1484,245 
 1586,089      13            1485,121 
 1586,089      13            1485,88 
 1586,089      13            1486,798 
 1586,089      13            1487,546 
 1586,089      13            1487,904 
 1586,089      13            1488,319 
 1586,089      13            1488,65 
 1586,089      13            1489,034 
 1586,089      13            1489,369 
 1586,089      13            1489,741 
 1586,089      13            1490,098 
 1586,089      13            1490,452 
 1586,089      13            1490,752 
 1586,089      13            1491,106 
 1586,089      13            1491,455 
 1586,089      13            1491,81 
 1586,089      13            1492,16 
 1586,089      13            1492,505 
 1586,089      13            1492,852 
 1586,089      13            1493,209 
 1586,089      13            1493,577 
 1586,089      13            1493,981 
 1586,089      13            1494,323 
 1586,089      13            1494,649 
 1586,089      13            1494,982 
 1586,089      13            1495,327 
 1586,089      13            1495,651 
 1586,089      13            1496,01 
 1586,089      13            1496,367 
 1586,089      13            1496,69 
 1586,089      13            1497,013 
 1586,089      13            1497,393 
 1586,089      13            1497,759 
 1586,089      13            1498,127 
 1586,089      13            1498,485 
 1586,089      13            1498,868 
 1586,089      13            1499,261 
 1586,089      13            1499,614 
 1586,089      13            1500 
 1586,089      13            1500,337 
 1586,089      13            1500,687 
 1586,089      13            1501,045 
 1586,089      13            1501,394 
 1586,089      13            1501,75 
 1586,089      13            1502,13 
 1586,089      13            1502,484 
 1586,089      13            1502,857 
 1586,089      13            1503,242 
 1586,089      13            1503,597 
 1586,089      13            1504,064 
 1586,089      13            1504,604 
 1586,089      13            1504,935 
 1586,089      13            1505,345 
 1586,089      13            1505,747 
 1586,089      13            1506,109 
 1586,089      13            1506,439 
 1586,089      13            1506,753 
 1586,089      13            1507,096 
 1586,089      13            1507,441 
 1586,089      13            1507,818 
 1586,089      13            1508,14 
 1586,089      13            1508,503 
 1586,089      13            1508,863 
 1586,089      13            1509,194 
 1586,089      13            1509,636 
 1586,089      13            1510,003 
 1586,089      13            1510,436 
 1586,089      13            1510,807 
 1586,089      13            1511,147 
 1586,089      13            1511,512 
 1586,089      13            1511,887 
 1586,089      13            1512,29 
 1586,089      13            1512,621 
 1586,089      13            1513,011 
 1586,089      13            1513,392 
 1586,089      13            1513,793 
 1586,089      13            1514,132 
 1586,089      13            1514,506 
 1586,089      13            1514,856 
 1586,089      13            1515,235 
 1586,089      13            1515,594 
 1586,089      13            1515,967 
 1586,089      13            1516,332 
 1586,089      13            1516,697 
 1586,089      13            1517,057 
 1586,089      13            1517,425 
 1586,089      13            1517,823 
 1586,089      13            1518,252 
 1586,089      13            1518,603 
 1586,089      13            1518,955 
 1586,089      13            1519,33 
 1586,089      13            1519,699 
 1586,089      13            1520,092 
 1586,089      13            1520,449 
 1586,089      13            1520,844 
 1586,089      13            1521,218 
 1586,089      13            1521,654 
 1586,089      13            1522,016 
 1586,089      13            1522,415 
 1586,089      13            1522,819 
 1586,089      13            1523,222 
 1586,089      13            1523,633 
 1586,089      13            1524,099 
 1586,089      13            1524,482 
 1586,089      13            1524,869 
 1586,089      13            1525,254 
 1586,089      13            1525,645 
 1586,089      13            1526,01 
 1586,089      13            1526,372 
 1586,089      13            1526,736 
 1586,089      13            1527,091 
 1586,089      13            1527,48 
 1586,089      13            1527,916 
 1586,089      13            1528,279 
 1586,089      13            1528,684 
 1586,089      13            1529,088 
 1586,089      13            1529,458 
 1586,089      13            1529,814 
 1586,089      13            1530,25 
 1586,089      13            1530,65 
 1586,089      13            1531,048 
 1586,089      13            1531,442 
 1586,089      13            1531,797 
 1586,089      13            1532,186 
 1586,089      13            1532,583 
 1586,089      13            1532,933 
 1586,089      13            1533,596 
 1586,089      13            1533,95 
 1586,089      13            1534,299 
 1586,089      13            1534,691 
 1586,089      13            1535,109 
 1586,089      13            1535,494 
 1586,089      13            1535,926 
 1586,089      13            1536,269 
 1586,089      13            1536,646 
 1586,089      13            1537,006 
 1586,089      13            1537,417 
 1586,089      13            1537,819 
 1586,089      13            1538,193 
 1586,089      13            1538,582 
 1586,089      13            1538,882 
 1586,089      13            1539,282 
 1586,089      13            1539,639 
 1586,089      13            1540,004 
 1586,089      13            1540,376 
 1586,089      13            1540,734 
 1586,089      13            1541,12 
 1586,089      13            1541,503 
 1586,089      13            1541,834 
 1586,089      13            1542,215 
 1586,089      13            1542,641 
 1586,089      13            1543,002 
 1586,089      13            1543,361 
 1586,089      13            1543,733 
 1586,089      13            1544,113 
 1586,089      13            1544,468 
 1586,089      13            1544,801 
 1586,089      13            1545,215 
 1586,089      13            1545,576 
 1586,089      13            1545,914 
 1586,089      13            1546,254 
 1586,089      13            1546,632 
 1586,089      13            1547,025 
 1586,089      13            1547,364 
 1586,089      13            1547,753 
 1586,089      13            1548,16 
 1586,089      13            1548,546 
 1586,089      13            1548,938 
 1586,089      13            1549,32 
 1586,089      13            1549,699 
 1586,089      13            1550,106 
 1586,089      13            1550,517 
 1586,089      13            1550,915 
 1586,089      13            1551,26 
 1586,089      13            1551,623 
 1586,089      13            1552,047 
 1586,089      13            1552,415 
 1586,089      13            1552,765 
 1586,089      13            1553,12 
 1586,089      13            1553,467 
 1586,089      13            1553,777 
 1586,089      13            1554,134 
 1586,089      13            1554,525 
 1586,089      13            1554,888 
 1586,089      13            1555,492 
 1586,089      13            1556,239 
 1586,089      13            1556,953 
 1586,089      13            1557,773 
 1586,089      13            1558,646 
 1586,089      13            1559,402 
 1586,089      13            1560,113 
 1586,089      13            1561,053 
 1586,089      13            1561,692 
 1586,089      13            1562,393 
 1586,089      13            1563,232 
 1586,089      13            1563,95 
 1586,089      13            1564,638 
 1586,089      13            1565,392 
 1586,089      13            1566,222 
 1586,089      13            1567,075 
 1586,089      13            1567,831 
 1586,089      13            1568,516 
 1586,089      13            1569,213 
 1586,089      13            1570,024 
 1586,089      13            1570,69 
 1586,089      13            1571,394 
 1586,089      13            1572,175 
 1586,089      13            1572,951 
 1586,089      13            1573,623 
 1586,089      13            1574,343 
 1586,089      13            1575,025 
 1586,089      13            1575,745 
 1586,089      13            1576,456 
 1586,089      13            1577,276 
 1586,089      13            1577,997 
 1586,089      13            1578,829 
 1586,089      13            1579,593 
 1586,089      13            1580,407 
 1586,089      13            1581,195 
 1586,089      13            1581,955 
 1586,089      13            1582,669 
 1586,089      13            1583,429 
 1586,089      13            1584,201 
 1586,089      13            1584,909 
 1586,089      13            1586,128 
 1586,089      13            1586,902 
 1586,089      13            1587,848 
 1586,089      13            1588,659 
 1586,089      13            1589,452 
 1586,089      13            1590,218 
 1586,089      13            1590,941 
 1586,089      13            1591,561 
 1586,089      13            1592,399 
 1586,089      13            1593,11 
 1586,089      13            1593,89 
 1586,089      13            1594,68 
 1586,089      13            1595,383 
 1586,089      13            1596,188 
 1586,089      13            1597,071 
 1586,089      13            1598,054 
 1586,089      13            1598,758 
 1586,089      13            1599,468 
 1586,089      13            1600,208 
 1586,089      13            1600,849 
 1586,089      13            1601,575 
 1586,089      13            1602,532 
 1586,089      13            1603,415 
 1586,089      13            1604,214 
 1586,089      13            1604,957 
 1586,089      13            1605,591 
 1586,089      13            1606,558 
 1586,089      13            1607,385 
 1586,089      13            1608,141 
 1586,089      13            1609,101 
 1586,089      13            1609,91 
 1586,089      13            1610,739 
 1586,089      13            1611,691 
 1586,089      13            1612,469 
 1586,089      13            1613,284 
 1586,089      13            1614,072 
 1586,089      13            1614,926 
 1586,089      13            1615,777 
 1586,089      13            1616,577 
 1586,089      13            1617,396 
 1586,089      13            1618,23 
 1586,089      13            1619,044 
 1586,089      13            1619,852 
 1586,089      13            1620,627 
 1586,089      13            1621,489 
 1586,089      13            1622,257 
 1586,089      13            1623,075 
 1586,089      13            1623,85 
 1586,089      13            1624,651 
 1586,089      13            1625,386 
 1586,089      13            1626,159 
 1586,089      13            1626,844 
 1586,089      13            1627,672 
 1586,089      13            1628,454 
 1586,089      13            1629,459 
 1586,089      13            1630,239 
 1586,089      13            1631,17 
 1586,089      13            1632,128 
 1586,089      13            1633,04 
 1586,089      13            1633,848 
 1586,089      13            1634,699 
 1586,089      13            1635,527 
 1586,089      13            1636,334 
 1586,089      13            1637,146 
 1586,089      13            1638,109 
 1586,089      13            1638,927 
 1586,089      13            1639,844 
 1586,089      13            1640,91 
 1586,089      13            1641,695 
 1586,089      13            1642,693 
 1586,089      13            1643,674 
 1586,089      13            1644,477 
 1586,089      13            1645,433 
 1586,089      13            1646,462 
 1586,089      13            1647,487 
 1586,089      13            1648,467 
 1586,089      13            1649,454 
 1586,089      13            1650,501 
 1586,089      13            1651,405 
 1586,089      13            1652,186 
 1586,089      13            1653,153 
 1586,089      13            1653,881 
 1586,089      13            1654,666 
 1586,089      13            1655,33 
 1586,089      13            1656,078 
 1586,089      13            1656,723 
 1586,089      13            1657,403 
 1586,089      13            1658,206 
 1586,089      13            1658,995 
 1586,089      13            1659,833 
 1586,089      13            1660,596 
 1586,089      13            1661,269 
 1586,089      13            1661,905 
 1586,089      13            1663,116 
 1586,089      13            1663,892 
 1586,089      13            1664,567 
 1586,089      13            1665,321 
 1586,089      13            1666,181 
 1586,089      13            1666,928 
 1586,089      13            1667,684 
 1586,089      13            1668,458 
 1586,089      13            1669,171 
 1586,089      13            1669,844 
 1586,089      13            1670,567 
 1586,089      13            1671,328 
 1586,089      13            1671,983 
 1586,089      13            1672,659 
 1586,089      13            1673,322 
 1586,089      13            1674,008 
 1586,089      13            1674,722 
 1586,089      13            1675,341 
 1586,089      13            1675,993 
 1586,089      13            1676,935 
 1586,089      13            1677,764 
 1586,089      13            1678,845 
 1586,089      13            1679,632 
 1586,089      13            1680,501 
 1586,089      13            1681,417 
 1586,089      13            1682,216 
 1586,089      13            1682,884 
 1586,089      13            1683,735 
 1586,089      13            1684,893 
 1586,089      13            1685,991 
 1586,089      13            1686,99 
 1586,089      13            1687,873 
 1586,089      13            1688,691 
 1586,089      13            1689,595 
 1586,089      13            1690,618 
 1586,089      13            1691,589 
 1586,089      13            1692,431 
 1586,089      13            1693,148 
 1586,089      13            1694,095 
 1586,089      13            1695,018 
 1586,089      13            1695,833 
 1586,089      13            1696,82 
 1586,089      13            1697,726 
 1586,089      13            1698,726 
 1586,089      13            1699,756 
 1586,089      13            1700,756 
 1586,089      13            1701,67 
 1586,089      13            1702,533 
 1586,089      13            1703,6 
 1586,089      13            1704,511 
 1586,089      13            1705,428 
 1586,089      13            1706,316 
 1586,089      13            1707,118 
 1586,089      13            1707,889 
 1586,089      13            1708,827 
 1586,089      13            1709,55 
 1586,089      13            1710,453 
 1586,089      13            1711,136 
 1586,089      13            1711,949 
 1586,089      13            1712,774 
 1586,089      13            1713,71 
 1586,089      13            1714,654 
 1586,089      13            1715,418 
 1586,089      13            1716,112 
 1586,089      13            1716,937 
 1586,089      13            1718,014 
 1586,089      13            1718,763 
 1586,089      13            1719,556 
 1586,089      13            1720,282 
 1586,089      13            1721,138 
 1586,089      13            1721,892 
 1586,089      13            1722,687 
 1586,089      13            1723,443 
 1586,089      13            1724,192 
 1586,089      13            1725,087 
 1586,089      13            1725,855 
 1586,089      13            1726,565 
 1586,089      13            1727,538 
 1586,089      13            1728,447 
 1586,089      13            1729,484 
 1586,089      13            1730,32 
 1586,089      13            1731,23 
 1586,089      13            1732,201 
 1586,089      13            1733,092 
 1586,089      13            1733,856 
 1586,089      13            1734,818 
 1586,089      13            1735,645 
 1586,089      13            1736,54 
 1586,089      13            1737,427 
 1586,089      13            1738,172 
 1586,089      13            1738,885 
 1586,089      13            1739,659 
 1586,089      13            1741,828 
 1586,089      13            1742,684 
 1586,089      13            1743,659 
 1586,089      13            1744,647 
 1586,089      13            1745,543 
 1586,089      13            1746,704 
 1586,089      13            1747,663 
 1586,089      13            1748,556 
 1586,089      13            1749,554 
 1586,089      13            1750,788 
 1586,089      13            1751,555 
 1586,089      13            1752,236 
 1586,089      13            1752,944 
 1586,089      13            1753,659 
 1586,089      13            1754,353 
 1586,089      13            1754,968 
 1586,089      13            1755,713 
 1586,089      13            1756,533 
 1586,089      13            1757,207 
 1586,089      13            1757,95 
 1586,089      13            1758,62 
 1586,089      13            1759,482 
 1586,089      13            1760,135 
 1586,089      13            1760,899 
 1586,089      13            1761,63 
 1586,089      13            1762,346 
 1586,089      13            1763,044 
 1586,089      13            1763,895 
 1586,089      13            1765,193 
 1586,089      13            1766,154 
 1586,089      13            1767,16 
 1586,089      13            1768,142 
 1586,089      13            1769,06 
 1586,089      13            1770,031 
 1586,089      13            1771,119 
 1586,089      13            1772,079 
 1586,089      13            1773,162 
 1586,089      13            1774,13 
 1586,089      13            1775,21 
 1586,089      13            1776,168 
 1586,089      13            1777,18 
 1586,089      13            1778,254 
 1586,089      13            1779,305 
 1586,089      13            1780,329 
 1586,089      13            1781,355 
 1586,089      13            1782,51 
 1586,089      13            1783,449 
 1586,089      13            1784,426 
 1586,089      13            1785,53 
 1586,089      13            1786,524 
 1586,089      13            1787,621 
 1586,089      13            1788,593 
 1586,089      13            1789,755 
 1586,089      13            1790,727 
 1586,089      13            1791,702 
 1586,089      13            1792,869 
 1586,089      13            1793,999 
 1586,089      13            1795,032 
 1586,089      13            1795,996 
 1586,089      13            1797,079 
 1586,089      13            1798,122 
 1586,089      13            1799,163 
 1586,089      13            1800,193 
 1586,089      13            1801,351 
 1586,089      13            1802,23 
 1586,089      13            1803,184 
 1586,089      13            1804,307 
 1586,089      13            1805,233 
 1586,089      13            1806,212 
 1586,089      13            1807,106 
 1586,089      13            1808,105 
 1586,089      13            1809,033 
 1586,089      13            1809,992 
 1586,089      13            1810,979 
 1586,089      13            1811,975 
 1586,089      13            1812,851 
 1586,089      13            1813,778 
 1586,089      13            1814,797 
 1586,089      13            1815,624 
 1586,089      13            1816,475 
 1586,089      13            1817,312 
 1586,089      13            1818,301 
 1586,089      13            1819,163 
 1586,089      13            1820,211 
 1586,089      13            1821,151 
 1586,089      13            1821,767 
 1586,089      13            1822,444 
 1586,089      13            1823,07 
 1586,089      13            1823,682 
 1586,089      13            1824,301 
 1586,089      13            1824,977 
 1586,089      13            1825,641 
 1586,089      13            1826,611 
 1586,089      13            1827,38 
 1586,089      13            1828,227 
 1586,089      13            1828,886 
 1586,089      13            1829,686 
 1586,089      13            1830,377 
 1586,089      13            1831,245 
 1586,089      13            1832,136 
 1586,089      13            1833,111 
 1586,089      13            1834,124 
 1586,089      13            1835,004 
 1586,089      13            1835,975 
 1586,089      13            1836,667 
 1586,089      13            1837,311 
 1586,089      13            1837,935 
 1586,089      13            1838,699 
 1586,089      13            1839,58 
 1586,089      13            1840,319 
 1586,089      13            1841,255 
 1586,089      13            1841,946 
 1586,089      13            1842,675 
 1586,089      13            1843,413 
 1586,089      13            1844,027 
 1586,089      13            1844,765 
 1586,089      13            1845,468 
 1586,089      13            1846,177 
 1586,089      13            1846,846 
 1586,089      13            1847,61 
 1586,089      13            1848,327 
 1586,089      13            1849,012 
 1586,089      13            1849,696 
 1586,089      13            1850,434 
 1586,089      13            1851,198 
 1586,089      13            1851,963 
 1586,089      13            1852,594 
 1586,089      13            1853,352 
 1586,089      13            1854,447 
 1586,089      13            1855,516 
 1586,089      13            1856,305 
 1586,089      13            1856,979 
 1586,089      13            1857,81 
 1586,089      13            1858,485 
 1586,089      13            1859,313 
 1586,089      13            1860,082 
 1586,089      13            1861,086 
 1586,089      13            1861,872 
 1586,089      13            1862,881 
 1586,089      13            1863,567 
 1586,089      13            1864,774 
 1586,089      13            1865,564 
 1586,089      13            1866,622 
 1586,089      13            1867,667 
 1586,089      13            1868,593 
 1586,089      13            1869,651 
 1586,089      13            1870,581 
 1586,089      13            1871,575 
 1586,089      13            1872,518 
 1586,089      13            1873,421 
 1586,089      13            1874,393 
 1586,089      13            1875,365 
 1586,089      13            1876,288 
 1586,089      13            1877,465 
 1586,089      13            1878,476 
 1586,089      13            1879,602 
 1586,089      13            1880,578 
 1586,089      13            1881,582 
 1586,089      13            1882,456 
 1586,089      13            1883,352 
 1586,089      13            1884,359 
 1586,089      13            1885,337 
 1586,089      13            1886,459 
 1586,089      13            1887,394 
 1586,089      13            1888,288 
 1586,089      13            1889,453 
 1586,089      13            1890,473 
 1586,089      13            1891,425 
 1586,089      13            1892,448 
 1586,089      13            1893,433 
 1586,089      13            1894,232 
 1586,089      13            1895,318 
 1586,089      13            1896,305 
 1586,089      13            1897,32 
 1586,089      13            1898,252 
 1586,089      13            1899,16 
 1586,089      13            1900,079 
 1586,089      13            1900,977 
 1586,089      13            1901,907 
 1586,089      13            1902,902 
 1586,089      13            1903,905 
 1586,089      13            1904,804 
 1586,089      13            1905,747 
 1586,089      13            1906,765 
 1586,089      13            1907,723 
 1586,089      13            1908,711 
 1586,089      13            1909,636 
 1586,089      13            1910,628 
 1586,089      13            1911,607 
 1586,089      13            1912,535 
 1586,089      13            1913,51 
 1586,089      13            1914,35 
 1586,089      13            1915,206 
 1586,089      13            1916,113 
 1586,089      13            1916,966 
 1586,089      13            1917,942 
 1586,089      13            1918,941 
 1586,089      13            1919,753 
 1586,089      13            1920,757 
 1586,089      13            1921,762 
 1586,089      13            1922,713 
 1586,089      13            1923,577 
 1586,089      13            1924,523 
 1586,089      13            1925,564 
 1586,089      13            1926,601 
 1586,089      13            1927,77 
 1586,089      13            1928,821 
 1586,089      13            1929,782 
 1586,089      13            1930,862 
 1586,089      13            1931,916 
 1586,089      13            1932,862 
 1586,089      13            1933,892 
 1586,089      13            1934,784 
 1586,089      13            1935,808 
 1586,089      13            1936,882 
 1586,089      13            1937,869 
 1586,089      13            1938,902 
 1586,089      13            1939,84 
 1586,089      13            1940,741 
 1586,089      13            1941,786 
 1586,089      13            1942,867 
 1586,089      13            1943,85 
 1586,089      13            1945,876 
 1586,089      13            1946,762 
 1586,089      13            1947,708 
 1586,089      13            1948,717 
 1586,089      13            1949,634 
 1586,089      13            1950,664 
 1586,089      13            1951,61 
 1586,089      13            1952,608 
 1586,089      13            1953,564 
 1586,089      13            1954,405 
 1586,089      13            1955,439 
 1586,089      13            1956,467 
 1586,089      13            1957,487 
 1586,089      13            1958,419 
 1586,089      13            1959,468 
 1586,089      13            1960,514 
 1586,089      13            1961,72 
 1586,089      13            1962,84 
 1586,089      13            1963,812 
 1586,089      13            1964,927 
 1586,089      13            1965,964 
 1586,089      13            1967 
 1586,089      13            1967,95 
 1586,089      13            1969,086 
 1586,089      13            1970,203 
 1586,089      13            1971,139 
 1586,089      13            1972,008 
 1586,089      13            1972,914 
 1586,089      13            1973,834 
 1586,089      13            1974,731 
 1586,089      13            1975,626 
 1586,089      13            1976,535 
 1586,089      13            1977,51 
 1586,089      13            1978,462 
 1586,089      13            1979,374 
 1586,089      13            1980,304 
 1586,089      13            1981,312 
 1586,089      13            1982,218 
 1586,089      13            1983,243 
 1586,089      13            1984,127 
 1586,089      13            1985,141 
 1586,089      13            1986,159 
 1586,089      13            1987,21 
 1586,089      13            1988,232 
 1586,089      13            1989,15 
 1586,089      13            1990,013 
 1586,089      13            1991,076 
 1586,089      13            1991,989 
 1586,089      13            1992,942 
 1586,089      13            1993,842 
 1586,089      13            1994,852 
 1586,089      13            1995,864 
 1586,089      13            1997,046 
 1586,089      13            1997,918 
 1586,089      13            1998,834 
 1586,089      13            1999,756 
 1586,089      13            2000,733 
 1586,089      13            2001,654 
 1586,089      13            2002,616 
 1586,089      13            2003,534 
 1586,089      13            2004,443 
 1586,089      13            2005,43 
 1586,089      13            2006,275 
 1586,089      13            2007,209 
 1586,089      13            2008,073 
 1586,089      13            2008,917 
 1586,089      13            2009,789 
 1586,089      13            2010,656 
 1586,089      13            2011,509 
 1586,089      13            2012,364 
 1586,089      13            2013,229 
 1586,089      13            2014,079 
 1586,089      13            2015,138 
 1586,089      13            2016,094 
 1586,089      13            2017,105 
 1586,089      13            2017,97 
 1586,089      13            2018,853 
 1586,089      13            2019,769 
 1586,089      13            2020,649 
 1586,089      13            2021,481 
 1586,089      13            2022,409 
 1586,089      13            2023,283 
 1586,089      13            2024,248 
 1586,089      13            2025,108 
 1586,089      13            2026,048 
 1586,089      13            2026,923 
 1586,089      13            2027,744 
 1586,089      13            2028,67 
 1586,089      13            2029,567 
 1586,089      13            2030,406 
 1586,089      13            2031,301 
 1586,089      13            2032,205 
 1586,089      13            2033,112 
 1586,089      13            2033,992 
 1586,089      13            2034,839 
 1586,089      13            2035,708 
 1586,089      13            2036,643 
 1586,089      13            2037,51 
 1586,089      13            2038,429 
 1586,089      13            2039,364 
 1586,089      13            2040,219 
 1586,089      13            2041,049 
 1586,089      13            2041,839 
 1586,089      13            2042,831 
 1586,089      13            2043,701 
 1586,089      13            2044,71 
 1586,089      13            2045,645 
 1586,089      13            2046,646 
 1586,089      13            2047,492 
 1586,089      13            2048,388 
 1586,089      13            2049,313 
 1586,089      13            2050,295 
 1586,089      13            2051,238 
 1586,089      13            2052,183 
 1586,089      13            2053,128 
 1586,089      13            2053,974 
 1586,089      13            2055,08 
 1586,089      13            2056,083 
 1586,089      13            2057,149 
 1586,089      13            2058,195 
 1586,089      13            2059,067 
 1586,089      13            2059,873 
 1586,089      13            2060,894 
 1586,089      13            2061,735 
 1586,089      13            2062,687 
 1586,089      13            2065,146 
 1586,089      13            2065,904 
 1586,089      13            2066,591 
 1586,089      13            2067,335 
 1586,089      13            2068,034 
 1586,089      13            2068,785 
 1586,089      13            2069,413 
 1586,089      13            2070,168 
 1586,089      13            2070,902 
 1586,089      13            2071,587 
 1586,089      13            2072,208 
 1586,089      13            2073,073 
 1586,089      13            2073,766 
 1586,089      13            2074,589 
 1586,089      13            2075,302 
 1586,089      13            2076,032 
 1586,089      13            2076,713 
 1586,089      13            2077,402 
 1586,089      13            2078,089 
 1586,089      13            2078,831 
 1586,089      13            2079,595 
 1586,089      13            2080,45 
 1586,089      13            2081,173 
 1586,089      13            2081,849 
 1586,089      13            2082,526 
 1586,089      13            2083,229 
 1586,089      13            2083,879 
 1586,089      13            2084,657 
 1586,089      13            2085,378 
 1586,089      13            2085,987 
 1586,089      13            2086,692 
 1586,089      13            2087,359 
 1586,089      13            2088,024 
 1586,089      13            2088,68 
 1586,089      13            2089,331 
 1586,089      13            2089,996 
 1586,089      13            2090,841 
 1586,089      13            2091,551 
 1586,089      13            2092,228 
 1586,089      13            2093,002 
 1586,089      13            2093,721 
 1586,089      13            2094,497 
 1586,089      13            2095,242 
 1586,089      13            2095,942 
 1586,089      13            2096,66 
 1586,089      13            2097,351 
 1586,089      13            2098,008 
 1586,089      13            2098,674 
 1586,089      13            2099,459 
 1586,089      13            2100,294 
 1586,089      13            2101,031 
 1586,089      13            2101,877 
 1586,089      13            2102,581 
 1586,089      13            2103,33 
 1586,089      13            2104,089 
 1586,089      13            2104,921 
 1586,089      13            2105,638 
 1586,089      13            2106,34 
 1586,089      13            2107,047 
 1586,089      13            2107,834 
 1586,089      13            2108,526 
 1586,089      13            2109,239 
 1586,089      13            2109,894 
 1586,089      13            2110,662 
 1586,089      13            2111,374 
 1586,089      13            2112,143 
 1586,089      13            2112,911 
 1586,089      13            2113,658 
 1586,089      13            2114,474 
 1586,089      13            2115,258 
 1586,089      13            2116,153 
 1586,089      13            2116,999 
 1586,089      13            2117,827 
 1586,089      13            2118,672 
 1586,089      13            2119,445 
 1586,089      13            2120,24 
 1586,089      13            2121,162 
 1586,089      13            2122,049 
 1586,089      13            2122,847 
 1586,089      13            2123,864 
 1586,089      13            2124,631 
 1586,089      13            2125,501 
 1586,089      13            2126,435 
 1586,089      13            2127,289 
 1586,089      13            2128,131 
 1586,089      13            2129,214 
 1586,089      13            2130,085 
 1586,089      13            2130,917 
 1586,089      13            2131,766 
 1586,089      13            2132,798 
 1586,089      13            2133,661 
 1586,089      13            2134,67 
 1586,089      13            2135,481 
 1586,089      13            2136,38 
 1586,089      13            2137,382 
 1586,089      13            2138,303 
 1586,089      13            2139,292 
 1586,089      13            2140,299 
 1586,089      13            2141,121 
 1586,089      13            2142,232 
 1586,089      13            2143,187 
 1586,089      13            2144,145 
 1586,089      13            2145,144 
 1586,089      13            2145,962 
 1586,089      13            2146,841 
