Costo de la solución:
 1403,32654002082 

1	1	120,146	194	0	175	78	19	177	133	84	134	85	164	165	77	10	169	12	168	0
1	2	142,458	199	0	26	38	119	80	31	163	148	92	135	145	181	55	3	151	95	0
1	3	79,983	199	0	176	102	8	178	35	180	14	69	100	81	126	0
1	4	69,085	188	0	101	28	64	94	140	121	82	174	173	21	172	139	152	0
1	5	89,707	191	0	186	22	141	91	137	89	68	42	199	136	191	1	194	193	0
1	6	73,058	135	0	44	106	147	18	146	73	117	188	0
1	7	61,875	200	0	40	97	161	9	57	39	109	130	17	0
1	8	46,767	129	0	125	45	58	99	179	111	87	4	0
1	9	71,056	188	0	27	83	13	123	128	70	167	65	46	34	127	0
1	10	86,1	197	0	50	71	150	52	170	11	108	132	7	51	149	60	0
1	11	82,299	200	0	98	29	153	79	15	154	124	20	37	88	103	5	59	54	0
1	12	91,078	200	0	197	43	190	41	90	143	113	142	114	156	93	86	157	2	0
1	13	66,912	193	0	16	63	107	24	144	74	49	182	159	96	61	0
1	14	51,181	185	0	112	66	196	158	184	192	198	53	195	33	0
1	15	95,2	194	0	129	131	189	162	75	110	25	56	118	72	32	187	76	0
1	16	-0,001	0	0	0
1	17	93,252	200	0	120	171	47	155	36	122	166	138	48	30	0
1	18	0	0	0	0
1	19	83,161	194	0	67	183	116	62	185	115	160	23	104	105	6	0
1	20	0	0	0	0

Tiempo de ejecución:
 3119,9123125 
