Costo de la solución:
 837,21759394928 

1	1	126,899	195	0	50	33	81	51	9	35	71	65	66	20	30	70	1	69	0
1	2	147,766	195	0	52	88	62	11	64	49	36	46	8	45	17	84	5	60	83	18	89	0
1	3	116,234	198	0	26	54	4	55	25	39	67	23	56	75	73	58	0
1	4	124,644	197	0	87	57	15	43	42	14	44	38	86	16	61	99	96	6	0
1	5	90,255	169	0	28	76	77	3	79	78	34	29	24	68	80	12	0
1	6	106,845	196	0	7	82	48	47	19	63	90	32	10	31	27	0
1	7	66,111	120	0	13	2	41	22	74	72	21	40	53	0
1	8	58,458	188	0	95	97	92	37	98	100	91	85	93	59	94	0
1	9	0	0	0	0
1	10	0	0	0	0

Tiempo de ejecución:
 3533,23546875 
