Costo de la solución:
 1219,23913307543 

1	1	206,68	197	0	94	97	115	59	65	61	62	64	66	63	60	53	98	116	100	99	0
1	2	208,5	188	0	95	96	93	118	108	109	52	54	57	55	58	56	80	79	68	103	104	106	105	0
1	3	199,795	198	0	37	38	39	42	41	44	46	47	49	50	51	48	45	43	40	110	0
1	4	216,745	200	0	21	20	26	29	32	35	36	34	33	30	27	24	22	17	8	13	10	9	7	6	5	112	0
1	5	55,905	194	0	119	82	111	86	85	84	117	113	83	18	114	90	91	89	92	87	0
1	6	193,97	198	0	23	28	31	25	19	16	12	14	15	11	4	3	1	2	81	88	0
1	7	137,641	200	0	102	101	73	76	77	78	72	75	74	71	70	69	67	107	120	0
1	8	0	0	0	0

Tiempo de ejecución:
 2505,6695625 
