Iteraciones:   1848 

Costo         Vehículos     Tiempo [seg]
 959,055       10            14 
 935,98        10            25,437 
 935,98        10            35,937 
 935,98        10            41,109 
 935,98        10            46,062 
 935,98        10            50,047 
 935,98        10            52,297 
 935,98        10            54,25 
 935,98        10            56,109 
 935,98        10            57,234 
 924,085       10            58,312 
 924,085       10            59,437 
 924,085       10            60,484 
 921,372       10            61,75 
 921,372       10            62,937 
 921,372       10            64,109 
 921,372       10            65,937 
 921,372       10            67 
 907,165       10            68,125 
 907,165       10            69,125 
 907,165       10            70,625 
 907,165       10            71,672 
 907,165       10            72,797 
 903,198       10            74,312 
 903,198       10            75,5 
 903,198       10            77,125 
 903,198       10            78,359 
 903,198       10            79,859 
 903,198       10            80,984 
 903,198       10            82,109 
 903,198       10            83,312 
 903,198       10            84,547 
 903,198       10            85,672 
 903,198       10            86,875 
 903,198       10            87,875 
 903,198       10            89,062 
 903,198       10            90,297 
 903,198       10            91,687 
 903,198       10            93,75 
 903,198       10            94,937 
 903,198       10            96,25 
 903,198       10            97,75 
 903,198       10            99,312 
 903,198       10            100,609 
 903,198       10            101,75 
 898,918       10            103,109 
 898,918       10            104,375 
 898,918       10            105,984 
 898,918       10            107,109 
 898,918       10            108,125 
 898,918       10            109,125 
 898,918       10            110,297 
 898,918       10            111,625 
 898,918       10            112,625 
 898,918       10            113,672 
 898,918       10            114,797 
 898,918       10            116,437 
 898,918       10            117,672 
 898,918       10            118,797 
 898,918       10            119,859 
 898,918       10            120,75 
 898,918       10            122 
 898,918       10            123,5 
 898,918       10            124,609 
 898,918       10            125,75 
 898,918       10            127,562 
 898,918       10            128,75 
 898,918       10            130,484 
 898,918       10            131,562 
 898,918       10            133,109 
 898,918       10            134,25 
 898,918       10            135,734 
 898,918       10            136,75 
 898,918       10            138,937 
 898,918       10            140,047 
 898,918       10            141,797 
 898,918       10            143,687 
 898,918       10            144,875 
 898,918       10            145,812 
 898,918       10            146,984 
 898,918       10            148,062 
 898,918       10            149,625 
 898,918       10            151,187 
 898,918       10            152,375 
 898,918       10            153,437 
 898,918       10            154,797 
 898,918       10            155,937 
 898,918       10            156,937 
 898,918       10            158,547 
 898,918       10            159,547 
 898,918       10            160,734 
 898,918       10            162,187 
 898,918       10            163,375 
 898,918       10            164,422 
 898,918       10            165,562 
 898,918       10            166,547 
 898,918       10            168,062 
 898,918       10            169,25 
 895,366       10            170,25 
 895,366       10            171,422 
 895,366       10            172,359 
 895,366       10            173,437 
 895,366       10            174,375 
 895,366       10            176,437 
 895,366       10            178,047 
 895,366       10            178,984 
 895,366       10            180,062 
 895,366       10            181,5 
 895,366       10            182,5 
 895,366       10            183,609 
 895,366       10            184,734 
 895,366       10            186,062 
 895,366       10            187,25 
 895,366       10            189,125 
 895,366       10            190,375 
 895,366       10            191,875 
 895,366       10            192,922 
 895,366       10            194,062 
 895,366       10            195,172 
 895,366       10            196,187 
 895,366       10            197,375 
 895,366       10            198,859 
 895,366       10            200,062 
 895,366       10            201,125 
 895,366       10            202,234 
 895,366       10            203,734 
 895,366       10            205,797 
 895,366       10            206,937 
 895,366       10            208,25 
 895,366       10            209,437 
 895,366       10            210,422 
 895,366       10            211,984 
 895,366       10            212,875 
 895,366       10            214,047 
 895,366       10            214,937 
 895,366       10            216 
 895,366       10            217,484 
 895,366       10            218,609 
 895,366       10            219,75 
 895,366       10            220,75 
 895,366       10            223,297 
 895,366       10            224,422 
 895,366       10            225,5 
 895,366       10            226,687 
 895,366       10            227,812 
 895,366       10            228,75 
 895,366       10            230,484 
 886,487       10            231,5 
 886,487       10            232,797 
 886,487       10            233,937 
 886,487       10            235,312 
 886,487       10            236,437 
 886,487       10            237,922 
 886,487       10            239,062 
 886,487       10            240,672 
 886,487       10            241,625 
 886,487       10            242,734 
 886,487       10            243,734 
 886,487       10            245 
 886,487       10            246,625 
 886,487       10            248,109 
 886,487       10            249,625 
 886,487       10            250,562 
 886,487       10            252,625 
 886,487       10            253,484 
 886,487       10            254,734 
 886,487       10            255,734 
 886,487       10            257,109 
 886,487       10            258,25 
 886,487       10            259,172 
 886,487       10            260,187 
 886,487       10            261,062 
 886,487       10            262,062 
 886,487       10            263,187 
 886,487       10            264,297 
 886,487       10            265,234 
 886,487       10            266,062 
 886,487       10            268,172 
 886,487       10            269,062 
 886,487       10            270,062 
 886,487       10            272 
 886,487       10            272,875 
 886,487       10            273,75 
 886,487       10            274,672 
 886,487       10            275,687 
 886,487       10            276,687 
 886,487       10            277,734 
 886,487       10            278,859 
 886,487       10            279,812 
 886,487       10            280,922 
 886,487       10            281,859 
 886,487       10            283,234 
 886,487       10            284,187 
 886,487       10            285,172 
 886,487       10            286,234 
 886,487       10            287,125 
 886,487       10            288,109 
 886,487       10            289,672 
 886,487       10            290,797 
 886,487       10            292,062 
 886,487       10            293,172 
 886,487       10            294,062 
 886,487       10            295,359 
 886,487       10            296,25 
 886,487       10            297,422 
 886,487       10            299,172 
 886,487       10            300,109 
 886,487       10            301,172 
 886,487       10            302,234 
 886,487       10            303,187 
 886,487       10            304,172 
 886,487       10            305,062 
 886,487       10            305,922 
 886,487       10            306,937 
 886,487       10            308,187 
 886,487       10            309,125 
 886,487       10            310,797 
 886,487       10            311,937 
 886,487       10            312,984 
 886,487       10            314,359 
 886,487       10            315,859 
 886,487       10            316,875 
 886,487       10            318,375 
 886,487       10            320,172 
 886,487       10            321,312 
 886,487       10            322,25 
 886,487       10            323,172 
 886,487       10            324,25 
 886,487       10            325,187 
 886,487       10            326,297 
 886,487       10            327,859 
 886,487       10            328,984 
 886,487       10            329,859 
 886,487       10            331,187 
 886,487       10            332,234 
 886,487       10            333,125 
 886,487       10            334,109 
 886,487       10            335,062 
 886,487       10            336,422 
 886,487       10            337,422 
 886,487       10            339,047 
 886,487       10            340,062 
 886,487       10            341,297 
 886,487       10            342,297 
 886,487       10            343,375 
 886,487       10            344,359 
 886,487       10            345,297 
 886,487       10            346,312 
 886,487       10            347,75 
 886,487       10            348,797 
 886,487       10            349,875 
 886,487       10            351,187 
 886,487       10            352,047 
 886,487       10            353,797 
 886,487       10            354,984 
 886,487       10            356,047 
 886,487       10            357,375 
 886,487       10            358,312 
 886,487       10            359,297 
 886,487       10            360,187 
 886,487       10            361,109 
 886,487       10            362 
 886,487       10            363,187 
 886,487       10            364,312 
 886,487       10            365,187 
 885,485       10            366,125 
 885,485       10            367,375 
 885,485       10            368,375 
 885,485       10            369,5 
 885,485       10            370,687 
 885,485       10            371,734 
 885,485       10            373,047 
 885,485       10            374,187 
 885,485       10            375,687 
 885,485       10            376,547 
 885,485       10            377,609 
 885,485       10            378,859 
 885,485       10            380,234 
 880,681       10            381,609 
 880,681       10            382,547 
 880,681       10            384,187 
 880,681       10            385,812 
 880,681       10            386,734 
 880,681       10            387,937 
 880,681       10            388,859 
 880,681       10            389,859 
 880,681       10            390,875 
 880,681       10            391,797 
 880,681       10            392,984 
 880,681       10            394,047 
 880,681       10            395,312 
 880,681       10            396,672 
 880,681       10            398,047 
 880,681       10            399,047 
 880,681       10            400,172 
 880,681       10            401,172 
 880,681       10            402,172 
 880,681       10            403,14 
 880,681       10            404,078 
 880,681       10            405,156 
 880,681       10            406,265 
 880,681       10            407,093 
 880,681       10            408,031 
 880,681       10            409,343 
 880,681       10            410,64 
 880,681       10            411,89 
 880,681       10            412,843 
 880,681       10            413,89 
 880,681       10            414,843 
 880,681       10            415,828 
 880,681       10            416,89 
 880,681       10            417,906 
 880,681       10            419,468 
 880,681       10            420,406 
 880,681       10            421,953 
 880,681       10            423,203 
 880,681       10            424,203 
 880,681       10            425,156 
 880,681       10            426,203 
 880,681       10            427,281 
 880,681       10            428,453 
 880,681       10            429,406 
 880,681       10            430,39 
 880,681       10            431,39 
 880,681       10            432,265 
 880,681       10            433,203 
 880,681       10            434,031 
 880,681       10            435,078 
 880,681       10            436,156 
 880,681       10            437,281 
 880,681       10            438,718 
 880,681       10            439,843 
 880,681       10            440,765 
 880,681       10            441,765 
 880,681       10            442,718 
 880,681       10            444,218 
 880,681       10            445,203 
 880,681       10            446,14 
 880,681       10            447,015 
 880,681       10            447,953 
 880,681       10            449,031 
 880,681       10            450,078 
 880,681       10            451,14 
 880,681       10            452,265 
 880,681       10            453,265 
 880,681       10            454,515 
 880,681       10            455,718 
 880,681       10            456,703 
 880,681       10            457,906 
 880,681       10            459,453 
 880,681       10            460,468 
 880,681       10            461,531 
 880,681       10            462,515 
 880,681       10            463,578 
 880,681       10            464,64 
 880,681       10            465,64 
 880,681       10            466,468 
 880,681       10            467,531 
 880,681       10            468,453 
 880,681       10            469,515 
 880,681       10            471,078 
 880,681       10            472,078 
 880,681       10            473,031 
 880,681       10            474,281 
 880,681       10            475,343 
 880,681       10            476,64 
 880,681       10            477,531 
 880,681       10            478,843 
 880,681       10            479,703 
 880,681       10            480,593 
 880,681       10            481,515 
 880,681       10            482,406 
 880,681       10            483,265 
 880,681       10            484,281 
 880,681       10            485,156 
 880,681       10            486,078 
 880,681       10            487,14 
 880,681       10            488,14 
 880,681       10            488,968 
 880,681       10            490,14 
 880,681       10            491,39 
 880,681       10            492,953 
 880,681       10            494,156 
 880,681       10            495,328 
 880,681       10            496,281 
 880,681       10            497,281 
 880,681       10            498,343 
 880,681       10            499,515 
 880,681       10            500,593 
 880,681       10            502,453 
 880,681       10            503,703 
 880,681       10            504,656 
 880,681       10            505,828 
 880,681       10            507,015 
 880,681       10            508,031 
 880,681       10            509,14 
 880,681       10            510,218 
 880,681       10            511,328 
 880,681       10            512,093 
 880,681       10            513,203 
 880,681       10            514,203 
 880,681       10            515,047 
 880,681       10            516,14 
 880,681       10            516,953 
 880,681       10            517,968 
 880,681       10            518,843 
 880,681       10            519,75 
 880,681       10            520,734 
 880,681       10            521,625 
 880,681       10            522,625 
 880,681       10            523,953 
 880,681       10            524,781 
 880,681       10            525,64 
 880,681       10            526,812 
 880,681       10            527,781 
 880,681       10            528,922 
 880,681       10            530,078 
 880,681       10            531,109 
 880,681       10            532,5 
 880,681       10            533,5 
 880,681       10            534,5 
 880,681       10            535,656 
 880,681       10            536,968 
 880,681       10            538,062 
 880,681       10            539,172 
 880,681       10            540,203 
 880,681       10            541,172 
 880,681       10            542,109 
 880,681       10            543,422 
 880,681       10            544,656 
 880,681       10            546,453 
 880,681       10            547,515 
 880,681       10            548,484 
 880,681       10            549,687 
 880,681       10            550,718 
 880,681       10            551,656 
 880,681       10            552,718 
 880,681       10            553,718 
 880,681       10            554,875 
 880,681       10            556,047 
 880,681       10            557,515 
 880,681       10            558,562 
 880,681       10            559,468 
 880,681       10            560,359 
 880,681       10            561,859 
 880,681       10            563,047 
 880,681       10            564,531 
 880,681       10            565,468 
 880,681       10            566,718 
 880,681       10            567,781 
 880,681       10            568,656 
 880,681       10            569,843 
 880,681       10            570,797 
 880,681       10            571,75 
 880,681       10            572,687 
 880,681       10            573,75 
 880,681       10            574,734 
 880,681       10            576,484 
 880,681       10            577,437 
 880,681       10            578,484 
 880,681       10            580,75 
 880,681       10            582,109 
 880,681       10            583,125 
 880,681       10            584,125 
 880,681       10            585,515 
 880,681       10            586,75 
 880,681       10            587,828 
 880,681       10            588,703 
 880,681       10            590 
 880,681       10            591 
 880,681       10            592,062 
 880,681       10            592,937 
 880,681       10            594,062 
 880,681       10            595,14 
 880,681       10            596,187 
 880,681       10            597,203 
 880,681       10            598,437 
 880,681       10            600 
 880,681       10            600,984 
 880,681       10            601,953 
 880,681       10            602,953 
 880,681       10            604,078 
 880,681       10            605,078 
 880,681       10            606,062 
 880,681       10            607,265 
 880,681       10            608,484 
 880,681       10            609,422 
 880,681       10            610,406 
 880,681       10            611,468 
 880,681       10            612,984 
 880,681       10            614,39 
 880,681       10            615,437 
 880,681       10            616,39 
 880,681       10            617,531 
 880,681       10            618,593 
 880,681       10            619,718 
 880,681       10            620,734 
 880,681       10            622,093 
 880,681       10            623,172 
 880,681       10            624,047 
 880,681       10            625,297 
 880,681       10            626,218 
 880,681       10            627,609 
 880,681       10            628,718 
 880,681       10            629,593 
 880,681       10            630,984 
 880,681       10            632,281 
 880,681       10            633,156 
 880,681       10            634,109 
 880,681       10            635,031 
 880,681       10            635,968 
 880,681       10            637,031 
 880,681       10            637,922 
 880,681       10            639,172 
 880,681       10            640,156 
 880,681       10            641,468 
 880,681       10            642,656 
 880,681       10            643,797 
 880,681       10            644,609 
 880,681       10            645,609 
 880,681       10            646,484 
 880,681       10            647,578 
 880,681       10            648,14 
 880,681       10            648,593 
 880,681       10            649,093 
 880,681       10            649,562 
 880,681       10            650,031 
 880,681       10            650,703 
 880,681       10            651,156 
 880,681       10            651,656 
 880,681       10            652,578 
 880,681       10            653,062 
 880,681       10            653,531 
 880,681       10            654,031 
 880,681       10            654,484 
 880,681       10            655,031 
 880,681       10            655,547 
 880,681       10            656,062 
 880,681       10            656,547 
 880,681       10            657,093 
 880,681       10            657,687 
 880,681       10            658,578 
 880,681       10            659,093 
 880,681       10            659,593 
 880,681       10            660,359 
 880,681       10            660,875 
 880,681       10            661,718 
 880,681       10            662,468 
 880,681       10            663,093 
 880,681       10            663,578 
 880,681       10            664,484 
 880,681       10            665,468 
 880,681       10            666,031 
 880,681       10            666,609 
 880,681       10            668,093 
 880,681       10            669,875 
 880,681       10            670,812 
 880,681       10            672,187 
 880,681       10            673,125 
 880,681       10            674,187 
 880,681       10            675,015 
 880,681       10            675,953 
 880,681       10            677,375 
 880,681       10            678,203 
 880,681       10            679,125 
 880,681       10            680,312 
 880,681       10            681,828 
 880,681       10            683,187 
 880,681       10            684,328 
 880,681       10            685,203 
 880,681       10            686,328 
 880,681       10            687,562 
 880,681       10            688,828 
 880,681       10            689,812 
 880,681       10            690,75 
 880,681       10            691,687 
 880,681       10            692,562 
 880,681       10            693,515 
 880,681       10            694,625 
 880,681       10            695,5 
 880,681       10            696,39 
 880,681       10            697,828 
 880,681       10            698,75 
 880,681       10            699,625 
 880,681       10            700,812 
 880,681       10            701,687 
 880,681       10            702,625 
 880,681       10            703,687 
 880,681       10            704,625 
 880,681       10            705,765 
 880,681       10            706,937 
 880,681       10            707,812 
 880,681       10            708,703 
 880,681       10            709,578 
 880,681       10            710,64 
 880,681       10            711,578 
 880,681       10            712,515 
 880,681       10            713,687 
 880,681       10            714,562 
 880,681       10            715,437 
 880,681       10            716,64 
 880,681       10            717,937 
 880,681       10            718,937 
 880,681       10            719,812 
 880,681       10            720,703 
 880,681       10            722,25 
 880,681       10            723,203 
 880,681       10            724,078 
 880,681       10            725,187 
 880,681       10            726,156 
 880,681       10            727,172 
 880,681       10            728,234 
 880,681       10            729,109 
 880,681       10            730 
 880,681       10            730,89 
 880,681       10            732 
 880,681       10            732,953 
 880,681       10            733,875 
 880,681       10            734,89 
 880,681       10            735,89 
 880,681       10            736,875 
 880,681       10            737,875 
 880,681       10            738,75 
 880,681       10            739,875 
 880,681       10            740,75 
 880,681       10            741,703 
 880,681       10            742,828 
 880,681       10            743,812 
 880,681       10            744,875 
 880,681       10            745,828 
 880,681       10            746,765 
 880,681       10            747,75 
 880,681       10            749,687 
 880,681       10            750,828 
 880,681       10            751,828 
 880,681       10            753,328 
 880,681       10            754,453 
 880,681       10            755,625 
 880,681       10            756,703 
 880,681       10            757,625 
 880,681       10            758,75 
 880,681       10            759,625 
 880,681       10            760,703 
 880,681       10            761,812 
 880,681       10            762,75 
 880,681       10            763,687 
 880,681       10            765,125 
 880,681       10            766,203 
 880,681       10            767,187 
 880,681       10            768,312 
 880,681       10            769,25 
 880,681       10            770,437 
 880,681       10            771,39 
 880,681       10            772,265 
 880,681       10            773,203 
 880,681       10            774,203 
 880,681       10            775,14 
 880,681       10            776 
 880,681       10            776,937 
 880,681       10            778,015 
 880,681       10            778,89 
 880,681       10            779,765 
 880,681       10            780,64 
 880,681       10            781,625 
 880,681       10            782,703 
 880,681       10            783,75 
 880,681       10            785,14 
 880,681       10            786,078 
 880,681       10            787,078 
 880,681       10            788,062 
 880,681       10            788,953 
 880,681       10            789,828 
 880,681       10            790,765 
 880,681       10            792,328 
 880,681       10            793,828 
 880,681       10            795,453 
 879,335       10            796,5 
 879,335       10            797,625 
 879,335       10            798,75 
 879,335       10            799,875 
 879,335       10            800,937 
 879,335       10            801,828 
 879,335       10            802,828 
 879,335       10            803,765 
 879,335       10            804,703 
 879,335       10            805,703 
 879,335       10            807,078 
 879,335       10            808,203 
 879,335       10            809,437 
 879,335       10            810,5 
 879,335       10            811,453 
 879,335       10            812,625 
 879,335       10            813,64 
 879,335       10            814,937 
 879,335       10            816,203 
 879,335       10            817,125 
 879,335       10            818,265 
 879,335       10            819,453 
 879,335       10            820,437 
 879,335       10            821,765 
 879,335       10            822,765 
 879,335       10            823,703 
 879,335       10            824,812 
 879,335       10            825,953 
 879,335       10            826,937 
 879,335       10            827,828 
 879,335       10            829,125 
 879,335       10            830,14 
 879,335       10            831,062 
 879,335       10            832,328 
 879,335       10            833,203 
 879,335       10            834,078 
 879,335       10            834,937 
 879,335       10            835,812 
 879,335       10            837,078 
 879,335       10            837,937 
 879,335       10            838,937 
 879,335       10            839,828 
 879,335       10            840,765 
 879,335       10            841,625 
 879,335       10            842,5 
 879,335       10            843,453 
 879,335       10            844,328 
 879,335       10            845,453 
 879,335       10            846,375 
 879,335       10            847,703 
 879,335       10            848,703 
 879,335       10            849,687 
 879,335       10            850,578 
 879,335       10            851,562 
 879,335       10            853,14 
 879,335       10            854,14 
 879,335       10            855,015 
 879,335       10            855,937 
 879,335       10            856,828 
 879,335       10            858,578 
 879,335       10            859,562 
 879,335       10            860,625 
 879,335       10            861,64 
 879,335       10            862,515 
 879,335       10            863,625 
 879,335       10            864,5 
 879,335       10            865,562 
 879,335       10            867,062 
 879,335       10            868,5 
 879,335       10            869,437 
 879,335       10            870,5 
 879,335       10            871,375 
 879,335       10            872,375 
 879,335       10            873,265 
 879,335       10            874,375 
 879,335       10            875,265 
 879,335       10            876,25 
 879,335       10            877,5 
 879,335       10            878,437 
 879,335       10            879,25 
 879,335       10            880,312 
 879,335       10            881,375 
 879,335       10            882,312 
 879,335       10            883,765 
 879,335       10            884,89 
 879,335       10            885,937 
 879,335       10            886,875 
 879,335       10            887,75 
 879,335       10            888,703 
 879,335       10            889,578 
 879,335       10            890,703 
 879,335       10            891,64 
 879,335       10            892,64 
 879,335       10            893,703 
 879,335       10            894,64 
 879,335       10            895,625 
 879,335       10            896,562 
 879,335       10            897,937 
 879,335       10            898,875 
 879,335       10            899,765 
 879,335       10            900,812 
 879,335       10            901,703 
 879,335       10            902,953 
 879,335       10            904,062 
 879,335       10            905,015 
 879,335       10            906,015 
 879,335       10            907,5 
 879,335       10            909,187 
 879,335       10            910,14 
 879,335       10            911,203 
 879,335       10            912,078 
 879,335       10            912,953 
 879,335       10            913,875 
 879,335       10            914,89 
 879,335       10            916,015 
 879,335       10            916,937 
 879,335       10            917,875 
 879,335       10            918,75 
 879,335       10            919,953 
 879,335       10            921,312 
 879,335       10            922,437 
 879,335       10            923,64 
 879,335       10            924,765 
 879,335       10            925,812 
 879,335       10            927,89 
 879,335       10            929,39 
 879,335       10            930,437 
 879,335       10            931,453 
 879,335       10            932,437 
 879,335       10            933,39 
 879,335       10            934,437 
 879,335       10            935,328 
 879,335       10            936,953 
 879,335       10            938 
 879,335       10            938,875 
 879,335       10            939,953 
 879,335       10            940,937 
 879,335       10            942,437 
 879,335       10            943,578 
 879,335       10            944,5 
 879,335       10            945,562 
 879,335       10            946,437 
 879,335       10            947,265 
 879,335       10            948,265 
 879,335       10            949,437 
 879,335       10            950,953 
 879,335       10            952,14 
 879,335       10            953,578 
 879,335       10            954,89 
 879,335       10            955,812 
 879,335       10            956,64 
 879,335       10            957,515 
 879,335       10            958,515 
 879,335       10            959,687 
 879,335       10            960,562 
 879,335       10            961,562 
 879,335       10            962,625 
 879,335       10            963,562 
 879,335       10            964,515 
 879,335       10            965,437 
 879,335       10            966,375 
 879,335       10            967,265 
 879,335       10            968,203 
 879,335       10            969,187 
 879,335       10            970,125 
 879,335       10            971,312 
 879,335       10            972,75 
 879,335       10            973,64 
 879,335       10            974,687 
 879,335       10            976 
 879,335       10            976,953 
 877,949       10            977,953 
 877,949       10            978,953 
 877,949       10            979,875 
 877,949       10            981,015 
 877,949       10            982,14 
 877,949       10            983,062 
 877,949       10            983,953 
 877,949       10            985,062 
 877,949       10            986,187 
 877,949       10            987,203 
 877,949       10            988,14 
 877,949       10            989,937 
 877,949       10            991,015 
 877,949       10            991,89 
 877,949       10            992,812 
 877,949       10            994,015 
 877,949       10            995,078 
 877,949       10            995,937 
 877,949       10            996,953 
 877,949       10            997,953 
 877,949       10            999,015 
 877,949       10            999,937 
 877,949       10            1000,875 
 877,949       10            1001,953 
 877,949       10            1002,937 
 877,949       10            1003,828 
 877,949       10            1004,765 
 877,949       10            1005,703 
 877,949       10            1006,625 
 877,949       10            1007,625 
 877,949       10            1008,578 
 877,949       10            1009,578 
 877,949       10            1010,765 
 877,949       10            1012,265 
 877,949       10            1013,25 
 877,949       10            1014,453 
 877,949       10            1015,562 
 877,949       10            1016,562 
 877,949       10            1017,453 
 877,949       10            1018,437 
 877,949       10            1019,437 
 877,949       10            1020,375 
 877,949       10            1021,375 
 877,949       10            1022,812 
 877,949       10            1023,765 
 877,949       10            1024,64 
 877,949       10            1025,812 
 877,949       10            1026,75 
 877,949       10            1027,75 
 877,949       10            1028,625 
 877,949       10            1029,703 
 877,949       10            1030,64 
 877,949       10            1031,765 
 877,949       10            1032,687 
 877,949       10            1033,687 
 877,949       10            1035 
 877,949       10            1035,89 
 877,949       10            1037,125 
 877,949       10            1038,062 
 877,949       10            1039,312 
 877,949       10            1040,14 
 877,949       10            1041,203 
 877,949       10            1042,265 
 877,949       10            1043,312 
 877,949       10            1044,437 
 877,949       10            1045,328 
 877,949       10            1046,203 
 877,949       10            1047,453 
 877,949       10            1048,375 
 877,949       10            1049,328 
 877,949       10            1050,203 
 877,949       10            1051,265 
 877,949       10            1052,187 
 877,949       10            1053,062 
 877,949       10            1054,078 
 877,949       10            1054,937 
 877,949       10            1055,89 
 877,949       10            1056,812 
 877,949       10            1057,687 
 877,949       10            1058,578 
 877,949       10            1059,453 
 877,949       10            1060,812 
 877,949       10            1061,75 
 877,949       10            1062,64 
 877,949       10            1063,578 
 877,949       10            1064,625 
 877,949       10            1065,5 
 877,949       10            1066,437 
 877,949       10            1067,515 
 877,949       10            1068,515 
 877,949       10            1069,437 
 877,949       10            1070,5 
 877,949       10            1071,562 
 877,949       10            1072,625 
 877,949       10            1073,687 
 877,949       10            1074,875 
 877,949       10            1075,953 
 877,949       10            1076,875 
 877,949       10            1077,875 
 877,949       10            1078,828 
 877,949       10            1079,812 
 877,949       10            1080,875 
 877,949       10            1082 
 877,949       10            1082,937 
 877,949       10            1083,953 
 877,949       10            1085,187 
 877,949       10            1086,39 
 877,949       10            1087,453 
 877,949       10            1088,578 
 877,949       10            1089,64 
 877,949       10            1090,625 
 877,949       10            1091,64 
 877,949       10            1092,812 
 877,949       10            1094 
 877,949       10            1094,937 
 877,949       10            1096,203 
 877,949       10            1097,265 
 877,949       10            1099,062 
 877,949       10            1100,125 
 877,949       10            1101,14 
 877,949       10            1102,203 
 877,949       10            1103,125 
 877,949       10            1104,062 
 877,949       10            1104,937 
 877,949       10            1106,703 
 877,949       10            1107,75 
 877,949       10            1108,64 
 877,949       10            1109,578 
 877,949       10            1110,625 
 877,949       10            1112,062 
 877,949       10            1113,328 
 877,949       10            1114,25 
 877,949       10            1115,328 
 877,949       10            1116,25 
 877,949       10            1117,265 
 877,949       10            1118,14 
 877,949       10            1119,015 
 877,949       10            1120,015 
 877,949       10            1121,312 
 877,949       10            1122,25 
 877,949       10            1123,125 
 877,949       10            1124,328 
 877,949       10            1125,328 
 877,949       10            1126,328 
 877,949       10            1127,265 
 877,949       10            1128,265 
 877,949       10            1129,14 
 877,949       10            1130,125 
 877,949       10            1131,015 
 877,949       10            1131,89 
 877,949       10            1133,015 
 877,949       10            1134,25 
 877,949       10            1135,14 
 877,949       10            1136,015 
 877,949       10            1137,312 
 877,949       10            1138,375 
 877,949       10            1139,5 
 877,949       10            1140,39 
 877,949       10            1141,265 
 877,949       10            1142,14 
 877,949       10            1143,062 
 877,949       10            1144,265 
 877,949       10            1145,14 
 877,949       10            1146,078 
 877,949       10            1147,203 
 877,949       10            1148,875 
 877,949       10            1149,75 
 877,949       10            1150,578 
 877,949       10            1151,64 
 877,949       10            1152,515 
 877,949       10            1153,453 
 877,949       10            1154,328 
 877,949       10            1155,328 
 877,949       10            1156,39 
 877,949       10            1157,328 
 877,949       10            1158,14 
 877,949       10            1159,062 
 877,949       10            1160,453 
 877,949       10            1161,578 
 877,949       10            1162,562 
 877,949       10            1163,515 
 877,949       10            1164,937 
 877,949       10            1165,875 
 877,949       10            1166,812 
 877,949       10            1167,703 
 877,949       10            1168,578 
 877,949       10            1169,515 
 877,949       10            1170,5 
 877,949       10            1171,39 
 877,949       10            1172,328 
 877,949       10            1173,312 
 877,949       10            1174,328 
 877,949       10            1175,437 
 877,949       10            1176,625 
 877,949       10            1177,64 
 877,949       10            1178,828 
 877,949       10            1179,937 
 877,949       10            1180,812 
 877,949       10            1181,703 
 877,949       10            1182,562 
 877,949       10            1183,515 
 877,949       10            1184,515 
 877,949       10            1185,375 
 877,949       10            1186,25 
 877,949       10            1187,062 
 877,949       10            1188,125 
 877,949       10            1189,015 
 877,949       10            1190,015 
 877,949       10            1191,203 
 877,949       10            1192,125 
 877,949       10            1193 
 877,949       10            1194,015 
 877,949       10            1194,937 
 877,949       10            1196,015 
 877,949       10            1197,125 
 877,949       10            1198,015 
 877,949       10            1199 
 877,949       10            1200,062 
 877,949       10            1201,015 
 877,949       10            1202,187 
 877,949       10            1203,625 
 877,949       10            1204,562 
 877,949       10            1205,437 
 877,949       10            1206,39 
 877,949       10            1207,375 
 877,949       10            1208,25 
 877,949       10            1209,203 
 877,949       10            1210,062 
 877,949       10            1210,937 
 877,949       10            1211,828 
 877,949       10            1212,812 
 877,949       10            1213,828 
 877,949       10            1214,765 
 877,949       10            1215,812 
 877,949       10            1216,75 
 877,949       10            1217,578 
 877,949       10            1218,453 
 877,949       10            1219,375 
 877,949       10            1220,437 
 877,949       10            1221,328 
 877,949       10            1222,39 
 877,949       10            1223,25 
 877,949       10            1224,25 
 877,949       10            1225,64 
 877,949       10            1226,562 
 877,949       10            1227,5 
 877,949       10            1228,515 
 877,949       10            1229,5 
 877,949       10            1230,515 
 877,949       10            1231,562 
 877,949       10            1232,703 
 877,949       10            1233,578 
 877,949       10            1234,687 
 877,949       10            1235,687 
 877,949       10            1236,578 
 877,949       10            1237,703 
 877,949       10            1238,578 
 877,949       10            1239,64 
 877,949       10            1240,562 
 877,949       10            1241,5 
 877,949       10            1242,64 
 877,949       10            1243,687 
 877,949       10            1244,578 
 877,949       10            1245,687 
 877,949       10            1246,562 
 877,949       10            1248,14 
 877,949       10            1249,078 
 877,949       10            1250,312 
 877,949       10            1251,453 
 877,949       10            1252,687 
 877,949       10            1253,64 
 877,949       10            1254,75 
 877,949       10            1255,625 
 877,949       10            1256,562 
 877,949       10            1257,437 
 877,949       10            1258,64 
 877,949       10            1259,562 
 877,949       10            1260,515 
 877,949       10            1261,453 
 877,949       10            1262,375 
 877,949       10            1263,328 
 877,949       10            1264,312 
 877,949       10            1265,5 
 877,949       10            1266,515 
 877,949       10            1267,39 
 877,949       10            1268,39 
 877,949       10            1269,515 
 877,949       10            1270,75 
 877,949       10            1271,578 
 877,949       10            1272,515 
 877,949       10            1273,453 
 877,949       10            1274,578 
 877,949       10            1275,578 
 877,949       10            1276,515 
 877,949       10            1277,39 
 877,949       10            1278,375 
 877,949       10            1279,562 
 877,949       10            1280,625 
 877,949       10            1281,515 
 877,949       10            1282,625 
 877,949       10            1283,703 
 877,949       10            1284,703 
 877,949       10            1285,64 
 877,949       10            1286,781 
 877,949       10            1287,89 
 877,949       10            1288,89 
 877,949       10            1290,39 
 877,949       10            1291,453 
 877,949       10            1292,578 
 877,949       10            1293,625 
 877,949       10            1294,703 
 877,949       10            1295,64 
 877,949       10            1296,828 
 877,949       10            1297,812 
 877,949       10            1298,812 
 877,949       10            1299,687 
 877,949       10            1300,578 
 877,949       10            1301,64 
 877,949       10            1302,562 
 877,949       10            1303,515 
 877,949       10            1304,515 
 877,949       10            1305,39 
 877,949       10            1306,453 
 877,949       10            1307,312 
 877,949       10            1308,687 
 877,949       10            1309,578 
 877,949       10            1310,625 
 877,949       10            1311,812 
 877,949       10            1312,64 
 877,949       10            1313,765 
 877,949       10            1314,64 
 877,949       10            1316,312 
 877,949       10            1318 
 877,949       10            1318,953 
 877,949       10            1319,875 
 877,949       10            1320,828 
 877,949       10            1321,703 
 877,949       10            1323,125 
 877,949       10            1324,078 
 877,949       10            1324,953 
 877,949       10            1325,89 
 877,949       10            1326,937 
 877,949       10            1327,953 
 877,949       10            1329,015 
 877,949       10            1330 
 877,949       10            1330,89 
 877,949       10            1331,828 
 877,949       10            1332,75 
 877,949       10            1333,765 
 877,949       10            1334,875 
 877,949       10            1335,875 
 877,949       10            1337,375 
 877,949       10            1338,437 
 877,949       10            1339,453 
 877,949       10            1340,453 
 877,949       10            1341,562 
 877,949       10            1342,578 
 877,949       10            1344,015 
 877,949       10            1345,375 
 877,949       10            1346,562 
 877,949       10            1348 
 877,949       10            1349,125 
 877,949       10            1350,75 
 877,949       10            1352,265 
 877,949       10            1353,578 
 877,949       10            1354,578 
 877,949       10            1355,515 
 877,949       10            1356,5 
 877,949       10            1357,437 
 877,949       10            1358,437 
 877,949       10            1359,39 
 877,949       10            1360,562 
 877,949       10            1361,5 
 877,949       10            1362,5 
 877,949       10            1364,078 
 877,949       10            1365,125 
 877,949       10            1366,062 
 877,949       10            1367,203 
 877,949       10            1368,125 
 877,949       10            1368,953 
 877,949       10            1369,953 
 877,949       10            1371 
 877,949       10            1372,453 
 877,949       10            1373,937 
 877,949       10            1374,953 
 877,949       10            1375,89 
 877,949       10            1376,765 
 877,949       10            1377,75 
 877,949       10            1378,875 
 877,949       10            1380,265 
 877,949       10            1381,828 
 877,949       10            1383,265 
 877,949       10            1384,25 
 877,949       10            1385,203 
 877,949       10            1386,187 
 877,949       10            1387,015 
 877,949       10            1388 
 877,949       10            1389 
 877,949       10            1390,062 
 877,949       10            1391,14 
 877,949       10            1392,062 
 877,949       10            1393 
 877,949       10            1394,625 
 877,949       10            1395,937 
 877,949       10            1397,015 
 877,949       10            1398,39 
 877,949       10            1399,312 
 877,949       10            1400,875 
 877,949       10            1401,75 
 877,949       10            1402,625 
 877,949       10            1403,5 
 877,949       10            1404,437 
 877,949       10            1405,375 
 877,949       10            1406,89 
 877,949       10            1407,765 
 877,949       10            1408,64 
 877,949       10            1409,75 
 877,949       10            1410,64 
 877,949       10            1411,75 
 877,949       10            1412,687 
 877,949       10            1414 
 877,949       10            1415,765 
 877,949       10            1416,75 
 877,949       10            1417,937 
 877,949       10            1418,812 
 877,949       10            1419,703 
 877,949       10            1420,64 
 877,949       10            1421,625 
 877,949       10            1422,765 
 877,949       10            1424,203 
 877,949       10            1425,25 
 877,949       10            1426,265 
 877,949       10            1427,703 
 877,949       10            1428,75 
 877,949       10            1429,875 
 877,949       10            1430,953 
 877,949       10            1432,078 
 877,949       10            1433,125 
 877,949       10            1434,015 
 877,949       10            1435,078 
 877,949       10            1435,89 
 877,949       10            1436,937 
 877,949       10            1437,828 
 877,949       10            1438,828 
 877,949       10            1439,812 
 877,949       10            1440,687 
 877,949       10            1441,625 
 877,949       10            1442,5 
 877,949       10            1443,937 
 877,949       10            1444,765 
 877,949       10            1445,89 
 877,949       10            1447,14 
 877,949       10            1448,5 
 877,949       10            1449,625 
 877,949       10            1451,015 
 877,949       10            1452,062 
 877,949       10            1452,953 
 877,949       10            1454,062 
 877,949       10            1455,062 
 877,949       10            1456,062 
 877,949       10            1457,187 
 877,949       10            1458,14 
 877,949       10            1459,515 
 877,949       10            1460,5 
 877,949       10            1461,875 
 877,949       10            1463,312 
 877,949       10            1464,25 
 877,949       10            1465,203 
 877,949       10            1466,25 
 877,949       10            1467,14 
 877,949       10            1468,062 
 877,949       10            1469,203 
 877,949       10            1470,125 
 877,949       10            1471,187 
 877,949       10            1472,078 
 877,949       10            1473,5 
 877,949       10            1474,437 
 877,949       10            1475,515 
 877,949       10            1476,453 
 877,949       10            1477,64 
 877,949       10            1478,937 
 877,949       10            1479,875 
 877,949       10            1480,765 
 877,949       10            1482,062 
 877,949       10            1483,125 
 877,949       10            1484,25 
 877,949       10            1485,125 
 877,949       10            1486,125 
 877,949       10            1487 
 877,949       10            1487,89 
 877,949       10            1489,89 
 877,949       10            1490,765 
 877,949       10            1491,812 
 877,949       10            1492,812 
 877,949       10            1493,765 
 877,949       10            1494,75 
 877,949       10            1495,75 
 877,949       10            1496,625 
 877,949       10            1497,64 
 877,949       10            1498,64 
 877,949       10            1499,562 
 877,949       10            1500,765 
 877,949       10            1501,812 
 877,949       10            1502,828 
 877,949       10            1504,14 
 877,949       10            1505,453 
 877,949       10            1506,515 
 877,949       10            1507,64 
 877,949       10            1508,703 
 877,949       10            1510 
 877,949       10            1511,062 
 877,949       10            1511,937 
 877,949       10            1512,828 
 877,949       10            1513,812 
 877,949       10            1514,75 
 877,949       10            1515,765 
 877,949       10            1516,89 
 877,949       10            1517,875 
 877,949       10            1518,75 
 877,949       10            1519,812 
 877,949       10            1520,89 
 877,949       10            1522,015 
 877,949       10            1522,89 
 877,949       10            1524,187 
 877,949       10            1525,187 
 877,949       10            1526,14 
 877,949       10            1527,062 
 877,949       10            1528,062 
 877,949       10            1529,312 
 877,949       10            1530,703 
 877,949       10            1531,578 
 877,949       10            1532,515 
 877,949       10            1533,562 
 877,949       10            1534,39 
 877,949       10            1535,812 
 877,949       10            1537,203 
 877,949       10            1538,125 
 877,949       10            1539,187 
 877,949       10            1540,14 
 877,949       10            1541,078 
 877,949       10            1542,015 
 877,949       10            1543,328 
 877,949       10            1544,203 
 877,949       10            1545,187 
 877,949       10            1546,312 
 877,949       10            1547,265 
 877,949       10            1548,765 
 877,949       10            1549,812 
 877,949       10            1551,062 
 877,949       10            1551,953 
 877,949       10            1553,062 
 877,949       10            1554,5 
 877,949       10            1555,5 
 877,949       10            1556,375 
 877,949       10            1557,687 
 877,949       10            1559,625 
 877,949       10            1560,687 
 877,949       10            1561,828 
 877,949       10            1563,062 
 877,949       10            1563,937 
 877,949       10            1564,875 
 877,949       10            1565,765 
 877,949       10            1566,937 
 877,949       10            1568,062 
 877,949       10            1569,14 
 877,949       10            1570,14 
 877,949       10            1571,062 
 877,949       10            1572 
 877,949       10            1572,828 
 877,949       10            1573,75 
 877,949       10            1574,64 
 877,949       10            1575,562 
 877,949       10            1576,453 
 877,949       10            1577,328 
 877,949       10            1578,312 
 877,949       10            1579,14 
 877,949       10            1580,14 
 877,949       10            1581,125 
 877,949       10            1582,203 
 877,949       10            1583,14 
 877,949       10            1584,5 
 877,949       10            1585,5 
 877,949       10            1586,687 
 877,949       10            1587,703 
 877,949       10            1588,75 
 877,949       10            1590,828 
 877,949       10            1591,89 
 877,949       10            1592,875 
 877,949       10            1594,015 
 877,949       10            1594,953 
 877,949       10            1595,828 
 877,949       10            1596,937 
 877,949       10            1598 
 877,949       10            1598,875 
 877,949       10            1599,812 
 877,949       10            1600,765 
 877,949       10            1602,328 
 877,949       10            1603,437 
 877,949       10            1604,312 
 877,949       10            1605,203 
 877,949       10            1606,062 
 877,949       10            1606,953 
 877,949       10            1607,875 
 877,949       10            1608,828 
 877,949       10            1609,765 
 877,949       10            1610,703 
 877,949       10            1611,703 
 877,949       10            1612,578 
 877,949       10            1613,64 
 877,949       10            1614,562 
 877,949       10            1615,625 
 877,949       10            1616,578 
 877,949       10            1617,515 
 877,949       10            1618,515 
 877,949       10            1619,39 
 877,949       10            1620,265 
 877,949       10            1621,625 
 877,949       10            1623,187 
 877,949       10            1624,312 
 877,949       10            1625,203 
 877,949       10            1626,062 
 877,949       10            1627,125 
 877,949       10            1628,39 
 877,949       10            1629,5 
 877,949       10            1630,578 
 877,949       10            1631,562 
 877,949       10            1632,453 
 877,949       10            1633,578 
 877,949       10            1634,625 
 877,949       10            1635,515 
 877,949       10            1636,625 
 877,949       10            1638,125 
 877,949       10            1639,265 
 877,949       10            1640,25 
 877,949       10            1641,203 
 877,949       10            1642,078 
 877,949       10            1643,078 
 877,949       10            1643,953 
 877,949       10            1645,015 
 877,949       10            1645,937 
 877,949       10            1647,015 
 877,949       10            1647,937 
 877,949       10            1649,375 
 877,949       10            1650,515 
 877,949       10            1651,562 
 877,949       10            1652,5 
 877,949       10            1653,437 
 877,949       10            1654,39 
 877,949       10            1655,375 
 877,949       10            1656,328 
 877,949       10            1657,453 
 877,949       10            1658,703 
 877,949       10            1659,578 
 877,949       10            1660,453 
 877,949       10            1661,437 
 877,949       10            1662,453 
 877,949       10            1663,328 
 877,949       10            1664,328 
 877,949       10            1665,203 
 877,949       10            1666,062 
 877,949       10            1667,14 
 877,949       10            1668,312 
 877,949       10            1669,265 
 877,949       10            1670,187 
 877,949       10            1671,062 
 877,949       10            1671,953 
 877,949       10            1673 
 877,949       10            1673,828 
 877,949       10            1674,703 
 877,949       10            1675,625 
 877,949       10            1676,828 
 877,949       10            1677,75 
 877,949       10            1679,14 
 877,949       10            1680,078 
 877,949       10            1681,015 
 877,949       10            1682,125 
 877,949       10            1683,187 
 877,949       10            1684,187 
 877,949       10            1685,078 
 877,949       10            1685,953 
 877,949       10            1687,187 
 877,949       10            1688,14 
 877,949       10            1689,328 
 877,949       10            1690,375 
 877,949       10            1691,453 
 877,949       10            1692,453 
 877,949       10            1693,39 
 877,949       10            1694,453 
 877,949       10            1695,437 
 877,949       10            1696,328 
 877,949       10            1697,203 
 877,949       10            1698,125 
 877,949       10            1698,953 
 877,949       10            1699,937 
 877,949       10            1701,39 
 877,949       10            1702,312 
 877,949       10            1703,187 
 877,949       10            1704,39 
 877,949       10            1705,328 
 877,949       10            1706,25 
 877,949       10            1707,203 
 877,949       10            1708,25 
 877,949       10            1709,25 
 877,949       10            1710,14 
 877,949       10            1711,14 
 877,949       10            1712,625 
 877,949       10            1713,515 
 877,949       10            1714,562 
 877,949       10            1715,515 
 877,949       10            1716,562 
 877,949       10            1717,453 
 877,949       10            1718,562 
 877,949       10            1719,515 
 877,949       10            1720,812 
 877,949       10            1721,75 
 877,949       10            1723,437 
 877,949       10            1724,375 
 877,949       10            1725,312 
 877,949       10            1726,203 
 877,949       10            1727,203 
 877,949       10            1728,515 
 877,949       10            1729,812 
 877,949       10            1730,687 
 877,949       10            1731,625 
 877,949       10            1732,625 
 877,949       10            1733,5 
 877,949       10            1734,75 
 877,949       10            1735,703 
 877,949       10            1736,625 
 877,949       10            1737,515 
 877,949       10            1738,562 
 877,949       10            1739,484 
 877,949       10            1740,312 
 877,949       10            1741,25 
 877,949       10            1742,187 
 877,949       10            1743,125 
 877,949       10            1744,109 
 877,949       10            1744,937 
 877,949       10            1746,125 
 877,949       10            1747,375 
 877,949       10            1748,312 
 877,949       10            1749,25 
 877,949       10            1750,672 
 877,949       10            1751,703 
 877,949       10            1752,562 
 877,949       10            1753,547 
 877,949       10            1754,859 
 877,949       10            1756,343 
 877,949       10            1757,281 
 877,949       10            1758,515 
 877,949       10            1759,422 
 877,949       10            1760,64 
 877,949       10            1761,718 
 877,949       10            1762,672 
 877,949       10            1763,625 
 877,949       10            1765,515 
 877,949       10            1766,578 
 877,949       10            1767,781 
 877,949       10            1768,734 
 877,949       10            1769,64 
 877,949       10            1770,609 
 877,949       10            1771,89 
 877,949       10            1772,843 
 877,949       10            1774,468 
 877,949       10            1775,515 
 877,949       10            1776,64 
 877,949       10            1777,843 
 877,949       10            1778,75 
 877,949       10            1779,968 
 877,949       10            1780,781 
 877,949       10            1781,64 
 877,949       10            1782,984 
 877,949       10            1783,89 
 877,949       10            1784,89 
 877,949       10            1785,718 
 877,949       10            1786,547 
 877,949       10            1787,453 
 877,949       10            1788,39 
 877,949       10            1789,484 
 877,949       10            1790,515 
 877,949       10            1791,593 
 877,949       10            1792,453 
 877,949       10            1793,515 
 877,949       10            1794,593 
 877,949       10            1795,593 
 877,949       10            1796,562 
 877,949       10            1797,547 
 877,949       10            1798,781 
 877,949       10            1799,609 
 877,949       10            1800,531 
 877,949       10            1801,703 
 877,949       10            1802,89 
 877,949       10            1804,484 
 877,949       10            1805,562 
 877,949       10            1806,468 
 877,949       10            1808,234 
 877,949       10            1809,297 
 877,949       10            1810,703 
 877,949       10            1811,718 
 877,949       10            1813,078 
 877,949       10            1813,953 
 877,949       10            1814,843 
 877,949       10            1815,859 
 877,949       10            1817,109 
 877,949       10            1818,047 
 877,949       10            1818,812 
 877,949       10            1820,172 
 877,949       10            1820,937 
 877,949       10            1822,187 
 877,949       10            1823,109 
 877,949       10            1824 
 877,949       10            1825,047 
 877,949       10            1825,797 
 877,949       10            1826,906 
 877,949       10            1827,906 
 877,949       10            1828,922 
 877,949       10            1829,75 
 877,949       10            1830,625 
 877,949       10            1831,515 
 877,949       10            1832,718 
 877,949       10            1833,593 
 877,949       10            1834,453 
 877,949       10            1835,453 
 877,949       10            1836,203 
 877,949       10            1837,234 
 877,949       10            1838,593 
 877,949       10            1839,515 
 877,949       10            1840,484 
 877,949       10            1841,5 
 877,949       10            1842,312 
 877,949       10            1843,265 
 877,949       10            1844,172 
 877,949       10            1845,047 
 877,949       10            1846,234 
 877,949       10            1847,093 
 877,949       10            1847,984 
 877,949       10            1848,765 
 877,949       10            1849,672 
 877,949       10            1850,531 
 877,949       10            1851,468 
 877,949       10            1852,437 
 877,949       10            1853,25 
 877,949       10            1854,203 
 877,949       10            1855,718 
 877,949       10            1857,172 
 877,949       10            1858,281 
 877,949       10            1859,687 
 877,949       10            1860,656 
 877,949       10            1861,515 
 877,949       10            1862,468 
 877,949       10            1863,843 
 877,949       10            1864,828 
 877,949       10            1865,656 
 877,949       10            1866,703 
 877,949       10            1867,578 
 877,949       10            1868,484 
 877,949       10            1869,375 
 877,949       10            1870,25 
 877,949       10            1871,093 
 877,949       10            1872,078 
 877,949       10            1873,078 
 877,949       10            1873,922 
 877,949       10            1874,828 
 877,949       10            1875,687 
 877,949       10            1876,703 
 877,949       10            1877,656 
 877,949       10            1878,593 
 877,949       10            1879,39 
 877,949       10            1880,359 
 877,949       10            1881,343 
 877,949       10            1882,172 
 877,949       10            1882,984 
 877,949       10            1883,859 
 877,949       10            1884,656 
 877,949       10            1885,562 
 877,949       10            1886,453 
 877,949       10            1887,422 
 877,949       10            1888,406 
 877,949       10            1889,687 
 877,949       10            1890,515 
 877,949       10            1891,375 
 877,949       10            1892,281 
 877,949       10            1893,172 
 877,949       10            1893,89 
 877,949       10            1895 
 877,949       10            1895,906 
 877,949       10            1896,609 
 877,949       10            1897,515 
 877,949       10            1898,359 
 877,949       10            1899,39 
 877,949       10            1900,234 
 877,949       10            1901,078 
 877,949       10            1901,89 
 877,949       10            1902,687 
 877,949       10            1903,515 
 877,949       10            1904,312 
 877,949       10            1905,468 
 877,949       10            1906,453 
 877,949       10            1907,547 
 877,949       10            1908,531 
 877,949       10            1910,093 
 877,949       10            1911,203 
 877,949       10            1912,015 
 877,949       10            1912,937 
 877,949       10            1913,765 
 877,949       10            1914,765 
 877,949       10            1915,5 
 877,949       10            1916,547 
 877,949       10            1917,5 
 877,949       10            1918,375 
 877,949       10            1919,484 
 877,949       10            1920,797 
 877,949       10            1921,765 
 877,949       10            1922,687 
 877,949       10            1923,453 
 877,949       10            1924,297 
 877,949       10            1925,5 
 877,949       10            1926,359 
 877,949       10            1927,328 
 877,949       10            1928,328 
 877,949       10            1929,125 
 877,949       10            1930 
 877,949       10            1931,515 
 877,949       10            1932,39 
 877,949       10            1933,343 
 877,949       10            1934,156 
 877,949       10            1935,031 
 877,949       10            1936,062 
 877,949       10            1937,578 
 877,949       10            1938,547 
 877,949       10            1939,437 
 877,949       10            1940,531 
 877,949       10            1941,312 
 877,949       10            1942,125 
 877,949       10            1943,14 
 877,949       10            1943,89 
 877,949       10            1944,718 
 877,949       10            1946,609 
 877,949       10            1947,437 
 877,949       10            1948,328 
 877,949       10            1949,547 
 877,949       10            1950,468 
 877,949       10            1951,515 
 877,949       10            1952,578 
 877,949       10            1953,672 
 877,949       10            1954,531 
 877,949       10            1955,515 
 877,949       10            1956,39 
 877,949       10            1957,328 
 877,949       10            1958,406 
 877,949       10            1959,343 
 877,949       10            1960,187 
 877,949       10            1961 
 877,949       10            1962,047 
 877,949       10            1962,875 
 877,949       10            1964,39 
 877,949       10            1965,328 
 877,949       10            1966,187 
 877,949       10            1966,922 
 877,949       10            1967,984 
 877,949       10            1968,937 
 877,949       10            1969,812 
 877,949       10            1970,687 
 877,949       10            1971,562 
 877,949       10            1972,703 
 877,949       10            1973,656 
 877,949       10            1974,437 
 877,949       10            1975,734 
 877,949       10            1976,531 
 877,949       10            1977,625 
 877,949       10            1978,734 
 877,949       10            1979,468 
 877,949       10            1980,297 
 877,949       10            1981,297 
 877,949       10            1982,125 
 877,949       10            1983,125 
 877,949       10            1984,125 
 877,949       10            1985,578 
 877,949       10            1986,203 
 877,949       10            1987,265 
 877,949       10            1988,859 
 877,949       10            1989,781 
 877,949       10            1990,968 
 877,949       10            1992,843 
 877,949       10            1993,859 
 877,949       10            1994,593 
 877,949       10            1995,515 
 877,949       10            1996,937 
 877,949       10            1997,984 
 877,949       10            1998,812 
 877,949       10            1999,937 
 877,949       10            2001,234 
 877,949       10            2002,156 
 877,949       10            2003,031 
 877,949       10            2003,953 
 877,949       10            2005,015 
 877,949       10            2005,89 
 877,949       10            2006,765 
 877,949       10            2007,828 
 877,949       10            2008,937 
 877,949       10            2009,828 
