Iteraciones:   1861 

Costo         Vehículos     Tiempo [seg]
 1786,01       13            1,312 
 1786,01       13            2,44 
 1786,01       13            3,457 
 1786,01       13            4,418 
 1786,01       13            5,283 
 1786,01       13            6,327 
 1786,01       13            7,223 
 1763,483      13            8,042 
 1763,483      13            8,754 
 1763,483      13            9,475 
 1763,483      13            10,254 
 1763,483      13            10,993 
 1763,483      13            11,791 
 1759,214      13            12,474 
 1759,214      13            13,157 
 1759,214      13            13,85 
 1759,214      13            14,578 
 1759,214      13            15,311 
 1759,214      13            16,003 
 1759,214      13            16,705 
 1759,214      13            17,476 
 1759,214      13            18,185 
 1759,214      13            18,904 
 1759,214      13            19,673 
 1759,214      13            20,361 
 1759,214      13            21,053 
 1681,202      13            21,813 
 1681,202      13            22,49 
 1681,202      13            23,159 
 1681,202      13            23,853 
 1681,202      13            24,601 
 1681,202      13            25,288 
 1681,202      13            25,982 
 1681,202      13            26,661 
 1681,202      13            27,369 
 1681,202      13            28,066 
 1681,202      13            28,738 
 1681,202      13            29,449 
 1681,202      13            30,168 
 1681,202      13            30,922 
 1681,202      13            31,59 
 1678,803      13            32,287 
 1670,182      13            32,998 
 1670,182      13            33,708 
 1670,182      13            34,382 
 1670,182      13            35,053 
 1670,182      13            35,725 
 1657,33       13            36,358 
 1657,33       13            37,037 
 1653,021      13            37,753 
 1653,021      13            38,418 
 1653,021      13            39,087 
 1653,021      13            39,776 
 1653,021      13            40,478 
 1625,013      13            41,2 
 1625,013      13            41,847 
 1625,013      13            42,555 
 1625,013      13            43,264 
 1625,013      13            43,936 
 1625,013      13            44,676 
 1625,013      13            45,357 
 1625,013      13            46,077 
 1625,013      13            46,751 
 1625,013      13            47,55 
 1625,013      13            48,365 
 1625,013      13            49,063 
 1625,013      13            49,769 
 1625,013      13            50,477 
 1625,013      13            51,156 
 1625,013      13            51,854 
 1625,013      13            52,567 
 1625,013      13            53,271 
 1625,013      13            53,957 
 1625,013      13            54,605 
 1625,013      13            55,36 
 1625,013      13            56,097 
 1625,013      13            56,791 
 1625,013      13            57,49 
 1625,013      13            58,253 
 1625,013      13            58,924 
 1625,013      13            59,607 
 1625,013      13            60,315 
 1625,013      13            61,032 
 1625,013      13            61,749 
 1625,013      13            62,429 
 1625,013      13            63,151 
 1625,013      13            63,819 
 1625,013      13            64,528 
 1625,013      13            65,211 
 1625,013      13            65,889 
 1625,013      13            66,611 
 1625,013      13            67,287 
 1625,013      13            67,979 
 1625,013      13            68,737 
 1625,013      13            69,468 
 1625,013      13            70,199 
 1625,013      13            70,915 
 1625,013      13            71,597 
 1625,013      13            72,287 
 1625,013      13            73,028 
 1625,013      13            73,736 
 1625,013      13            74,413 
 1625,013      13            75,09 
 1625,013      13            75,908 
 1625,013      13            76,618 
 1625,013      13            77,404 
 1625,013      13            78,137 
 1625,013      13            78,913 
 1625,013      13            79,716 
 1625,013      13            80,416 
 1625,013      13            81,117 
 1625,013      13            81,801 
 1625,013      13            82,556 
 1625,013      13            83,291 
 1625,013      13            84,033 
 1625,013      13            84,76 
 1625,013      13            85,442 
 1625,013      13            86,146 
 1625,013      13            86,852 
 1625,013      13            87,57 
 1625,013      13            88,245 
 1625,013      13            88,973 
 1625,013      13            89,661 
 1625,013      13            90,361 
 1625,013      13            91,097 
 1625,013      13            92,032 
 1625,013      13            93,515 
 1625,013      13            94,89 
 1625,013      13            96,284 
 1625,013      13            97,728 
 1625,013      13            99,408 
 1625,013      13            100,93 
 1625,013      13            102,514 
 1625,013      13            103,911 
 1625,013      13            105,341 
 1625,013      13            106,822 
 1625,013      13            108,19 
 1625,013      13            109,612 
 1625,013      13            110,984 
 1625,013      13            112,441 
 1625,013      13            113,929 
 1625,013      13            115,245 
 1625,013      13            116,656 
 1625,013      13            117,989 
 1625,013      13            119,427 
 1625,013      13            120,768 
 1625,013      13            122,126 
 1625,013      13            123,508 
 1625,013      13            124,906 
 1625,013      13            126,265 
 1625,013      13            127,665 
 1625,013      13            128,98 
 1625,013      13            130,345 
 1625,013      13            131,775 
 1625,013      13            133,24 
 1625,013      13            134,605 
 1625,013      13            135,978 
 1625,013      13            137,377 
 1625,013      13            138,747 
 1625,013      13            140,234 
 1625,013      13            141,762 
 1625,013      13            143,201 
 1625,013      13            144,586 
 1625,013      13            145,998 
 1625,013      13            147,445 
 1625,013      13            148,871 
 1625,013      13            150,28 
 1625,013      13            151,713 
 1625,013      13            153,204 
 1625,013      13            154,628 
 1625,013      13            156,095 
 1625,013      13            157,459 
 1625,013      13            158,965 
 1625,013      13            160,476 
 1625,013      13            161,869 
 1625,013      13            163,247 
 1625,013      13            164,777 
 1625,013      13            166,286 
 1625,013      13            167,694 
 1625,013      13            169,134 
 1625,013      13            170,494 
 1625,013      13            171,911 
 1625,013      13            173,287 
 1625,013      13            174,772 
 1625,013      13            176,214 
 1625,013      13            177,863 
 1625,013      13            179,238 
 1625,013      13            180,711 
 1625,013      13            182,158 
 1625,013      13            183,63 
 1625,013      13            185,119 
 1625,013      13            186,542 
 1625,013      13            187,973 
 1625,013      13            189,411 
 1625,013      13            190,828 
 1625,013      13            192,277 
 1625,013      13            193,728 
 1625,013      13            195,147 
 1619,246      13            196,656 
 1619,246      13            198,146 
 1619,246      13            199,423 
 1619,246      13            200,847 
 1619,246      13            202,27 
 1619,246      13            203,586 
 1619,246      13            204,96 
 1619,246      13            206,36 
 1619,246      13            207,779 
 1619,246      13            209,244 
 1617,874      13            210,608 
 1617,874      13            212,111 
 1617,874      13            213,544 
 1617,874      13            214,961 
 1617,874      13            216,322 
 1617,874      13            217,754 
 1617,874      13            219,159 
 1617,874      13            220,579 
 1617,874      13            221,931 
 1617,874      13            223,386 
 1617,874      13            224,761 
 1617,874      13            226,264 
 1617,874      13            227,813 
 1617,874      13            229,243 
 1617,874      13            230,682 
 1617,874      13            232,118 
 1617,874      13            233,606 
 1617,874      13            234,994 
 1617,874      13            236,366 
 1617,874      13            237,787 
 1617,874      13            239,165 
 1617,874      13            240,574 
 1617,874      13            241,953 
 1617,874      13            243,268 
 1617,874      13            244,647 
 1617,874      13            246,017 
 1617,874      13            247,406 
 1617,874      13            248,854 
 1617,874      13            250,298 
 1617,874      13            251,77 
 1617,874      13            253,219 
 1617,874      13            254,609 
 1617,874      13            255,957 
 1617,874      13            257,289 
 1617,874      13            258,715 
 1617,874      13            260,041 
 1617,874      13            261,492 
 1617,874      13            262,912 
 1617,874      13            264,346 
 1617,874      13            265,791 
 1617,874      13            267,163 
 1617,874      13            268,483 
 1617,874      13            269,861 
 1617,874      13            271,233 
 1617,874      13            272,671 
 1617,874      13            273,979 
 1617,874      13            275,351 
 1617,874      13            276,749 
 1617,874      13            278,124 
 1617,874      13            279,547 
 1617,874      13            280,985 
 1617,874      13            282,305 
 1617,874      13            283,676 
 1617,874      13            285,045 
 1617,874      13            286,425 
 1617,874      13            287,866 
 1617,874      13            289,182 
 1617,874      13            290,562 
 1617,874      13            291,987 
 1617,874      13            293,436 
 1617,874      13            294,798 
 1617,874      13            296,129 
 1617,874      13            297,566 
 1617,874      13            298,87 
 1617,874      13            300,272 
 1617,874      13            301,846 
 1617,874      13            303,341 
 1617,874      13            304,731 
 1617,874      13            306,175 
 1617,874      13            307,592 
 1617,874      13            309,034 
 1617,874      13            310,459 
 1617,874      13            311,846 
 1617,874      13            313,264 
 1617,874      13            314,594 
 1617,874      13            316,147 
 1617,874      13            317,583 
 1617,874      13            318,964 
 1617,874      13            320,412 
 1617,874      13            321,803 
 1617,874      13            323,235 
 1617,874      13            324,607 
 1617,874      13            325,925 
 1617,874      13            327,378 
 1617,874      13            328,787 
 1617,874      13            330,158 
 1617,874      13            331,592 
 1617,874      13            333,026 
 1617,874      13            334,417 
 1617,874      13            335,792 
 1617,874      13            337,156 
 1617,874      13            338,48 
 1617,874      13            339,93 
 1617,874      13            341,352 
 1617,874      13            342,809 
 1617,874      13            344,223 
 1617,874      13            345,56 
 1617,874      13            346,977 
 1617,874      13            348,381 
 1617,874      13            349,737 
 1617,874      13            351,101 
 1617,874      13            352,433 
 1617,874      13            353,815 
 1617,874      13            355,304 
 1617,874      13            356,748 
 1617,874      13            358,082 
 1617,874      13            359,466 
 1617,874      13            360,831 
 1617,874      13            362,206 
 1617,874      13            363,582 
 1617,874      13            364,973 
 1617,874      13            366,329 
 1617,874      13            367,655 
 1617,874      13            369,068 
 1617,874      13            370,383 
 1617,874      13            371,839 
 1617,874      13            373,287 
 1617,874      13            374,661 
 1617,874      13            376,08 
 1617,874      13            377,539 
 1617,874      13            378,968 
 1617,874      13            380,368 
 1617,874      13            381,793 
 1617,874      13            383,113 
 1617,874      13            384,567 
 1617,874      13            386 
 1617,874      13            387,437 
 1617,874      13            388,977 
 1617,874      13            390,358 
 1617,874      13            391,749 
 1617,874      13            393,16 
 1617,874      13            394,545 
 1617,874      13            395,925 
 1617,874      13            397,383 
 1617,874      13            398,796 
 1617,874      13            400,134 
 1617,874      13            401,556 
 1617,874      13            402,938 
 1617,874      13            404,262 
 1617,874      13            405,633 
 1617,874      13            407,062 
 1617,874      13            408,492 
 1617,874      13            409,885 
 1617,874      13            411,324 
 1617,874      13            412,698 
 1617,874      13            414,188 
 1617,874      13            415,559 
 1617,874      13            416,888 
 1617,874      13            418,394 
 1617,874      13            419,734 
 1617,874      13            421,047 
 1617,874      13            422,463 
 1617,874      13            423,782 
 1617,874      13            425,169 
 1617,874      13            426,66 
 1617,874      13            427,997 
 1617,874      13            429,473 
 1617,874      13            430,861 
 1617,874      13            432,222 
 1617,874      13            433,631 
 1617,874      13            435,117 
 1617,874      13            436,483 
 1617,874      13            437,949 
 1617,874      13            439,386 
 1617,874      13            440,759 
 1617,874      13            442,076 
 1617,874      13            443,468 
 1617,874      13            444,823 
 1617,874      13            446,219 
 1617,874      13            447,708 
 1617,874      13            449,128 
 1617,874      13            450,546 
 1617,874      13            451,996 
 1617,874      13            453,43 
 1617,874      13            454,79 
 1617,874      13            456,186 
 1617,874      13            457,553 
 1617,874      13            458,979 
 1617,874      13            460,311 
 1617,874      13            461,687 
 1617,874      13            463,112 
 1617,874      13            464,494 
 1617,874      13            465,936 
 1617,874      13            467,361 
 1617,874      13            468,733 
 1617,874      13            470,115 
 1617,874      13            471,445 
 1617,874      13            472,919 
 1617,874      13            474,363 
 1617,874      13            475,741 
 1617,874      13            477,174 
 1617,874      13            478,665 
 1617,874      13            480,031 
 1617,874      13            481,416 
 1617,874      13            482,783 
 1617,874      13            484,227 
 1617,874      13            485,56 
 1617,874      13            486,927 
 1617,874      13            488,293 
 1617,874      13            489,655 
 1617,874      13            490,998 
 1617,874      13            492,368 
 1617,874      13            493,818 
 1617,874      13            495,197 
 1617,874      13            496,631 
 1617,874      13            498 
 1617,874      13            499,508 
 1617,874      13            500,891 
 1617,874      13            502,224 
 1617,874      13            503,608 
 1617,874      13            505,041 
 1617,874      13            506,418 
 1617,874      13            507,843 
 1617,874      13            509,281 
 1617,874      13            510,644 
 1617,874      13            512,067 
 1617,874      13            513,579 
 1617,874      13            515,014 
 1617,874      13            516,395 
 1617,874      13            517,72 
 1617,874      13            519,23 
 1617,874      13            520,579 
 1617,874      13            522,096 
 1617,874      13            523,423 
 1617,874      13            524,915 
 1617,874      13            526,299 
 1617,874      13            527,668 
 1617,874      13            528,988 
 1617,874      13            530,365 
 1617,874      13            531,911 
 1617,874      13            533,355 
 1617,874      13            534,72 
 1617,874      13            536,122 
 1617,874      13            537,426 
 1617,874      13            538,889 
 1617,874      13            540,319 
 1617,874      13            541,846 
 1617,874      13            543,214 
 1617,874      13            544,646 
 1617,874      13            546,094 
 1617,874      13            547,552 
 1617,874      13            549,033 
 1617,874      13            550,426 
 1617,874      13            551,926 
 1617,874      13            553,294 
 1617,874      13            554,75 
 1617,874      13            556,24 
 1617,874      13            557,622 
 1617,874      13            559,022 
 1617,874      13            560,479 
 1617,874      13            561,915 
 1617,874      13            563,365 
 1617,874      13            564,806 
 1617,874      13            566,185 
 1617,874      13            567,576 
 1617,874      13            569,04 
 1617,874      13            570,47 
 1617,874      13            571,853 
 1617,874      13            573,355 
 1617,874      13            574,754 
 1617,874      13            576,141 
 1617,874      13            577,593 
 1617,874      13            579,01 
 1617,874      13            580,399 
 1617,874      13            581,852 
 1617,874      13            583,298 
 1617,874      13            584,719 
 1617,874      13            586,175 
 1617,874      13            587,614 
 1617,874      13            589,006 
 1617,874      13            590,417 
 1617,874      13            591,938 
 1617,874      13            593,312 
 1617,874      13            594,684 
 1617,874      13            596,138 
 1617,874      13            597,497 
 1617,874      13            598,99 
 1617,874      13            600,426 
 1617,874      13            601,877 
 1617,874      13            603,317 
 1617,874      13            604,688 
 1617,874      13            606,061 
 1617,874      13            607,448 
 1617,874      13            608,865 
 1617,874      13            610,315 
 1617,874      13            611,781 
 1617,874      13            613,208 
 1617,874      13            614,66 
 1617,874      13            616,043 
 1617,874      13            617,501 
 1617,874      13            618,876 
 1617,874      13            620,27 
 1617,874      13            621,693 
 1617,874      13            623,102 
 1617,874      13            624,454 
 1617,874      13            625,839 
 1617,874      13            627,208 
 1617,874      13            628,594 
 1617,874      13            630,059 
 1617,874      13            631,589 
 1617,874      13            633,034 
 1617,874      13            634,41 
 1617,874      13            635,804 
 1617,874      13            637,181 
 1617,874      13            638,619 
 1617,874      13            640,11 
 1617,874      13            641,44 
 1617,874      13            642,889 
 1617,874      13            644,322 
 1617,874      13            645,765 
 1617,874      13            647,219 
 1617,874      13            648,707 
 1617,874      13            650,027 
 1617,874      13            651,45 
 1617,874      13            652,797 
 1617,874      13            654,175 
 1617,874      13            655,53 
 1617,874      13            657,025 
 1617,874      13            658,414 
 1617,874      13            659,818 
 1617,874      13            661,185 
 1617,874      13            662,627 
 1617,874      13            664,015 
 1617,874      13            665,345 
 1617,874      13            666,714 
 1617,874      13            668,094 
 1617,874      13            669,515 
 1617,874      13            670,894 
 1617,874      13            672,293 
 1617,874      13            673,776 
 1617,874      13            675,233 
 1617,874      13            676,548 
 1617,874      13            677,931 
 1617,874      13            679,372 
 1617,874      13            680,736 
 1617,874      13            682,126 
 1617,874      13            683,448 
 1617,874      13            684,805 
 1617,874      13            686,188 
 1617,874      13            687,643 
 1617,874      13            689,051 
 1617,874      13            690,46 
 1617,874      13            691,944 
 1617,874      13            693,344 
 1617,874      13            694,727 
 1617,874      13            696,227 
 1617,874      13            697,594 
 1617,874      13            699,038 
 1617,874      13            700,349 
 1617,874      13            701,735 
 1617,874      13            703,064 
 1617,874      13            704,479 
 1617,874      13            705,939 
 1617,874      13            707,37 
 1617,874      13            708,707 
 1617,874      13            710,139 
 1617,874      13            711,571 
 1617,874      13            713,023 
 1617,874      13            714,462 
 1617,874      13            715,848 
 1617,874      13            717,335 
 1617,874      13            718,729 
 1617,874      13            720,19 
 1617,874      13            721,594 
 1617,874      13            722,953 
 1617,874      13            724,338 
 1617,874      13            725,721 
 1617,874      13            727,148 
 1617,874      13            728,511 
 1617,874      13            729,832 
 1617,874      13            731,205 
 1617,874      13            732,525 
 1617,874      13            733,917 
 1617,874      13            735,331 
 1617,874      13            736,706 
 1617,874      13            738,101 
 1617,874      13            739,478 
 1617,874      13            740,874 
 1617,874      13            742,373 
 1617,874      13            743,833 
 1617,874      13            745,257 
 1617,874      13            746,641 
 1617,874      13            748,013 
 1617,874      13            749,422 
 1617,874      13            750,843 
 1617,874      13            752,239 
 1617,874      13            753,677 
 1617,874      13            755,111 
 1617,874      13            756,674 
 1617,874      13            758,07 
 1617,874      13            759,44 
 1617,874      13            760,817 
 1617,874      13            762,241 
 1617,874      13            763,563 
 1617,874      13            764,933 
 1617,874      13            766,384 
 1617,874      13            767,682 
 1617,874      13            769,063 
 1617,874      13            770,504 
 1617,874      13            771,906 
 1617,874      13            773,281 
 1617,874      13            774,714 
 1617,874      13            776,082 
 1617,874      13            777,465 
 1617,874      13            778,865 
 1617,874      13            780,368 
 1617,874      13            781,752 
 1617,874      13            783,122 
 1617,874      13            784,499 
 1617,874      13            785,823 
 1617,874      13            787,171 
 1617,874      13            788,575 
 1617,874      13            789,939 
 1617,874      13            791,341 
 1617,874      13            792,837 
 1617,874      13            794,204 
 1617,874      13            795,622 
 1617,874      13            797,102 
 1617,874      13            798,506 
 1617,874      13            799,868 
 1617,874      13            801,238 
 1617,874      13            802,724 
 1617,874      13            804,011 
 1617,874      13            805,373 
 1617,874      13            806,718 
 1617,874      13            808,078 
 1617,874      13            809,48 
 1617,874      13            810,89 
 1617,874      13            812,254 
 1617,874      13            813,675 
 1617,874      13            815,066 
 1617,874      13            816,369 
 1617,874      13            817,789 
 1617,874      13            819,124 
 1617,874      13            820,473 
 1617,874      13            821,826 
 1617,874      13            823,195 
 1617,874      13            824,551 
 1617,874      13            825,96 
 1617,874      13            827,324 
 1617,874      13            828,74 
 1617,874      13            830,127 
 1617,874      13            831,558 
 1617,874      13            832,853 
 1617,874      13            834,207 
 1617,874      13            835,673 
 1617,874      13            837,02 
 1617,874      13            838,357 
 1617,874      13            839,725 
 1617,874      13            841,126 
 1617,874      13            842,439 
 1617,874      13            843,778 
 1617,874      13            845,184 
 1617,874      13            846,565 
 1617,874      13            847,921 
 1617,874      13            849,336 
 1617,874      13            850,747 
 1617,874      13            852,107 
 1617,874      13            853,455 
 1617,874      13            854,766 
 1617,874      13            856,091 
 1617,874      13            857,436 
 1617,874      13            858,797 
 1617,874      13            860,161 
 1617,874      13            861,575 
 1617,874      13            862,917 
 1617,874      13            864,359 
 1617,874      13            865,709 
 1617,874      13            867,185 
 1617,874      13            868,594 
 1617,874      13            870,002 
 1617,874      13            871,432 
 1617,874      13            872,916 
 1617,874      13            874,312 
 1617,874      13            875,721 
 1617,874      13            877,023 
 1617,874      13            878,355 
 1617,874      13            879,734 
 1617,874      13            881,07 
 1617,874      13            882,428 
 1617,874      13            883,825 
 1617,874      13            885,175 
 1617,874      13            886,534 
 1617,874      13            887,893 
 1617,874      13            889,249 
 1617,874      13            890,641 
 1617,874      13            892,012 
 1617,874      13            893,415 
 1617,874      13            894,781 
 1617,874      13            896,136 
 1617,874      13            897,457 
 1617,874      13            898,825 
 1617,874      13            900,177 
 1617,874      13            901,46 
 1617,874      13            902,815 
 1617,874      13            904,205 
 1617,874      13            905,674 
 1617,874      13            907,022 
 1617,874      13            908,385 
 1617,874      13            909,793 
 1617,874      13            911,369 
 1617,874      13            912,756 
 1617,874      13            914,165 
 1617,874      13            915,507 
 1617,874      13            916,897 
 1617,874      13            918,32 
 1617,874      13            919,726 
 1617,874      13            921,199 
 1617,874      13            922,617 
 1617,874      13            924,029 
 1617,874      13            925,453 
 1617,874      13            926,819 
 1617,874      13            928,182 
 1617,874      13            929,601 
 1617,874      13            931,02 
 1617,874      13            932,431 
 1617,874      13            933,812 
 1617,874      13            935,226 
 1617,874      13            936,639 
 1617,874      13            938,002 
 1617,874      13            939,358 
 1617,874      13            940,836 
 1617,874      13            942,204 
 1617,874      13            943,62 
 1617,874      13            945,051 
 1617,874      13            946,48 
 1617,874      13            948,211 
 1617,874      13            949,578 
 1617,874      13            950,957 
 1617,874      13            952,432 
 1617,874      13            953,81 
 1617,874      13            955,211 
 1617,874      13            956,501 
 1617,874      13            957,811 
 1617,874      13            959,166 
 1617,874      13            960,678 
 1617,874      13            962,208 
 1617,874      13            963,672 
 1617,874      13            965,035 
 1617,874      13            966,391 
 1617,874      13            967,816 
 1617,874      13            969,261 
 1617,874      13            970,63 
 1617,874      13            972,033 
 1617,874      13            973,433 
 1617,874      13            974,844 
 1617,874      13            976,267 
 1617,874      13            977,706 
 1617,874      13            979,072 
 1617,874      13            980,431 
 1617,874      13            981,854 
 1617,874      13            983,263 
 1617,874      13            984,583 
 1617,874      13            985,973 
 1617,874      13            987,337 
 1617,874      13            988,723 
 1617,874      13            990,088 
 1617,874      13            991,497 
 1617,874      13            992,891 
 1617,874      13            994,338 
 1617,874      13            995,786 
 1617,874      13            997,311 
 1617,874      13            998,807 
 1617,874      13            1000,208 
 1617,874      13            1001,584 
 1617,874      13            1003,018 
 1617,874      13            1004,331 
 1617,874      13            1005,706 
 1617,874      13            1007,139 
 1617,874      13            1008,574 
 1617,874      13            1010,031 
 1617,874      13            1011,4 
 1617,874      13            1012,73 
 1617,874      13            1014,224 
 1617,874      13            1015,606 
 1617,874      13            1017,038 
 1617,874      13            1018,462 
 1617,874      13            1019,903 
 1617,874      13            1021,287 
 1617,874      13            1022,714 
 1617,874      13            1024,089 
 1617,874      13            1025,482 
 1617,874      13            1027,049 
 1617,874      13            1028,47 
 1617,874      13            1029,854 
 1617,874      13            1031,31 
 1617,874      13            1032,749 
 1617,874      13            1034,129 
 1617,874      13            1035,482 
 1617,874      13            1036,855 
 1617,874      13            1038,248 
 1617,874      13            1039,737 
 1617,874      13            1041,118 
 1617,874      13            1042,494 
 1617,874      13            1043,886 
 1617,874      13            1045,198 
 1617,874      13            1046,62 
 1617,874      13            1047,899 
 1617,874      13            1049,462 
 1617,874      13            1050,9 
 1617,874      13            1052,328 
 1617,874      13            1053,693 
 1617,874      13            1055,089 
 1617,874      13            1056,511 
 1617,874      13            1057,971 
 1617,874      13            1059,405 
 1617,874      13            1060,73 
 1617,874      13            1062,211 
 1617,874      13            1063,649 
 1617,874      13            1065,112 
 1617,874      13            1066,615 
 1617,874      13            1068,002 
 1617,874      13            1069,38 
 1617,874      13            1070,939 
 1617,874      13            1072,317 
 1617,874      13            1073,74 
 1617,874      13            1075,133 
 1617,874      13            1076,5 
 1617,874      13            1077,871 
 1617,874      13            1079,203 
 1617,874      13            1080,572 
 1617,874      13            1081,889 
 1617,874      13            1083,324 
 1617,874      13            1084,71 
 1617,874      13            1086,065 
 1617,874      13            1087,496 
 1617,874      13            1088,886 
 1617,874      13            1090,314 
 1617,874      13            1091,66 
 1617,874      13            1093,052 
 1617,874      13            1094,425 
 1617,874      13            1095,815 
 1617,874      13            1097,243 
 1617,874      13            1098,664 
 1617,874      13            1100,106 
 1617,874      13            1101,569 
 1617,874      13            1103,007 
 1617,874      13            1104,452 
 1617,874      13            1105,892 
 1617,874      13            1107,343 
 1617,874      13            1108,91 
 1617,874      13            1110,28 
 1617,874      13            1111,711 
 1617,874      13            1113,16 
 1617,874      13            1114,522 
 1617,874      13            1115,969 
 1617,874      13            1117,46 
 1617,874      13            1118,779 
 1617,874      13            1120,179 
 1617,874      13            1121,557 
 1617,874      13            1122,962 
 1617,874      13            1124,397 
 1598,218      13            1125,749 
 1598,218      13            1127,136 
 1598,218      13            1128,512 
 1598,218      13            1129,903 
 1598,218      13            1131,34 
 1598,218      13            1132,709 
 1598,218      13            1134,101 
 1598,218      13            1135,539 
 1598,218      13            1136,905 
 1598,218      13            1138,34 
 1598,218      13            1139,784 
 1598,218      13            1141,156 
 1598,218      13            1142,487 
 1598,218      13            1143,872 
 1598,218      13            1145,295 
 1598,218      13            1146,609 
 1598,218      13            1148,061 
 1598,218      13            1149,384 
 1598,218      13            1150,742 
 1598,218      13            1152,166 
 1598,218      13            1153,594 
 1598,218      13            1154,961 
 1598,218      13            1156,421 
 1598,218      13            1157,919 
 1598,218      13            1159,281 
 1598,218      13            1160,69 
 1598,218      13            1162,062 
 1598,218      13            1163,503 
 1598,218      13            1164,881 
 1598,218      13            1166,386 
 1598,218      13            1167,764 
 1598,218      13            1169,188 
 1598,218      13            1170,506 
 1598,218      13            1171,934 
 1598,218      13            1173,38 
 1598,218      13            1174,741 
 1598,218      13            1176,071 
 1598,218      13            1177,367 
 1598,218      13            1178,818 
 1598,218      13            1180,141 
 1598,218      13            1181,593 
 1598,218      13            1182,988 
 1598,218      13            1184,42 
 1598,218      13            1185,791 
 1598,218      13            1187,185 
 1598,218      13            1188,612 
 1598,218      13            1190,036 
 1598,218      13            1191,425 
 1598,218      13            1192,811 
 1598,218      13            1194,205 
 1598,218      13            1195,609 
 1598,218      13            1196,968 
 1598,218      13            1198,359 
 1598,218      13            1199,72 
 1598,218      13            1201,23 
 1598,218      13            1202,543 
 1598,218      13            1203,982 
 1598,218      13            1205,352 
 1598,218      13            1206,784 
 1598,218      13            1208,23 
 1598,218      13            1209,671 
 1598,218      13            1211,043 
 1598,218      13            1212,527 
 1598,218      13            1213,914 
 1598,218      13            1215,222 
 1598,218      13            1216,602 
 1598,218      13            1217,963 
 1598,218      13            1219,344 
 1598,218      13            1220,722 
 1598,218      13            1222,052 
 1598,218      13            1223,428 
 1598,218      13            1224,876 
 1598,218      13            1226,284 
 1598,218      13            1227,658 
 1598,218      13            1229,036 
 1598,218      13            1230,476 
 1598,218      13            1231,797 
 1598,218      13            1233,1 
 1598,218      13            1234,416 
 1598,218      13            1235,789 
 1598,218      13            1237,179 
 1598,218      13            1238,553 
 1598,218      13            1239,972 
 1598,218      13            1241,245 
 1598,218      13            1242,715 
 1598,218      13            1244,152 
 1598,218      13            1245,521 
 1598,218      13            1246,972 
 1598,218      13            1248,471 
 1598,218      13            1249,85 
 1598,218      13            1251,212 
 1598,218      13            1252,642 
 1598,218      13            1253,96 
 1598,218      13            1255,353 
 1598,218      13            1256,787 
 1598,218      13            1258,164 
 1598,218      13            1259,718 
 1598,218      13            1261,168 
 1598,218      13            1262,591 
 1598,218      13            1263,912 
 1598,218      13            1265,342 
 1598,218      13            1266,734 
 1598,218      13            1268,224 
 1598,218      13            1269,609 
 1598,218      13            1270,971 
 1598,218      13            1272,377 
 1598,218      13            1273,706 
 1598,218      13            1275,096 
 1598,218      13            1276,47 
 1598,218      13            1277,841 
 1598,218      13            1279,221 
 1598,218      13            1280,657 
 1598,218      13            1282,092 
 1598,218      13            1283,42 
 1598,218      13            1284,793 
 1598,218      13            1286,225 
 1598,218      13            1287,601 
 1598,218      13            1288,988 
 1598,218      13            1290,422 
 1598,218      13            1291,792 
 1598,218      13            1293,247 
 1598,218      13            1294,631 
 1598,218      13            1296,057 
 1598,218      13            1297,492 
 1598,218      13            1298,822 
 1598,218      13            1300,221 
 1598,218      13            1301,652 
 1598,218      13            1303,054 
 1598,218      13            1304,438 
 1598,218      13            1305,81 
 1598,218      13            1307,309 
 1598,218      13            1308,764 
 1598,218      13            1310,205 
 1598,218      13            1311,589 
 1598,218      13            1313,089 
 1598,218      13            1314,457 
 1598,218      13            1315,847 
 1598,218      13            1317,206 
 1598,218      13            1318,598 
 1598,218      13            1320,078 
 1598,218      13            1321,475 
 1598,218      13            1322,848 
 1598,218      13            1324,28 
 1598,218      13            1325,661 
 1598,218      13            1327,16 
 1598,218      13            1328,594 
 1598,218      13            1329,961 
 1598,218      13            1331,293 
 1598,218      13            1332,68 
 1598,218      13            1334,02 
 1598,218      13            1335,451 
 1598,218      13            1336,754 
 1598,218      13            1338,193 
 1598,218      13            1339,641 
 1598,218      13            1341,139 
 1598,218      13            1342,523 
 1598,218      13            1343,896 
 1598,218      13            1345,269 
 1598,218      13            1346,644 
 1598,218      13            1348,018 
 1598,218      13            1349,387 
 1598,218      13            1350,746 
 1598,218      13            1352,127 
 1598,218      13            1353,519 
 1598,218      13            1354,883 
 1598,218      13            1356,255 
 1598,218      13            1357,567 
 1598,218      13            1358,949 
 1598,218      13            1360,191 
 1598,218      13            1360,917 
 1598,218      13            1361,606 
 1598,218      13            1362,309 
 1598,218      13            1363,006 
 1598,218      13            1363,753 
 1598,218      13            1364,417 
 1598,218      13            1365,114 
 1598,218      13            1365,791 
 1598,218      13            1366,463 
 1598,218      13            1367,189 
 1598,218      13            1367,874 
 1598,218      13            1368,603 
 1598,218      13            1369,294 
 1598,218      13            1369,962 
 1598,218      13            1370,657 
 1598,218      13            1371,321 
 1598,218      13            1372,025 
 1598,218      13            1372,713 
 1598,218      13            1373,418 
 1598,218      13            1374,135 
 1598,218      13            1374,835 
 1598,218      13            1375,511 
 1598,218      13            1376,17 
 1598,218      13            1376,817 
 1598,218      13            1377,488 
 1598,218      13            1378,148 
 1598,218      13            1378,831 
 1598,218      13            1379,522 
 1598,218      13            1380,196 
 1598,218      13            1380,878 
 1598,218      13            1381,592 
 1598,218      13            1382,251 
 1598,218      13            1382,941 
 1598,218      13            1383,684 
 1598,218      13            1384,432 
 1598,218      13            1385,12 
 1598,218      13            1385,815 
 1598,218      13            1386,497 
 1598,218      13            1387,174 
 1598,218      13            1387,907 
 1598,218      13            1388,635 
 1598,218      13            1389,342 
 1598,218      13            1390,038 
 1598,218      13            1390,749 
 1598,218      13            1391,431 
 1598,218      13            1392,195 
 1598,218      13            1392,888 
 1598,218      13            1393,558 
 1598,218      13            1394,273 
 1598,218      13            1394,943 
 1598,218      13            1395,639 
 1598,218      13            1396,39 
 1598,218      13            1397,059 
 1598,218      13            1397,712 
 1598,218      13            1398,419 
 1598,218      13            1399,147 
 1598,218      13            1399,869 
 1598,218      13            1400,537 
 1598,218      13            1401,264 
 1598,218      13            1401,944 
 1598,218      13            1402,633 
 1598,218      13            1403,371 
 1598,218      13            1404,07 
 1598,218      13            1404,785 
 1598,218      13            1405,449 
 1598,218      13            1406,124 
 1598,218      13            1406,788 
 1598,218      13            1407,455 
 1598,218      13            1408,141 
 1598,218      13            1408,819 
 1598,218      13            1409,507 
 1598,218      13            1410,173 
 1598,218      13            1410,84 
 1598,218      13            1411,538 
 1598,218      13            1412,256 
 1598,218      13            1412,971 
 1598,218      13            1413,691 
 1598,218      13            1414,426 
 1598,218      13            1415,148 
 1598,218      13            1415,836 
 1598,218      13            1416,532 
 1598,218      13            1417,216 
 1598,218      13            1417,907 
 1598,218      13            1418,604 
 1598,218      13            1419,288 
 1598,218      13            1419,967 
 1598,218      13            1420,686 
 1598,218      13            1421,356 
 1598,218      13            1422,058 
 1598,218      13            1422,743 
 1598,218      13            1423,442 
 1598,218      13            1424,136 
 1598,218      13            1424,832 
 1598,218      13            1425,498 
 1598,218      13            1426,164 
 1598,218      13            1426,855 
 1598,218      13            1427,524 
 1598,218      13            1428,21 
 1598,218      13            1428,898 
 1598,218      13            1429,605 
 1598,218      13            1430,309 
 1598,218      13            1430,994 
 1598,218      13            1431,713 
 1598,218      13            1432,385 
 1598,218      13            1433,105 
 1598,218      13            1433,808 
 1598,218      13            1434,496 
 1598,218      13            1435,199 
 1598,218      13            1435,927 
 1598,218      13            1436,633 
 1598,218      13            1437,34 
 1598,218      13            1438,027 
 1598,218      13            1438,72 
 1598,218      13            1439,422 
 1598,218      13            1440,108 
 1598,218      13            1440,787 
 1598,218      13            1441,474 
 1598,218      13            1442,172 
 1598,218      13            1442,838 
 1598,218      13            1443,547 
 1598,218      13            1444,224 
 1598,218      13            1444,928 
 1598,218      13            1445,622 
 1598,218      13            1446,313 
 1598,218      13            1447,032 
 1598,218      13            1447,717 
 1598,218      13            1448,387 
 1598,218      13            1449,065 
 1598,218      13            1449,716 
 1598,218      13            1450,368 
 1598,218      13            1451,073 
 1598,218      13            1451,771 
 1598,218      13            1452,491 
 1598,218      13            1453,193 
 1598,218      13            1453,922 
 1598,218      13            1454,704 
 1598,218      13            1455,386 
 1598,218      13            1456,088 
 1598,218      13            1456,85 
 1598,218      13            1457,568 
 1598,218      13            1458,247 
 1598,218      13            1458,914 
 1598,218      13            1459,599 
 1598,218      13            1460,321 
 1598,218      13            1461,008 
 1598,218      13            1461,72 
 1598,218      13            1462,385 
 1598,218      13            1463,104 
 1598,218      13            1463,834 
 1598,218      13            1464,497 
 1598,218      13            1465,167 
 1598,218      13            1465,871 
 1598,218      13            1466,56 
 1598,218      13            1467,232 
 1598,218      13            1467,889 
 1598,218      13            1468,546 
 1598,218      13            1469,244 
 1598,218      13            1469,955 
 1598,218      13            1470,622 
 1598,218      13            1471,333 
 1598,218      13            1472,062 
 1598,218      13            1472,73 
 1598,218      13            1473,401 
 1598,218      13            1474,096 
 1598,218      13            1474,83 
 1598,218      13            1475,486 
 1598,218      13            1476,168 
 1598,218      13            1476,835 
 1598,218      13            1477,534 
 1598,218      13            1478,231 
 1598,218      13            1478,917 
 1598,218      13            1479,558 
 1598,218      13            1480,26 
 1598,218      13            1480,917 
 1598,218      13            1481,604 
 1598,218      13            1482,297 
 1598,218      13            1482,998 
 1598,218      13            1483,676 
 1598,218      13            1484,373 
 1598,218      13            1485,095 
 1598,218      13            1485,827 
 1598,218      13            1486,572 
 1598,218      13            1487,259 
 1598,218      13            1487,931 
 1598,218      13            1488,613 
 1598,218      13            1489,275 
 1598,218      13            1489,94 
 1598,218      13            1490,672 
 1598,218      13            1491,348 
 1598,218      13            1492,049 
 1598,218      13            1492,736 
 1598,218      13            1493,435 
 1598,218      13            1494,159 
 1598,218      13            1494,864 
 1598,218      13            1495,514 
 1598,218      13            1496,206 
 1598,218      13            1496,91 
 1598,218      13            1497,604 
 1598,218      13            1498,271 
 1598,218      13            1498,969 
 1598,218      13            1499,612 
 1598,218      13            1500,288 
 1598,218      13            1501,043 
 1598,218      13            1501,737 
 1598,218      13            1502,452 
 1598,218      13            1503,132 
 1598,218      13            1503,806 
 1598,218      13            1504,51 
 1598,218      13            1505,167 
 1598,218      13            1505,85 
 1598,218      13            1506,539 
 1598,218      13            1507,201 
 1598,218      13            1507,909 
 1598,218      13            1508,625 
 1598,218      13            1509,327 
 1598,218      13            1510,032 
 1598,218      13            1510,72 
 1598,218      13            1511,413 
 1598,218      13            1512,181 
 1598,218      13            1512,902 
 1598,218      13            1513,586 
 1598,218      13            1514,317 
 1598,218      13            1515,031 
 1598,218      13            1515,706 
 1598,218      13            1516,369 
 1598,218      13            1517,039 
 1598,218      13            1517,711 
 1598,218      13            1518,409 
 1598,218      13            1519,088 
 1598,218      13            1519,826 
 1598,218      13            1520,555 
 1598,218      13            1521,262 
 1598,218      13            1521,964 
 1598,218      13            1522,661 
 1598,218      13            1523,38 
 1598,218      13            1524,113 
 1598,218      13            1524,815 
 1598,218      13            1525,509 
 1598,218      13            1526,189 
 1598,218      13            1526,931 
 1598,218      13            1527,607 
 1598,218      13            1528,28 
 1598,218      13            1528,982 
 1598,218      13            1529,685 
 1598,218      13            1530,361 
 1598,218      13            1531,087 
 1598,218      13            1531,762 
 1598,218      13            1532,437 
 1598,218      13            1533,152 
 1598,218      13            1533,836 
 1598,218      13            1534,59 
 1598,218      13            1535,279 
 1598,218      13            1535,956 
 1598,218      13            1536,665 
 1598,218      13            1537,366 
 1598,218      13            1538,02 
 1598,218      13            1538,764 
 1598,218      13            1539,5 
 1598,218      13            1540,177 
 1598,218      13            1540,862 
 1598,218      13            1541,53 
 1598,218      13            1542,286 
 1598,218      13            1542,987 
 1598,218      13            1543,699 
 1598,218      13            1544,419 
 1598,218      13            1545,143 
 1598,218      13            1545,842 
 1598,218      13            1546,556 
 1598,218      13            1547,261 
 1598,218      13            1547,979 
 1598,218      13            1548,664 
 1598,218      13            1549,351 
 1598,218      13            1550,04 
 1598,218      13            1550,711 
 1598,218      13            1551,407 
 1598,218      13            1552,054 
 1598,218      13            1552,759 
 1598,218      13            1553,474 
 1598,218      13            1554,156 
 1598,218      13            1554,832 
 1598,218      13            1555,505 
 1598,218      13            1556,186 
 1598,218      13            1556,851 
 1598,218      13            1557,57 
 1598,218      13            1558,252 
 1598,218      13            1558,931 
 1598,218      13            1559,616 
 1598,218      13            1560,333 
 1598,218      13            1560,997 
 1598,218      13            1561,693 
 1598,218      13            1562,409 
 1598,218      13            1563,111 
 1598,218      13            1563,789 
 1598,218      13            1564,512 
 1598,218      13            1565,213 
 1598,218      13            1565,916 
 1598,218      13            1566,592 
 1598,218      13            1567,247 
 1598,218      13            1567,921 
 1598,218      13            1568,621 
 1598,218      13            1569,295 
 1598,218      13            1569,958 
 1598,218      13            1570,667 
 1598,218      13            1571,335 
 1598,218      13            1572,051 
 1598,218      13            1572,726 
 1598,218      13            1573,427 
 1598,218      13            1574,164 
 1598,218      13            1574,848 
 1598,218      13            1575,6 
 1598,218      13            1576,291 
 1598,218      13            1576,96 
 1598,218      13            1577,641 
 1598,218      13            1578,3 
 1598,218      13            1578,97 
 1598,218      13            1579,655 
 1598,218      13            1580,351 
 1598,218      13            1581,075 
 1598,218      13            1581,767 
 1598,218      13            1582,452 
 1598,218      13            1583,117 
 1598,218      13            1583,801 
 1598,218      13            1584,524 
 1598,218      13            1585,222 
 1598,218      13            1585,932 
 1598,218      13            1586,63 
 1598,218      13            1587,327 
 1598,218      13            1587,985 
 1598,218      13            1588,656 
 1598,218      13            1589,34 
 1598,218      13            1590,086 
 1598,218      13            1590,767 
 1598,218      13            1591,434 
 1598,218      13            1592,08 
 1598,218      13            1592,784 
 1598,218      13            1593,451 
 1598,218      13            1594,153 
 1598,218      13            1594,822 
 1598,218      13            1595,568 
 1598,218      13            1596,237 
 1598,218      13            1596,934 
 1598,218      13            1597,647 
 1598,218      13            1598,376 
 1598,218      13            1599,042 
 1598,218      13            1599,735 
 1598,218      13            1600,431 
 1598,218      13            1601,122 
 1598,218      13            1601,778 
 1598,218      13            1602,547 
 1598,218      13            1603,257 
 1598,218      13            1603,951 
 1598,218      13            1604,614 
 1598,218      13            1605,311 
 1598,218      13            1606,003 
 1598,218      13            1606,671 
 1598,218      13            1607,362 
 1598,218      13            1608,093 
 1598,218      13            1608,803 
 1598,218      13            1609,488 
 1598,218      13            1610,199 
 1598,218      13            1610,926 
 1598,218      13            1611,635 
 1598,218      13            1612,337 
 1598,218      13            1613,019 
 1598,218      13            1613,703 
 1598,218      13            1614,427 
 1598,218      13            1615,147 
 1598,218      13            1615,886 
 1598,218      13            1616,557 
 1598,218      13            1617,246 
 1598,218      13            1617,949 
 1598,218      13            1618,655 
 1598,218      13            1619,353 
 1598,218      13            1620,054 
 1598,218      13            1620,729 
 1598,218      13            1621,392 
 1598,218      13            1622,129 
 1598,218      13            1622,815 
 1598,218      13            1623,465 
 1598,218      13            1624,156 
 1598,218      13            1624,845 
 1598,218      13            1625,566 
 1598,218      13            1626,298 
 1598,218      13            1626,995 
 1598,218      13            1627,685 
 1598,218      13            1628,399 
 1598,218      13            1629,085 
 1598,218      13            1629,759 
 1598,218      13            1630,495 
 1598,218      13            1631,177 
 1598,218      13            1631,862 
 1598,218      13            1632,563 
 1598,218      13            1633,256 
 1598,218      13            1633,954 
 1598,218      13            1634,649 
 1598,218      13            1635,312 
 1598,218      13            1636,047 
 1598,218      13            1636,754 
 1598,218      13            1637,436 
 1598,218      13            1638,105 
 1598,218      13            1638,776 
 1598,218      13            1639,463 
 1598,218      13            1640,196 
 1598,218      13            1640,882 
 1598,218      13            1641,591 
 1598,218      13            1642,273 
 1598,218      13            1642,936 
 1598,218      13            1643,622 
 1598,218      13            1644,31 
 1598,218      13            1645,013 
 1598,218      13            1645,729 
 1598,218      13            1646,439 
 1598,218      13            1647,141 
 1598,218      13            1647,849 
 1598,218      13            1648,559 
 1598,218      13            1649,287 
 1598,218      13            1650,004 
 1598,218      13            1650,701 
 1598,218      13            1651,415 
 1598,218      13            1652,127 
 1598,218      13            1652,806 
 1598,218      13            1653,515 
 1598,218      13            1654,166 
 1598,218      13            1654,859 
 1598,218      13            1655,527 
 1598,218      13            1656,209 
 1598,218      13            1656,918 
 1598,218      13            1657,639 
 1598,218      13            1658,312 
 1598,218      13            1659,012 
 1598,218      13            1659,72 
 1598,218      13            1660,405 
 1598,218      13            1661,131 
 1598,218      13            1661,817 
 1598,218      13            1662,539 
 1598,218      13            1663,272 
 1598,218      13            1663,965 
 1598,218      13            1664,682 
 1598,218      13            1665,367 
 1598,218      13            1666,062 
 1598,218      13            1666,782 
 1598,218      13            1667,454 
 1598,218      13            1668,118 
 1598,218      13            1668,862 
 1598,218      13            1669,559 
 1598,218      13            1670,24 
 1598,218      13            1670,894 
 1598,218      13            1671,566 
 1598,218      13            1672,257 
 1598,218      13            1672,961 
 1598,218      13            1673,678 
 1598,218      13            1674,374 
 1598,218      13            1675,062 
 1598,218      13            1675,766 
 1598,218      13            1676,433 
 1598,218      13            1677,109 
 1598,218      13            1677,827 
 1598,218      13            1678,515 
 1598,218      13            1679,208 
 1598,218      13            1679,885 
 1598,218      13            1680,558 
 1598,218      13            1681,266 
 1598,218      13            1681,937 
 1598,218      13            1682,608 
 1598,218      13            1683,296 
 1598,218      13            1683,99 
 1598,218      13            1684,644 
 1598,218      13            1685,316 
 1598,218      13            1686,046 
 1598,218      13            1686,731 
 1598,218      13            1687,474 
 1598,218      13            1688,185 
 1598,218      13            1688,929 
 1598,218      13            1689,604 
 1598,218      13            1690,35 
 1598,218      13            1691,058 
 1598,218      13            1691,719 
 1598,218      13            1692,427 
 1598,218      13            1693,117 
 1598,218      13            1693,767 
 1598,218      13            1694,482 
 1598,218      13            1695,185 
 1598,218      13            1695,83 
 1598,218      13            1696,52 
 1598,218      13            1697,205 
 1598,218      13            1697,879 
 1598,218      13            1698,559 
 1598,218      13            1699,298 
 1598,218      13            1699,989 
 1598,218      13            1700,713 
 1598,218      13            1701,454 
 1598,218      13            1702,123 
 1598,218      13            1702,782 
 1598,218      13            1703,465 
 1598,218      13            1704,169 
 1598,218      13            1704,848 
 1598,218      13            1705,554 
 1598,218      13            1706,314 
 1598,218      13            1706,986 
 1598,218      13            1707,665 
 1598,218      13            1708,356 
 1598,218      13            1709,061 
 1598,218      13            1709,742 
 1598,218      13            1710,484 
 1598,218      13            1711,177 
 1598,218      13            1711,94 
 1598,218      13            1712,633 
 1598,218      13            1713,344 
 1598,218      13            1714,048 
 1598,218      13            1714,723 
 1598,218      13            1715,41 
 1598,218      13            1716,097 
 1598,218      13            1716,774 
 1598,218      13            1717,553 
 1598,218      13            1718,25 
 1598,218      13            1718,911 
 1598,218      13            1719,629 
 1598,218      13            1720,327 
 1598,218      13            1721,048 
 1598,218      13            1721,723 
 1598,218      13            1722,419 
 1598,218      13            1723,141 
 1598,218      13            1723,835 
 1598,218      13            1724,534 
 1598,218      13            1725,217 
 1598,218      13            1725,892 
 1598,218      13            1726,623 
 1598,218      13            1727,333 
 1598,218      13            1728,019 
 1598,218      13            1728,737 
 1598,218      13            1729,413 
 1598,218      13            1730,103 
 1598,218      13            1730,785 
 1598,218      13            1731,489 
 1598,218      13            1732,221 
 1598,218      13            1732,952 
 1598,218      13            1733,606 
 1598,218      13            1734,282 
 1598,218      13            1734,978 
 1598,218      13            1735,647 
 1598,218      13            1736,326 
 1598,218      13            1737,013 
 1598,218      13            1737,692 
 1598,218      13            1738,361 
 1598,218      13            1739,041 
 1598,218      13            1739,726 
 1598,218      13            1740,429 
 1598,218      13            1741,172 
 1598,218      13            1741,867 
 1598,218      13            1742,586 
 1598,218      13            1743,323 
 1598,218      13            1744,061 
 1598,218      13            1744,791 
 1598,218      13            1745,521 
 1598,218      13            1746,192 
 1598,218      13            1746,861 
 1598,218      13            1747,559 
 1598,218      13            1748,272 
 1598,218      13            1748,927 
 1598,218      13            1749,66 
 1598,218      13            1750,381 
 1598,218      13            1751,064 
 1598,218      13            1751,773 
 1598,218      13            1752,44 
 1598,218      13            1753,217 
 1598,218      13            1753,984 
 1598,218      13            1754,69 
 1598,218      13            1755,427 
 1598,218      13            1756,107 
 1598,218      13            1756,797 
 1598,218      13            1757,466 
 1598,218      13            1758,183 
 1598,218      13            1758,866 
 1598,218      13            1759,554 
 1598,218      13            1760,243 
 1598,218      13            1760,907 
 1598,218      13            1761,589 
 1598,218      13            1762,284 
 1598,218      13            1762,965 
 1598,218      13            1763,649 
 1598,218      13            1764,332 
 1598,218      13            1765,03 
 1598,218      13            1765,698 
 1598,218      13            1766,374 
 1598,218      13            1767,074 
 1598,218      13            1767,745 
 1598,218      13            1768,449 
 1598,218      13            1769,157 
 1598,218      13            1769,856 
 1598,218      13            1770,642 
 1598,218      13            1771,327 
 1598,218      13            1772,027 
 1598,218      13            1772,719 
 1598,218      13            1773,386 
 1598,218      13            1774,056 
 1598,218      13            1774,764 
 1598,218      13            1775,427 
 1598,218      13            1776,104 
 1598,218      13            1776,804 
 1598,218      13            1777,476 
 1598,218      13            1778,15 
 1598,218      13            1778,831 
 1598,218      13            1779,543 
 1598,218      13            1780,253 
 1598,218      13            1780,926 
 1598,218      13            1781,639 
 1598,218      13            1782,321 
 1598,218      13            1782,997 
 1598,218      13            1783,67 
 1598,218      13            1784,33 
 1598,218      13            1785,015 
 1598,218      13            1785,703 
 1598,218      13            1786,386 
 1598,218      13            1787,114 
 1598,218      13            1787,803 
 1598,218      13            1788,447 
 1598,218      13            1789,197 
 1598,218      13            1789,86 
 1598,218      13            1790,536 
 1598,218      13            1791,23 
 1598,218      13            1791,903 
 1598,218      13            1792,58 
 1598,218      13            1793,242 
 1598,218      13            1793,934 
 1598,218      13            1794,601 
 1598,218      13            1795,28 
 1598,218      13            1795,961 
 1598,218      13            1796,675 
 1598,218      13            1797,385 
 1598,218      13            1798,081 
 1598,218      13            1798,768 
 1598,218      13            1799,464 
 1598,218      13            1800,139 
 1598,218      13            1800,81 
 1598,218      13            1801,554 
 1598,218      13            1802,212 
 1598,218      13            1802,88 
 1598,218      13            1803,578 
 1598,218      13            1804,262 
 1598,218      13            1804,957 
 1598,218      13            1805,618 
 1598,218      13            1806,277 
 1598,218      13            1806,981 
 1598,218      13            1807,64 
 1598,218      13            1808,319 
 1598,218      13            1808,992 
 1598,218      13            1809,718 
 1598,218      13            1810,426 
 1598,218      13            1811,125 
 1598,218      13            1811,851 
 1598,218      13            1812,529 
 1598,218      13            1813,248 
 1598,218      13            1813,994 
 1598,218      13            1814,683 
 1598,218      13            1815,428 
 1598,218      13            1816,103 
 1598,218      13            1816,791 
 1598,218      13            1817,5 
 1598,218      13            1818,207 
 1598,218      13            1818,878 
 1598,218      13            1819,652 
 1598,218      13            1820,341 
 1598,218      13            1821,073 
 1598,218      13            1821,779 
 1598,218      13            1822,466 
 1598,218      13            1823,163 
 1598,218      13            1823,881 
 1598,218      13            1824,566 
 1598,218      13            1825,239 
 1598,218      13            1825,961 
 1598,218      13            1826,676 
 1598,218      13            1827,355 
 1598,218      13            1828,034 
 1598,218      13            1828,723 
 1598,218      13            1829,418 
 1598,218      13            1830,142 
 1598,218      13            1830,863 
 1598,218      13            1831,584 
 1598,218      13            1832,248 
 1598,218      13            1832,918 
 1598,218      13            1833,634 
 1598,218      13            1834,321 
 1598,218      13            1835,027 
 1598,218      13            1835,705 
 1598,218      13            1836,374 
 1598,218      13            1837,032 
 1598,218      13            1837,732 
 1598,218      13            1838,407 
 1598,218      13            1839,087 
 1598,218      13            1839,764 
 1598,218      13            1840,436 
 1598,218      13            1841,091 
 1598,218      13            1841,742 
 1598,218      13            1842,43 
 1598,218      13            1843,191 
 1598,218      13            1843,953 
 1598,218      13            1844,7 
 1598,218      13            1845,408 
 1598,218      13            1846,071 
 1598,218      13            1846,74 
 1598,218      13            1847,432 
 1598,218      13            1848,08 
 1598,218      13            1848,774 
 1598,218      13            1849,47 
 1598,218      13            1850,146 
 1598,218      13            1850,881 
 1598,218      13            1851,593 
 1598,218      13            1852,439 
 1598,218      13            1853,116 
 1598,218      13            1853,858 
 1598,218      13            1854,57 
 1598,218      13            1855,286 
 1598,218      13            1856,027 
 1598,218      13            1856,692 
 1598,218      13            1857,354 
 1598,218      13            1857,99 
 1598,218      13            1858,668 
 1598,218      13            1859,365 
 1598,218      13            1860,061 
 1598,218      13            1860,739 
 1598,218      13            1861,46 
 1598,218      13            1862,143 
 1598,218      13            1862,826 
 1598,218      13            1863,502 
 1598,218      13            1864,227 
 1598,218      13            1864,912 
 1598,218      13            1865,599 
 1598,218      13            1866,288 
 1598,218      13            1867 
 1598,218      13            1867,695 
 1598,218      13            1868,433 
 1598,218      13            1869,324 
 1598,218      13            1870,13 
 1598,218      13            1870,84 
 1598,218      13            1871,503 
 1598,218      13            1872,201 
 1598,218      13            1872,917 
 1598,218      13            1873,576 
 1598,218      13            1874,305 
 1598,218      13            1874,943 
 1598,218      13            1875,623 
 1598,218      13            1876,309 
 1598,218      13            1876,997 
 1598,218      13            1877,726 
 1598,218      13            1878,419 
 1598,218      13            1879,103 
 1598,218      13            1879,807 
 1598,218      13            1880,538 
 1598,218      13            1881,344 
 1598,218      13            1882,02 
 1598,218      13            1882,691 
 1598,218      13            1883,361 
 1598,218      13            1884,08 
 1598,218      13            1884,778 
 1598,218      13            1885,449 
 1598,218      13            1886,131 
 1598,218      13            1886,801 
 1598,218      13            1887,453 
 1598,218      13            1888,191 
 1598,218      13            1888,856 
 1598,218      13            1889,583 
 1598,218      13            1890,31 
 1598,218      13            1891,006 
 1598,218      13            1891,681 
 1598,218      13            1892,375 
 1598,218      13            1893,042 
 1598,218      13            1893,73 
 1598,218      13            1894,393 
 1598,218      13            1895,097 
 1598,218      13            1895,77 
 1598,218      13            1896,458 
 1598,218      13            1897,115 
 1598,218      13            1897,76 
 1598,218      13            1898,463 
 1598,218      13            1899,152 
 1598,218      13            1899,843 
 1598,218      13            1900,509 
 1598,218      13            1901,197 
 1598,218      13            1901,878 
 1598,218      13            1902,561 
 1598,218      13            1903,234 
 1598,218      13            1904,07 
 1598,218      13            1904,781 
 1598,218      13            1905,492 
 1598,218      13            1906,182 
 1598,218      13            1906,862 
 1598,218      13            1907,578 
 1598,218      13            1908,238 
 1598,218      13            1908,925 
 1598,218      13            1909,597 
 1598,218      13            1910,247 
 1598,218      13            1910,935 
 1598,218      13            1911,595 
 1598,218      13            1912,252 
 1598,218      13            1912,894 
 1598,218      13            1913,606 
 1598,218      13            1914,309 
 1598,218      13            1915,007 
 1598,218      13            1915,698 
 1598,218      13            1916,474 
 1598,218      13            1917,158 
 1598,218      13            1917,837 
 1598,218      13            1918,516 
 1598,218      13            1919,221 
 1598,218      13            1919,901 
 1598,218      13            1920,629 
 1598,218      13            1921,315 
 1598,218      13            1922,056 
 1598,218      13            1922,756 
 1598,218      13            1923,473 
 1598,218      13            1924,18 
 1598,218      13            1924,866 
 1598,218      13            1925,557 
 1598,218      13            1926,222 
 1598,218      13            1926,899 
 1598,218      13            1927,595 
 1598,218      13            1928,275 
 1598,218      13            1928,969 
 1598,218      13            1929,677 
 1598,218      13            1930,361 
 1598,218      13            1931,015 
 1598,218      13            1931,778 
 1598,218      13            1932,581 
 1598,218      13            1933,293 
 1598,218      13            1934,027 
 1598,218      13            1934,757 
 1598,218      13            1935,58 
 1598,218      13            1936,292 
 1598,218      13            1937,024 
 1598,218      13            1937,723 
 1598,218      13            1938,378 
 1598,218      13            1939,042 
