Iteraciones:   1975 

Costo         Vehículos     Tiempo [seg]
 1524,908      8             1,249 
 1520,038      8             2,265 
 1441,707      8             3,608 
 1441,707      8             4,999 
 1441,707      8             6,483 
 1439,652      8             7,937 
 1365,357      8             9,312 
 1365,357      8             10,687 
 1327,1        8             12,124 
 1327,1        8             13,499 
 1327,1        8             14,921 
 1283,674      8             16,312 
 1283,674      8             17,687 
 1283,674      8             18,999 
 1283,674      8             20,374 
 1283,674      8             21,687 
 1283,674      8             23,046 
 1283,674      8             24,421 
 1283,674      8             25,733 
 1283,674      8             27,062 
 1283,674      8             28,421 
 1283,674      8             29,749 
 1283,674      8             31,108 
 1283,674      8             32,483 
 1283,674      8             33,921 
 1283,674      8             35,249 
 1283,674      8             36,562 
 1283,674      8             37,999 
 1283,674      8             39,296 
 1276,164      8             40,671 
 1276,164      8             41,983 
 1256,925      8             43,374 
 1256,925      8             44,749 
 1256,925      8             46,124 
 1256,925      8             47,499 
 1256,925      8             48,937 
 1256,925      8             50,358 
 1256,925      8             51,733 
 1256,925      8             53,108 
 1247,177      8             54,437 
 1247,177      8             55,874 
 1243,056      8             57,312 
 1243,056      8             58,78 
 1243,056      8             60,171 
 1243,056      8             61,546 
 1243,056      8             62,921 
 1243,056      8             64,187 
 1243,056      8             65,546 
 1243,056      8             66,812 
 1243,056      8             68,171 
 1243,056      8             69,483 
 1243,056      8             70,812 
 1243,056      8             72,124 
 1243,056      8             73,483 
 1243,056      8             74,812 
 1243,056      8             76,187 
 1243,056      8             77,499 
 1243,056      8             78,858 
 1243,056      8             80,249 
 1243,056      8             81,608 
 1243,056      8             82,921 
 1243,056      8             84,233 
 1243,056      8             85,624 
 1243,056      8             86,937 
 1243,056      8             88,296 
 1243,056      8             89,624 
 1243,056      8             91,046 
 1243,056      8             92,358 
 1243,056      8             93,733 
 1243,056      8             95,046 
 1243,056      8             96,358 
 1243,056      8             97,733 
 1243,056      8             99,046 
 1243,056      8             100,421 
 1243,056      8             101,749 
 1243,056      8             103,124 
 1243,056      8             104,483 
 1243,056      8             105,796 
 1237,398      8             107,171 
 1237,398      8             108,437 
 1237,398      8             109,796 
 1237,398      8             111,124 
 1237,398      8             112,437 
 1237,398      8             113,796 
 1237,398      8             115,108 
 1237,398      8             116,437 
 1237,398      8             117,749 
 1237,398      8             119,187 
 1237,398      8             120,499 
 1237,398      8             121,874 
 1237,398      8             123,233 
 1237,398      8             124,562 
 1237,398      8             125,874 
 1237,398      8             127,249 
 1237,398      8             128,624 
 1237,398      8             129,983 
 1237,398      8             131,296 
 1237,398      8             132,608 
 1237,398      8             133,937 
 1237,398      8             135,249 
 1237,398      8             136,624 
 1237,398      8             137,937 
 1237,398      8             139,249 
 1237,398      8             140,671 
 1237,398      8             142,046 
 1237,398      8             143,358 
 1237,398      8             144,671 
 1237,398      8             145,983 
 1237,398      8             147,312 
 1237,398      8             148,671 
 1237,398      8             149,999 
 1237,398      8             151,374 
 1237,398      8             152,733 
 1237,398      8             154,124 
 1237,398      8             155,483 
 1237,398      8             156,812 
 1237,398      8             158,249 
 1237,398      8             159,624 
 1237,398      8             160,999 
 1237,398      8             162,358 
 1237,398      8             163,796 
 1237,398      8             165,171 
 1237,398      8             166,499 
 1237,398      8             167,858 
 1237,398      8             169,187 
 1237,398      8             170,562 
 1237,398      8             171,937 
 1237,398      8             173,249 
 1237,398      8             174,608 
 1237,398      8             175,921 
 1237,398      8             177,187 
 1237,398      8             178,546 
 1237,398      8             179,874 
 1237,398      8             181,187 
 1237,398      8             182,499 
 1237,398      8             183,796 
 1237,398      8             185,124 
 1237,398      8             186,437 
 1237,398      8             187,858 
 1237,398      8             189,187 
 1237,398      8             190,546 
 1237,398      8             191,874 
 1237,398      8             193,187 
 1237,398      8             194,562 
 1237,398      8             195,921 
 1237,398      8             197,249 
 1237,398      8             198,624 
 1237,398      8             199,937 
 1237,398      8             201,249 
 1237,398      8             202,624 
 1237,398      8             203,983 
 1237,398      8             205,312 
 1237,398      8             206,687 
 1237,398      8             208,108 
 1237,398      8             209,437 
 1237,398      8             210,796 
 1237,398      8             212,187 
 1237,398      8             213,562 
 1237,398      8             214,921 
 1237,398      8             216,187 
 1237,398      8             217,608 
 1237,398      8             218,874 
 1237,398      8             220,296 
 1237,398      8             221,608 
 1237,398      8             222,874 
 1237,398      8             224,249 
 1237,398      8             225,562 
 1237,398      8             226,921 
 1237,398      8             228,233 
 1237,398      8             229,562 
 1237,398      8             230,999 
 1237,398      8             232,312 
 1237,398      8             233,671 
 1237,398      8             234,983 
 1237,398      8             236,358 
 1237,398      8             237,671 
 1237,398      8             239,046 
 1237,398      8             240,421 
 1237,398      8             241,733 
 1237,398      8             243,062 
 1237,398      8             244,421 
 1237,398      8             245,733 
 1237,398      8             247,062 
 1237,398      8             248,421 
 1237,398      8             249,733 
 1237,398      8             251,046 
 1237,398      8             252,421 
 1237,398      8             253,733 
 1237,398      8             255,062 
 1237,398      8             256,499 
 1237,398      8             257,874 
 1237,398      8             259,187 
 1237,398      8             260,608 
 1237,398      8             261,937 
 1237,398      8             263,312 
 1237,398      8             264,733 
 1237,398      8             266,062 
 1237,398      8             267,421 
 1237,398      8             268,749 
 1237,398      8             270,108 
 1237,398      8             271,437 
 1232,164      8             272,749 
 1232,164      8             274,124 
 1232,164      8             275,499 
 1232,164      8             276,812 
 1232,164      8             278,233 
 1232,164      8             279,671 
 1232,164      8             281,046 
 1232,164      8             282,374 
 1232,164      8             283,671 
 1232,164      8             285,108 
 1232,164      8             286,437 
 1232,164      8             287,858 
 1232,164      8             289,296 
 1232,164      8             290,624 
 1232,164      8             292,062 
 1232,164      8             293,421 
 1232,164      8             294,812 
 1232,164      8             296,296 
 1232,164      8             297,624 
 1232,164      8             299,171 
 1232,164      8             300,546 
 1232,164      8             301,921 
 1232,164      8             303,296 
 1232,164      8             304,671 
 1232,164      8             305,999 
 1232,164      8             307,358 
 1232,164      8             308,687 
 1232,164      8             310,108 
 1232,164      8             311,437 
 1232,164      8             312,749 
 1232,164      8             314,062 
 1232,164      8             315,421 
 1232,164      8             316,796 
 1232,164      8             318,124 
 1232,164      8             319,483 
 1232,164      8             320,796 
 1232,164      8             322,171 
 1232,164      8             323,483 
 1232,164      8             324,796 
 1232,164      8             326,124 
 1232,164      8             327,499 
 1232,164      8             328,858 
 1232,164      8             330,187 
 1232,164      8             331,546 
 1232,164      8             332,874 
 1232,164      8             334,296 
 1232,164      8             335,624 
 1232,164      8             336,937 
 1232,164      8             338,296 
 1232,164      8             339,671 
 1232,164      8             340,983 
 1232,164      8             342,296 
 1232,164      8             343,624 
 1232,164      8             344,983 
 1232,164      8             346,312 
 1232,164      8             347,687 
 1232,164      8             348,999 
 1232,164      8             350,358 
 1232,164      8             351,733 
 1232,164      8             353,046 
 1232,164      8             354,374 
 1232,164      8             355,687 
 1232,164      8             357,062 
 1232,164      8             358,421 
 1232,164      8             359,749 
 1232,164      8             361,062 
 1232,164      8             362,374 
 1232,164      8             363,671 
 1232,164      8             365,062 
 1232,164      8             366,421 
 1232,164      8             367,733 
 1232,164      8             368,999 
 1232,164      8             370,374 
 1232,164      8             371,796 
 1232,164      8             373,124 
 1232,164      8             374,499 
 1232,164      8             375,858 
 1232,164      8             377,187 
 1232,164      8             378,499 
 1232,164      8             379,812 
 1232,164      8             381,124 
 1232,164      8             382,499 
 1232,164      8             383,858 
 1232,164      8             385,187 
 1232,164      8             386,483 
 1232,164      8             387,812 
 1232,164      8             389,124 
 1232,164      8             390,608 
 1232,164      8             391,983 
 1232,164      8             393,296 
 1232,164      8             394,624 
 1232,164      8             395,983 
 1232,164      8             397,312 
 1232,164      8             398,733 
 1232,164      8             400,108 
 1232,164      8             401,421 
 1232,164      8             402,733 
 1232,164      8             404,108 
 1232,164      8             405,483 
 1232,164      8             406,812 
 1232,164      8             408,171 
 1232,164      8             409,499 
 1232,164      8             410,921 
 1232,164      8             412,296 
 1232,164      8             413,687 
 1232,164      8             415,062 
 1232,164      8             416,437 
 1232,164      8             417,796 
 1232,164      8             419,124 
 1232,164      8             420,483 
 1232,164      8             421,796 
 1232,164      8             423,124 
 1232,164      8             424,437 
 1232,164      8             425,812 
 1232,164      8             427,233 
 1232,164      8             428,608 
 1232,164      8             429,937 
 1232,164      8             431,296 
 1232,164      8             432,624 
 1232,164      8             434,108 
 1232,164      8             435,483 
 1232,164      8             436,812 
 1232,164      8             438,233 
 1232,164      8             439,562 
 1232,164      8             440,937 
 1232,164      8             442,296 
 1232,164      8             443,624 
 1232,164      8             444,983 
 1232,164      8             446,312 
 1232,164      8             447,687 
 1232,164      8             449,062 
 1232,164      8             450,421 
 1232,164      8             451,796 
 1232,164      8             453,108 
 1232,164      8             454,483 
 1232,164      8             455,796 
 1232,164      8             457,124 
 1232,164      8             458,421 
 1232,164      8             459,749 
 1232,164      8             461,108 
 1232,164      8             462,437 
 1232,164      8             463,796 
 1232,164      8             465,124 
 1232,164      8             466,421 
 1232,164      8             467,812 
 1232,164      8             469,124 
 1232,164      8             470,483 
 1232,164      8             471,858 
 1232,164      8             473,233 
 1232,164      8             474,562 
 1232,164      8             475,874 
 1232,164      8             477,249 
 1232,164      8             478,562 
 1232,164      8             479,874 
 1232,164      8             481,233 
 1232,164      8             482,562 
 1232,164      8             483,921 
 1232,164      8             485,233 
 1232,164      8             486,608 
 1232,164      8             487,983 
 1232,164      8             489,296 
 1232,164      8             490,624 
 1232,164      8             491,999 
 1232,164      8             493,358 
 1232,164      8             494,733 
 1232,164      8             496,046 
 1232,164      8             497,358 
 1232,164      8             498,733 
 1232,164      8             500,108 
 1232,164      8             501,437 
 1232,164      8             502,812 
 1232,164      8             504,124 
 1232,164      8             505,437 
 1232,164      8             506,749 
 1232,164      8             508,062 
 1232,164      8             509,421 
 1232,164      8             510,749 
 1232,164      8             512,108 
 1232,164      8             513,483 
 1232,164      8             514,812 
 1232,164      8             516,124 
 1232,164      8             517,483 
 1232,164      8             518,858 
 1232,164      8             520,171 
 1232,164      8             521,546 
 1232,164      8             522,874 
 1232,164      8             524,233 
 1232,164      8             525,546 
 1232,164      8             526,874 
 1232,164      8             528,171 
 1232,164      8             529,483 
 1232,164      8             530,858 
 1232,164      8             532,187 
 1232,164      8             533,546 
 1232,164      8             534,874 
 1232,164      8             536,233 
 1232,164      8             537,546 
 1232,164      8             538,874 
 1232,164      8             540,249 
 1232,164      8             541,624 
 1232,164      8             542,983 
 1232,164      8             544,296 
 1232,164      8             545,624 
 1232,164      8             546,983 
 1232,164      8             548,421 
 1228,926      8             549,858 
 1228,926      8             551,187 
 1228,926      8             552,499 
 1228,926      8             553,858 
 1228,926      8             555,187 
 1228,926      8             556,546 
 1228,926      8             557,874 
 1228,926      8             559,187 
 1228,926      8             560,562 
 1228,926      8             561,874 
 1228,926      8             563,233 
 1228,926      8             564,546 
 1228,926      8             565,874 
 1228,926      8             567,187 
 1228,926      8             568,499 
 1228,926      8             569,812 
 1228,926      8             571,124 
 1228,926      8             572,483 
 1228,926      8             573,796 
 1228,926      8             575,171 
 1228,926      8             576,499 
 1228,926      8             577,812 
 1228,926      8             579,124 
 1228,926      8             580,483 
 1228,926      8             581,812 
 1228,926      8             583,124 
 1228,926      8             584,499 
 1228,926      8             585,812 
 1228,926      8             587,187 
 1228,926      8             588,562 
 1228,926      8             589,921 
 1228,926      8             591,249 
 1228,926      8             592,562 
 1228,926      8             593,921 
 1228,926      8             595,233 
 1228,926      8             596,608 
 1228,926      8             597,937 
 1228,926      8             599,312 
 1228,926      8             600,624 
 1228,926      8             601,999 
 1228,926      8             603,358 
 1228,926      8             604,687 
 1228,926      8             606,046 
 1228,926      8             607,358 
 1228,926      8             608,733 
 1228,926      8             610,062 
 1228,926      8             611,546 
 1228,926      8             612,858 
 1228,926      8             614,187 
 1228,926      8             615,499 
 1228,926      8             616,858 
 1228,926      8             618,249 
 1228,926      8             619,624 
 1228,926      8             620,921 
 1228,926      8             622,249 
 1228,926      8             623,546 
 1228,926      8             624,874 
 1228,926      8             626,249 
 1228,926      8             627,562 
 1228,926      8             628,937 
 1228,926      8             630,358 
 1228,926      8             631,671 
 1228,926      8             632,999 
 1228,926      8             634,358 
 1228,926      8             635,624 
 1228,926      8             636,983 
 1228,926      8             638,312 
 1228,926      8             639,687 
 1228,926      8             641,046 
 1228,926      8             642,358 
 1228,926      8             643,687 
 1228,926      8             645,046 
 1228,926      8             646,358 
 1228,926      8             647,671 
 1228,926      8             648,983 
 1228,926      8             650,312 
 1228,926      8             651,624 
 1228,926      8             652,937 
 1228,926      8             654,312 
 1228,926      8             655,671 
 1228,926      8             656,983 
 1228,926      8             658,296 
 1228,926      8             659,624 
 1228,926      8             660,937 
 1228,926      8             662,249 
 1228,926      8             663,562 
 1228,926      8             664,874 
 1228,926      8             666,187 
 1228,926      8             667,499 
 1228,926      8             668,874 
 1228,926      8             670,187 
 1228,926      8             671,562 
 1228,926      8             672,874 
 1228,926      8             674,187 
 1228,926      8             675,546 
 1228,926      8             676,858 
 1228,926      8             678,187 
 1228,926      8             679,562 
 1228,926      8             680,937 
 1228,926      8             682,249 
 1228,926      8             683,608 
 1228,926      8             684,983 
 1228,926      8             686,374 
 1228,926      8             687,733 
 1228,926      8             689,046 
 1228,926      8             690,437 
 1228,926      8             691,858 
 1228,926      8             693,187 
 1228,926      8             694,562 
 1228,926      8             695,937 
 1228,926      8             697,296 
 1228,926      8             698,608 
 1228,926      8             699,921 
 1228,926      8             701,296 
 1228,926      8             702,624 
 1228,926      8             703,983 
 1228,926      8             705,358 
 1228,926      8             706,733 
 1228,926      8             708,062 
 1228,926      8             709,437 
 1228,926      8             710,749 
 1228,926      8             712,124 
 1228,926      8             713,437 
 1228,926      8             714,796 
 1228,926      8             716,108 
 1228,926      8             717,421 
 1228,926      8             718,796 
 1228,926      8             720,124 
 1228,926      8             721,421 
 1228,926      8             722,796 
 1228,926      8             724,108 
 1228,926      8             725,437 
 1228,926      8             726,812 
 1228,926      8             728,124 
 1228,926      8             729,483 
 1228,926      8             730,796 
 1228,926      8             732,124 
 1228,926      8             733,421 
 1228,926      8             734,749 
 1228,926      8             736,062 
 1228,926      8             737,374 
 1228,926      8             738,733 
 1228,926      8             740,062 
 1228,926      8             741,374 
 1228,926      8             742,687 
 1228,926      8             743,999 
 1228,926      8             745,358 
 1228,926      8             746,687 
 1228,926      8             748,108 
 1228,926      8             749,421 
 1228,926      8             750,733 
 1228,926      8             752,046 
 1228,926      8             753,374 
 1228,926      8             754,749 
 1228,926      8             756,108 
 1228,926      8             757,499 
 1228,926      8             758,874 
 1228,926      8             760,233 
 1228,926      8             761,562 
 1228,926      8             762,921 
 1228,926      8             764,358 
 1228,926      8             765,796 
 1228,926      8             767,108 
 1228,926      8             768,437 
 1228,926      8             769,796 
 1228,926      8             771,108 
 1228,926      8             772,421 
 1228,926      8             773,733 
 1228,926      8             775,046 
 1228,926      8             776,358 
 1228,926      8             777,671 
 1228,926      8             778,999 
 1228,926      8             780,312 
 1228,926      8             781,624 
 1228,926      8             782,999 
 1228,926      8             784,312 
 1228,926      8             785,671 
 1228,926      8             787,046 
 1228,926      8             788,421 
 1228,926      8             789,749 
 1228,926      8             791,171 
 1228,926      8             792,546 
 1228,926      8             793,874 
 1228,926      8             795,233 
 1228,926      8             796,562 
 1228,926      8             797,921 
 1228,926      8             799,249 
 1228,926      8             800,624 
 1228,926      8             801,983 
 1228,926      8             803,358 
 1228,926      8             804,749 
 1228,926      8             806,187 
 1228,926      8             807,546 
 1228,926      8             808,858 
 1228,926      8             810,187 
 1228,926      8             811,546 
 1228,926      8             812,921 
 1228,926      8             814,296 
 1228,926      8             815,687 
 1228,926      8             817,046 
 1228,926      8             818,421 
 1228,926      8             819,733 
 1228,926      8             821,124 
 1228,926      8             822,483 
 1228,926      8             823,812 
 1228,926      8             825,171 
 1228,926      8             826,608 
 1228,926      8             827,983 
 1228,926      8             829,296 
 1228,926      8             830,624 
 1228,926      8             831,983 
 1228,926      8             833,312 
 1228,926      8             834,624 
 1228,926      8             836,062 
 1228,926      8             837,421 
 1228,926      8             838,796 
 1228,926      8             840,108 
 1228,926      8             841,499 
 1228,926      8             842,858 
 1228,926      8             844,187 
 1228,926      8             845,562 
 1228,926      8             846,921 
 1228,926      8             848,187 
 1228,926      8             849,546 
 1228,926      8             850,874 
 1228,926      8             852,233 
 1228,926      8             853,499 
 1228,926      8             854,874 
 1228,926      8             856,233 
 1228,926      8             857,608 
 1228,926      8             858,921 
 1228,926      8             860,296 
 1228,926      8             861,671 
 1228,926      8             862,999 
 1228,926      8             864,296 
 1228,926      8             865,624 
 1228,926      8             866,921 
 1228,926      8             868,249 
 1228,926      8             869,671 
 1228,926      8             870,999 
 1228,926      8             872,358 
 1228,926      8             873,687 
 1228,926      8             875,046 
 1228,926      8             876,374 
 1228,926      8             877,733 
 1228,926      8             879,062 
 1228,926      8             880,374 
 1228,926      8             881,749 
 1228,926      8             883,124 
 1228,926      8             884,546 
 1228,926      8             885,858 
 1228,926      8             887,187 
 1228,926      8             888,499 
 1228,926      8             889,812 
 1228,926      8             891,124 
 1228,926      8             892,437 
 1228,926      8             893,812 
 1228,926      8             895,171 
 1228,926      8             896,546 
 1228,926      8             897,937 
 1228,926      8             899,296 
 1228,926      8             900,624 
 1228,926      8             901,983 
 1228,926      8             903,312 
 1228,926      8             904,624 
 1228,926      8             905,999 
 1228,926      8             907,312 
 1228,926      8             908,733 
 1228,926      8             910,108 
 1228,926      8             911,437 
 1228,926      8             912,796 
 1228,926      8             914,171 
 1228,926      8             915,546 
 1228,926      8             916,874 
 1228,926      8             918,296 
 1228,926      8             919,624 
 1228,926      8             920,983 
 1228,926      8             922,296 
 1228,926      8             923,624 
 1228,926      8             924,983 
 1228,926      8             926,312 
 1228,926      8             927,733 
 1228,926      8             929,062 
 1228,926      8             930,421 
 1228,926      8             931,749 
 1228,926      8             933,062 
 1228,926      8             934,421 
 1228,926      8             935,733 
 1228,926      8             937,124 
 1228,926      8             938,483 
 1228,926      8             939,796 
 1228,926      8             941,108 
 1228,926      8             942,483 
 1228,926      8             943,796 
 1228,926      8             945,124 
 1228,926      8             946,483 
 1228,926      8             947,812 
 1228,926      8             949,171 
 1228,926      8             950,437 
 1228,926      8             951,858 
 1228,926      8             953,187 
 1228,926      8             954,562 
 1228,926      8             955,858 
 1228,926      8             957,171 
 1228,926      8             958,499 
 1228,926      8             959,796 
 1228,926      8             961,108 
 1228,926      8             962,483 
 1228,926      8             963,812 
 1228,926      8             965,171 
 1228,926      8             966,437 
 1228,926      8             967,858 
 1228,926      8             969,187 
 1228,926      8             970,546 
 1228,926      8             971,858 
 1228,926      8             973,187 
 1228,926      8             974,499 
 1228,926      8             975,858 
 1228,926      8             977,187 
 1228,926      8             978,499 
 1228,926      8             979,874 
 1228,926      8             981,233 
 1228,926      8             982,546 
 1228,926      8             983,874 
 1228,926      8             985,187 
 1228,926      8             986,499 
 1228,926      8             987,812 
 1228,926      8             989,187 
 1228,926      8             990,624 
 1228,926      8             991,937 
 1228,926      8             993,358 
 1228,926      8             994,749 
 1228,926      8             996,046 
 1228,926      8             997,421 
 1228,926      8             998,733 
 1228,926      8             999,999 
 1228,926      8             1001,421 
 1228,926      8             1002,687 
 1228,926      8             1004,046 
 1228,926      8             1005,421 
 1228,926      8             1006,749 
 1228,926      8             1008,108 
 1228,926      8             1009,437 
 1228,926      8             1010,858 
 1228,926      8             1012,171 
 1228,926      8             1013,499 
 1228,926      8             1014,874 
 1228,926      8             1016,233 
 1228,926      8             1017,608 
 1228,926      8             1018,937 
 1228,926      8             1020,249 
 1228,926      8             1021,624 
 1228,926      8             1022,983 
 1228,926      8             1024,249 
 1228,926      8             1025,624 
 1228,926      8             1026,937 
 1228,926      8             1028,233 
 1228,926      8             1029,546 
 1228,926      8             1030,937 
 1228,926      8             1032,296 
 1228,926      8             1033,624 
 1228,926      8             1034,937 
 1228,926      8             1036,296 
 1228,926      8             1037,624 
 1228,926      8             1038,983 
 1228,926      8             1040,249 
 1228,926      8             1041,671 
 1228,926      8             1043,046 
 1228,926      8             1044,374 
 1228,926      8             1045,796 
 1228,926      8             1047,187 
 1228,926      8             1048,499 
 1228,926      8             1049,874 
 1228,926      8             1051,249 
 1228,926      8             1052,624 
 1228,926      8             1053,937 
 1228,926      8             1055,358 
 1228,926      8             1056,687 
 1228,926      8             1058,046 
 1228,926      8             1059,374 
 1228,926      8             1060,687 
 1228,926      8             1061,999 
 1228,926      8             1063,421 
 1228,926      8             1064,733 
 1228,926      8             1065,999 
 1228,926      8             1067,312 
 1228,926      8             1068,624 
 1228,926      8             1069,999 
 1228,926      8             1071,358 
 1228,926      8             1072,78 
 1228,926      8             1074,093 
 1228,926      8             1075,468 
 1228,926      8             1076,843 
 1228,926      8             1078,155 
 1228,926      8             1079,483 
 1228,926      8             1080,858 
 1228,926      8             1082,218 
 1228,926      8             1083,468 
 1228,926      8             1084,655 
 1228,926      8             1086,187 
 1228,926      8             1087,468 
 1228,926      8             1088,843 
 1228,926      8             1090,077 
 1228,926      8             1091,515 
 1228,926      8             1092,687 
 1228,926      8             1094,015 
 1228,926      8             1095,312 
 1228,926      8             1096,608 
 1228,926      8             1097,968 
 1228,926      8             1099,187 
 1228,926      8             1100,577 
 1228,926      8             1101,718 
 1228,926      8             1103,046 
 1228,926      8             1104,296 
 1228,926      8             1105,562 
 1228,926      8             1106,937 
 1228,926      8             1108,265 
 1228,926      8             1109,562 
 1228,926      8             1110,921 
 1228,926      8             1112,187 
 1228,926      8             1113,515 
 1228,926      8             1114,702 
 1228,926      8             1115,874 
 1228,926      8             1117,233 
 1228,926      8             1118,343 
 1228,926      8             1119,593 
 1228,926      8             1120,733 
 1228,926      8             1122,093 
 1228,926      8             1123,327 
 1228,926      8             1124,671 
 1228,926      8             1126,03 
 1228,926      8             1127,249 
 1228,926      8             1128,562 
 1228,926      8             1129,983 
 1228,926      8             1131,343 
 1228,926      8             1132,702 
 1228,926      8             1134,233 
 1228,926      8             1135,577 
 1228,926      8             1136,843 
 1228,926      8             1138,171 
 1228,926      8             1139,499 
 1228,926      8             1140,905 
 1228,926      8             1142,093 
 1228,926      8             1143,421 
 1228,926      8             1144,671 
 1228,926      8             1145,905 
 1228,926      8             1147,171 
 1228,926      8             1148,593 
 1228,926      8             1149,937 
 1228,926      8             1151,249 
 1228,926      8             1152,437 
 1228,926      8             1153,593 
 1228,926      8             1154,812 
 1228,926      8             1156,171 
 1228,926      8             1157,343 
 1228,926      8             1158,374 
 1228,926      8             1159,733 
 1228,926      8             1160,827 
 1228,926      8             1162,202 
 1228,926      8             1163,312 
 1228,926      8             1164,593 
 1228,926      8             1165,827 
 1228,926      8             1167,046 
 1228,926      8             1168,233 
 1228,926      8             1169,421 
 1228,926      8             1170,702 
 1228,926      8             1172,015 
 1228,926      8             1173,265 
 1228,926      8             1174,437 
 1228,926      8             1175,702 
 1228,926      8             1177,03 
 1228,926      8             1178,358 
 1228,926      8             1179,593 
 1228,926      8             1180,796 
 1228,926      8             1182,093 
 1228,926      8             1183,296 
 1228,926      8             1184,546 
 1228,926      8             1185,78 
 1228,926      8             1186,952 
 1228,926      8             1188,108 
 1228,926      8             1189,327 
 1228,926      8             1190,655 
 1228,926      8             1191,968 
 1228,926      8             1193,155 
 1228,926      8             1194,374 
 1228,926      8             1195,655 
 1228,926      8             1196,952 
 1228,926      8             1198,296 
 1228,926      8             1199,515 
 1228,926      8             1200,827 
 1228,926      8             1202,155 
 1228,926      8             1203,233 
 1228,926      8             1204,452 
 1228,926      8             1205,702 
 1228,926      8             1207,03 
 1228,926      8             1208,249 
 1228,926      8             1209,515 
 1228,926      8             1210,702 
 1228,926      8             1211,843 
 1228,926      8             1213,03 
 1228,926      8             1214,265 
 1228,926      8             1215,546 
 1228,926      8             1216,78 
 1228,926      8             1217,999 
 1228,926      8             1219,265 
 1228,926      8             1220,468 
 1228,926      8             1221,608 
 1228,926      8             1222,765 
 1228,926      8             1223,905 
 1228,926      8             1225,015 
 1228,926      8             1226,218 
 1228,926      8             1227,499 
 1228,926      8             1228,843 
 1228,926      8             1230,093 
 1228,926      8             1231,405 
 1228,926      8             1232,671 
 1228,926      8             1233,843 
 1228,926      8             1234,968 
 1228,926      8             1236,108 
 1228,926      8             1237,39 
 1228,926      8             1238,765 
 1228,926      8             1239,921 
 1228,926      8             1241,296 
 1228,926      8             1242,718 
 1228,926      8             1243,921 
 1228,926      8             1245,218 
 1228,926      8             1246,499 
 1228,926      8             1247,796 
 1228,926      8             1248,999 
 1228,926      8             1250,171 
 1228,926      8             1251,468 
 1228,926      8             1252,796 
 1228,926      8             1254,14 
 1228,926      8             1255,249 
 1228,926      8             1256,452 
 1228,926      8             1257,718 
 1228,926      8             1258,905 
 1228,926      8             1260,14 
 1228,926      8             1261,296 
 1228,926      8             1262,64 
 1228,926      8             1263,843 
 1228,926      8             1264,905 
 1228,926      8             1266,015 
 1228,926      8             1267,218 
 1228,926      8             1268,546 
 1228,926      8             1269,905 
 1228,926      8             1271,233 
 1228,926      8             1272,593 
 1228,926      8             1273,858 
 1228,926      8             1275,03 
 1228,926      8             1276,202 
 1228,926      8             1277,437 
 1228,926      8             1278,655 
 1228,926      8             1279,874 
 1228,926      8             1281,14 
 1228,926      8             1282,468 
 1228,926      8             1283,702 
 1228,926      8             1285,015 
 1228,926      8             1286,28 
 1228,926      8             1287,562 
 1228,926      8             1288,749 
 1228,926      8             1289,983 
 1228,926      8             1291,093 
 1228,926      8             1292,296 
 1228,926      8             1293,593 
 1228,926      8             1294,843 
 1228,926      8             1296,093 
 1228,926      8             1297,312 
 1219,239      8             1298,546 
 1219,239      8             1299,671 
 1219,239      8             1300,937 
 1219,239      8             1302,218 
 1219,239      8             1303,468 
 1219,239      8             1304,718 
 1219,239      8             1305,999 
 1219,239      8             1307,233 
 1219,239      8             1308,468 
 1219,239      8             1309,687 
 1219,239      8             1310,858 
 1219,239      8             1312,14 
 1219,239      8             1313,374 
 1219,239      8             1314,608 
 1219,239      8             1315,905 
 1219,239      8             1317,14 
 1219,239      8             1318,358 
 1219,239      8             1319,655 
 1219,239      8             1320,78 
 1219,239      8             1322,03 
 1219,239      8             1323,171 
 1219,239      8             1324,437 
 1219,239      8             1325,718 
 1219,239      8             1327,03 
 1219,239      8             1328,358 
 1219,239      8             1329,624 
 1219,239      8             1330,874 
 1219,239      8             1332,233 
 1219,239      8             1333,452 
 1219,239      8             1334,671 
 1219,239      8             1335,812 
 1219,239      8             1337,093 
 1219,239      8             1338,296 
 1219,239      8             1339,624 
 1219,239      8             1340,812 
 1219,239      8             1342,062 
 1219,239      8             1342,968 
 1219,239      8             1343,624 
 1219,239      8             1344,28 
 1219,239      8             1344,952 
 1219,239      8             1345,655 
 1219,239      8             1346,343 
 1219,239      8             1347,062 
 1219,239      8             1347,749 
 1219,239      8             1348,405 
 1219,239      8             1349,124 
 1219,239      8             1349,812 
 1219,239      8             1350,483 
 1219,239      8             1351,187 
 1219,239      8             1351,89 
 1219,239      8             1352,624 
 1219,239      8             1353,296 
 1219,239      8             1353,983 
 1219,239      8             1354,655 
 1219,239      8             1355,327 
 1219,239      8             1355,999 
 1219,239      8             1356,702 
 1219,239      8             1357,374 
 1219,239      8             1358,046 
 1219,239      8             1358,671 
 1219,239      8             1359,343 
 1219,239      8             1360,03 
 1219,239      8             1360,718 
 1219,239      8             1361,39 
 1219,239      8             1362,077 
 1219,239      8             1362,733 
 1219,239      8             1363,39 
 1219,239      8             1364,077 
 1219,239      8             1364,749 
 1219,239      8             1365,421 
 1219,239      8             1366,858 
 1219,239      8             1368,187 
 1219,239      8             1369,546 
 1219,239      8             1370,921 
 1219,239      8             1372,171 
 1219,239      8             1373,405 
 1219,239      8             1374,53 
 1219,239      8             1375,718 
 1219,239      8             1377,124 
 1219,239      8             1378,483 
 1219,239      8             1379,624 
 1219,239      8             1380,999 
 1219,239      8             1382,124 
 1219,239      8             1383,358 
 1219,239      8             1384,53 
 1219,239      8             1385,827 
 1219,239      8             1386,937 
 1219,239      8             1388,249 
 1219,239      8             1389,624 
 1219,239      8             1390,921 
 1219,239      8             1392,14 
 1219,239      8             1393,515 
 1219,239      8             1394,796 
 1219,239      8             1396,093 
 1219,239      8             1397,39 
 1219,239      8             1398,78 
 1219,239      8             1400,358 
 1219,239      8             1401,812 
 1219,239      8             1403,171 
 1219,239      8             1404,405 
 1219,239      8             1405,733 
 1219,239      8             1407,124 
 1219,239      8             1408,374 
 1219,239      8             1409,843 
 1219,239      8             1411,093 
 1219,239      8             1412,421 
 1219,239      8             1413,702 
 1219,239      8             1414,999 
 1219,239      8             1416,202 
 1219,239      8             1417,577 
 1219,239      8             1418,858 
 1219,239      8             1420,14 
 1219,239      8             1421,374 
 1219,239      8             1422,718 
 1219,239      8             1424,108 
 1219,239      8             1425,312 
 1219,239      8             1426,655 
 1219,239      8             1427,874 
 1219,239      8             1429,14 
 1219,239      8             1430,452 
 1219,239      8             1431,671 
 1219,239      8             1432,937 
 1219,239      8             1434,062 
 1219,239      8             1435,343 
 1219,239      8             1436,593 
 1219,239      8             1437,858 
 1219,239      8             1439,093 
 1219,239      8             1440,265 
 1219,239      8             1441,421 
 1219,239      8             1442,64 
 1219,239      8             1443,921 
 1219,239      8             1445,171 
 1219,239      8             1446,405 
 1219,239      8             1447,624 
 1219,239      8             1448,937 
 1219,239      8             1450,249 
 1219,239      8             1451,452 
 1219,239      8             1452,593 
 1219,239      8             1453,749 
 1219,239      8             1455,015 
 1219,239      8             1456,233 
 1219,239      8             1457,483 
 1219,239      8             1458,749 
 1219,239      8             1459,858 
 1219,239      8             1461,062 
 1219,239      8             1462,187 
 1219,239      8             1463,405 
 1219,239      8             1464,577 
 1219,239      8             1465,765 
 1219,239      8             1467,108 
 1219,239      8             1468,358 
 1219,239      8             1469,593 
 1219,239      8             1470,968 
 1219,239      8             1472,233 
 1219,239      8             1473,312 
 1219,239      8             1474,624 
 1219,239      8             1475,874 
 1219,239      8             1476,905 
 1219,239      8             1478,14 
 1219,239      8             1479,296 
 1219,239      8             1480,468 
 1219,239      8             1481,718 
 1219,239      8             1482,968 
 1219,239      8             1484,296 
 1219,239      8             1485,546 
 1219,239      8             1486,858 
 1219,239      8             1488,124 
 1219,239      8             1489,468 
 1219,239      8             1490,78 
 1219,239      8             1492,077 
 1219,239      8             1493,374 
 1219,239      8             1494,53 
 1219,239      8             1495,843 
 1219,239      8             1496,999 
 1219,239      8             1498,233 
 1219,239      8             1499,327 
 1219,239      8             1500,608 
 1219,239      8             1501,796 
 1219,239      8             1503,015 
 1219,239      8             1504,249 
 1219,239      8             1505,483 
 1219,239      8             1506,702 
 1219,239      8             1507,89 
 1219,239      8             1509,03 
 1219,239      8             1510,249 
 1219,239      8             1511,405 
 1219,239      8             1512,78 
 1219,239      8             1513,89 
 1219,239      8             1515,108 
 1219,239      8             1516,327 
 1219,239      8             1517,562 
 1219,239      8             1518,858 
 1219,239      8             1520,062 
 1219,239      8             1521,218 
 1219,239      8             1522,437 
 1219,239      8             1523,562 
 1219,239      8             1524,702 
 1219,239      8             1525,843 
 1219,239      8             1527,14 
 1219,239      8             1528,343 
 1219,239      8             1529,64 
 1219,239      8             1530,78 
 1219,239      8             1532,124 
 1219,239      8             1533,343 
 1219,239      8             1534,483 
 1219,239      8             1535,812 
 1219,239      8             1536,999 
 1219,239      8             1538,343 
 1219,239      8             1539,546 
 1219,239      8             1540,624 
 1219,239      8             1541,671 
 1219,239      8             1542,905 
 1219,239      8             1544,03 
 1219,239      8             1545,265 
 1219,239      8             1546,499 
 1219,239      8             1547,78 
 1219,239      8             1549,015 
 1219,239      8             1550,187 
 1219,239      8             1551,39 
 1219,239      8             1552,655 
 1219,239      8             1553,718 
 1219,239      8             1554,952 
 1219,239      8             1556,187 
 1219,239      8             1557,296 
 1219,239      8             1558,483 
 1219,239      8             1559,733 
 1219,239      8             1560,89 
 1219,239      8             1562,171 
 1219,239      8             1563,39 
 1219,239      8             1564,687 
 1219,239      8             1565,827 
 1219,239      8             1567,14 
 1219,239      8             1568,312 
 1219,239      8             1569,452 
 1219,239      8             1570,718 
 1219,239      8             1571,89 
 1219,239      8             1573,187 
 1219,239      8             1574,452 
 1219,239      8             1575,749 
 1219,239      8             1576,937 
 1219,239      8             1578,14 
 1219,239      8             1579,437 
 1219,239      8             1580,78 
 1219,239      8             1582,171 
 1219,239      8             1583,53 
 1219,239      8             1584,718 
 1219,239      8             1586,062 
 1219,239      8             1587,265 
 1219,239      8             1588,546 
 1219,239      8             1589,89 
 1219,239      8             1591,093 
 1219,239      8             1592,374 
 1219,239      8             1593,468 
 1219,239      8             1594,702 
 1219,239      8             1595,827 
 1219,239      8             1597,108 
 1219,239      8             1598,327 
 1219,239      8             1599,499 
 1219,239      8             1600,718 
 1219,239      8             1601,952 
 1219,239      8             1603,187 
 1219,239      8             1604,437 
 1219,239      8             1605,718 
 1219,239      8             1606,999 
 1219,239      8             1608,358 
 1219,239      8             1609,687 
 1219,239      8             1610,858 
 1219,239      8             1612,077 
 1219,239      8             1613,296 
 1219,239      8             1614,577 
 1219,239      8             1615,843 
 1219,239      8             1617,077 
 1219,239      8             1618,374 
 1219,239      8             1619,671 
 1219,239      8             1620,827 
 1219,239      8             1622,015 
 1219,239      8             1623,249 
 1219,239      8             1624,562 
 1219,239      8             1625,874 
 1219,239      8             1627,015 
 1219,239      8             1628,265 
 1219,239      8             1629,687 
 1219,239      8             1630,937 
 1219,239      8             1632,124 
 1219,239      8             1633,28 
 1219,239      8             1634,577 
 1219,239      8             1635,78 
 1219,239      8             1637,14 
 1219,239      8             1638,343 
 1219,239      8             1639,624 
 1219,239      8             1640,905 
 1219,239      8             1642,093 
 1219,239      8             1643,343 
 1219,239      8             1644,546 
 1219,239      8             1645,733 
 1219,239      8             1646,937 
 1219,239      8             1648,14 
 1219,239      8             1649,437 
 1219,239      8             1650,671 
 1219,239      8             1651,952 
 1219,239      8             1652,64 
 1219,239      8             1653,343 
 1219,239      8             1654,062 
 1219,239      8             1654,765 
 1219,239      8             1655,421 
 1219,239      8             1656,093 
 1219,239      8             1656,78 
 1219,239      8             1657,437 
 1219,239      8             1658,124 
 1219,239      8             1658,827 
 1219,239      8             1659,483 
 1219,239      8             1660,171 
 1219,239      8             1660,827 
 1219,239      8             1661,515 
 1219,239      8             1662,171 
 1219,239      8             1662,827 
 1219,239      8             1663,468 
 1219,239      8             1664,155 
 1219,239      8             1664,843 
 1219,239      8             1665,499 
 1219,239      8             1666,171 
 1219,239      8             1666,843 
 1219,239      8             1667,499 
 1219,239      8             1668,187 
 1219,239      8             1668,843 
 1219,239      8             1669,499 
 1219,239      8             1670,171 
 1219,239      8             1670,843 
 1219,239      8             1671,499 
 1219,239      8             1672,171 
 1219,239      8             1672,843 
 1219,239      8             1673,499 
 1219,239      8             1674,171 
 1219,239      8             1674,827 
 1219,239      8             1675,515 
 1219,239      8             1676,218 
 1219,239      8             1676,874 
 1219,239      8             1677,53 
 1219,239      8             1678,249 
 1219,239      8             1678,905 
 1219,239      8             1679,546 
 1219,239      8             1680,202 
 1219,239      8             1680,905 
 1219,239      8             1681,593 
 1219,239      8             1682,265 
 1219,239      8             1682,921 
 1219,239      8             1683,608 
 1219,239      8             1684,265 
 1219,239      8             1684,952 
 1219,239      8             1685,655 
 1219,239      8             1686,374 
 1219,239      8             1687,046 
 1219,239      8             1687,733 
 1219,239      8             1688,39 
 1219,239      8             1689,077 
 1219,239      8             1689,733 
 1219,239      8             1690,421 
 1219,239      8             1691,108 
 1219,239      8             1691,78 
 1219,239      8             1692,468 
 1219,239      8             1693,14 
 1219,239      8             1693,812 
 1219,239      8             1694,468 
 1219,239      8             1695,124 
 1219,239      8             1696,077 
 1219,239      8             1697,405 
 1219,239      8             1698,796 
 1219,239      8             1700,171 
 1219,239      8             1701,562 
 1219,239      8             1702,78 
 1219,239      8             1704,077 
 1219,239      8             1705,405 
 1219,239      8             1706,671 
 1219,239      8             1707,937 
 1219,239      8             1709,312 
 1219,239      8             1710,515 
 1219,239      8             1711,921 
 1219,239      8             1713,233 
 1219,239      8             1714,546 
 1219,239      8             1715,843 
 1219,239      8             1717,093 
 1219,239      8             1718,39 
 1219,239      8             1719,718 
 1219,239      8             1720,999 
 1219,239      8             1722,218 
 1219,239      8             1723,468 
 1219,239      8             1724,702 
 1219,239      8             1726,015 
 1219,239      8             1727,28 
 1219,239      8             1728,593 
 1219,239      8             1729,952 
 1219,239      8             1731,218 
 1219,239      8             1732,468 
 1219,239      8             1733,812 
 1219,239      8             1735,249 
 1219,239      8             1736,577 
 1219,239      8             1738,062 
 1219,239      8             1739,452 
 1219,239      8             1740,827 
 1219,239      8             1742,249 
 1219,239      8             1743,577 
 1219,239      8             1744,812 
 1219,239      8             1746,108 
 1219,239      8             1747,327 
 1219,239      8             1748,733 
 1219,239      8             1750,062 
 1219,239      8             1751,343 
 1219,239      8             1752,64 
 1219,239      8             1753,921 
 1219,239      8             1755,296 
 1219,239      8             1756,64 
 1219,239      8             1757,952 
 1219,239      8             1759,233 
 1219,239      8             1760,546 
 1219,239      8             1761,905 
 1219,239      8             1763,124 
 1219,239      8             1764,265 
 1219,239      8             1765,562 
 1219,239      8             1766,687 
 1219,239      8             1767,921 
 1219,239      8             1769,249 
 1219,239      8             1770,437 
 1219,239      8             1771,687 
 1219,239      8             1772,921 
 1219,239      8             1774,249 
 1219,239      8             1775,483 
 1219,239      8             1776,64 
 1219,239      8             1777,921 
 1219,239      8             1779,062 
 1219,239      8             1780,39 
 1219,239      8             1781,562 
 1219,239      8             1782,858 
 1219,239      8             1784,077 
 1219,239      8             1785,218 
 1219,239      8             1786,483 
 1219,239      8             1787,749 
 1219,239      8             1789,03 
 1219,239      8             1790,343 
 1219,239      8             1791,718 
 1219,239      8             1792,968 
 1219,239      8             1794,265 
 1219,239      8             1795,515 
 1219,239      8             1796,796 
 1219,239      8             1798,015 
 1219,239      8             1799,312 
 1219,239      8             1800,39 
 1219,239      8             1801,702 
 1219,239      8             1803,093 
 1219,239      8             1804,39 
 1219,239      8             1805,702 
 1219,239      8             1806,968 
 1219,239      8             1808,28 
 1219,239      8             1809,452 
 1219,239      8             1810,624 
 1219,239      8             1811,796 
 1219,239      8             1813,108 
 1219,239      8             1814,437 
 1219,239      8             1815,749 
 1219,239      8             1817,062 
 1219,239      8             1818,28 
 1219,239      8             1819,624 
 1219,239      8             1820,921 
 1219,239      8             1822,249 
 1219,239      8             1823,608 
 1219,239      8             1824,812 
 1219,239      8             1826,171 
 1219,239      8             1827,358 
 1219,239      8             1828,718 
 1219,239      8             1829,874 
 1219,239      8             1831,218 
 1219,239      8             1832,468 
 1219,239      8             1833,78 
 1219,239      8             1835,093 
 1219,239      8             1836,343 
 1219,239      8             1837,671 
 1219,239      8             1838,952 
 1219,239      8             1840,046 
 1219,239      8             1841,265 
 1219,239      8             1842,483 
 1219,239      8             1843,765 
 1219,239      8             1845,062 
 1219,239      8             1846,312 
 1219,239      8             1847,53 
 1219,239      8             1848,858 
 1219,239      8             1850,108 
 1219,239      8             1851,296 
 1219,239      8             1852,593 
 1219,239      8             1853,749 
 1219,239      8             1854,983 
 1219,239      8             1856,249 
 1219,239      8             1857,593 
 1219,239      8             1858,78 
 1219,239      8             1860,077 
 1219,239      8             1861,296 
 1219,239      8             1862,608 
 1219,239      8             1863,827 
 1219,239      8             1865,14 
 1219,239      8             1866,468 
 1219,239      8             1867,843 
 1219,239      8             1869,218 
 1219,239      8             1870,249 
 1219,239      8             1871,546 
 1219,239      8             1872,858 
 1219,239      8             1874,14 
 1219,239      8             1875,405 
 1219,239      8             1876,562 
 1219,239      8             1877,749 
 1219,239      8             1878,952 
 1219,239      8             1880,171 
 1219,239      8             1881,39 
 1219,239      8             1882,64 
 1219,239      8             1883,733 
 1219,239      8             1885,171 
 1219,239      8             1886,468 
 1219,239      8             1887,702 
 1219,239      8             1888,905 
 1219,239      8             1890,124 
 1219,239      8             1891,312 
 1219,239      8             1892,593 
 1219,239      8             1893,687 
 1219,239      8             1894,983 
 1219,239      8             1896,312 
 1219,239      8             1897,718 
 1219,239      8             1898,952 
 1219,239      8             1900,358 
 1219,239      8             1901,405 
 1219,239      8             1902,64 
 1219,239      8             1903,921 
 1219,239      8             1905,124 
 1219,239      8             1906,452 
 1219,239      8             1907,765 
 1219,239      8             1909,14 
 1219,239      8             1910,468 
 1219,239      8             1911,733 
 1219,239      8             1912,937 
 1219,239      8             1914,108 
 1219,239      8             1915,374 
 1219,239      8             1916,53 
 1219,239      8             1917,827 
 1219,239      8             1918,937 
 1219,239      8             1920,171 
 1219,239      8             1921,468 
 1219,239      8             1922,702 
 1219,239      8             1923,952 
 1219,239      8             1925,155 
 1219,239      8             1926,405 
 1219,239      8             1927,624 
 1219,239      8             1928,858 
 1219,239      8             1930,14 
 1219,239      8             1931,515 
 1219,239      8             1932,827 
 1219,239      8             1933,952 
 1219,239      8             1935,249 
 1219,239      8             1936,64 
 1219,239      8             1937,796 
 1219,239      8             1939,046 
 1219,239      8             1940,202 
 1219,239      8             1941,437 
 1219,239      8             1942,733 
 1219,239      8             1944,062 
 1219,239      8             1945,452 
 1219,239      8             1946,702 
 1219,239      8             1947,921 
 1219,239      8             1949,233 
 1219,239      8             1950,608 
 1219,239      8             1951,952 
 1219,239      8             1953,233 
 1219,239      8             1954,468 
 1219,239      8             1955,827 
 1219,239      8             1957,155 
 1219,239      8             1958,405 
 1219,239      8             1959,608 
 1219,239      8             1960,796 
 1219,239      8             1962,108 
 1219,239      8             1963,327 
 1219,239      8             1964,702 
 1219,239      8             1965,968 
 1219,239      8             1967,249 
 1219,239      8             1968,608 
 1219,239      8             1969,655 
 1219,239      8             1970,874 
 1219,239      8             1972,093 
 1219,239      8             1973,265 
 1219,239      8             1974,53 
 1219,239      8             1975,749 
 1219,239      8             1977,062 
 1219,239      8             1978,155 
 1219,239      8             1979,39 
 1219,239      8             1980,64 
 1219,239      8             1981,905 
 1219,239      8             1983,155 
 1219,239      8             1984,483 
 1219,239      8             1985,827 
 1219,239      8             1986,952 
 1219,239      8             1988,187 
 1219,239      8             1989,421 
 1219,239      8             1990,593 
 1219,239      8             1991,827 
 1219,239      8             1993,077 
 1219,239      8             1994,233 
 1219,239      8             1995,452 
 1219,239      8             1996,702 
 1219,239      8             1998,015 
 1219,239      8             1999,249 
 1219,239      8             2000,515 
 1219,239      8             2001,812 
 1219,239      8             2003,015 
 1219,239      8             2004,233 
 1219,239      8             2005,515 
 1219,239      8             2006,796 
 1219,239      8             2007,983 
 1219,239      8             2009,249 
 1219,239      8             2010,546 
 1219,239      8             2011,796 
 1219,239      8             2013,077 
 1219,239      8             2014,405 
 1219,239      8             2015,671 
 1219,239      8             2016,921 
 1219,239      8             2018,077 
 1219,239      8             2019,343 
 1219,239      8             2020,53 
 1219,239      8             2021,812 
 1219,239      8             2023,046 
 1219,239      8             2024,405 
 1219,239      8             2025,577 
 1219,239      8             2026,89 
 1219,239      8             2028,077 
 1219,239      8             2029,343 
 1219,239      8             2030,671 
 1219,239      8             2031,874 
 1219,239      8             2033,202 
 1219,239      8             2034,39 
 1219,239      8             2035,546 
 1219,239      8             2036,843 
 1219,239      8             2038,14 
 1219,239      8             2039,374 
 1219,239      8             2040,624 
 1219,239      8             2041,874 
 1219,239      8             2043,155 
 1219,239      8             2044,405 
 1219,239      8             2045,624 
 1219,239      8             2046,937 
 1219,239      8             2048,202 
 1219,239      8             2049,437 
 1219,239      8             2050,562 
 1219,239      8             2051,608 
 1219,239      8             2052,78 
 1219,239      8             2054,077 
 1219,239      8             2055,265 
 1219,239      8             2056,468 
 1219,239      8             2057,718 
 1219,239      8             2059,062 
 1219,239      8             2060,327 
 1219,239      8             2061,515 
 1219,239      8             2062,749 
 1219,239      8             2064,062 
 1219,239      8             2065,28 
 1219,239      8             2066,405 
 1219,239      8             2067,64 
 1219,239      8             2068,858 
 1219,239      8             2069,952 
 1219,239      8             2071,171 
 1219,239      8             2072,327 
 1219,239      8             2073,593 
 1219,239      8             2074,858 
 1219,239      8             2076,155 
 1219,239      8             2077,312 
 1219,239      8             2078,515 
 1219,239      8             2079,671 
 1219,239      8             2081,03 
 1219,239      8             2082,233 
 1219,239      8             2083,515 
 1219,239      8             2084,796 
 1219,239      8             2085,952 
 1219,239      8             2087,249 
 1219,239      8             2088,468 
 1219,239      8             2089,733 
 1219,239      8             2090,968 
 1219,239      8             2092,187 
 1219,239      8             2093,39 
 1219,239      8             2094,687 
 1219,239      8             2096,015 
 1219,239      8             2097,28 
 1219,239      8             2098,64 
 1219,239      8             2099,921 
 1219,239      8             2101,249 
 1219,239      8             2102,546 
 1219,239      8             2103,874 
 1219,239      8             2105,233 
 1219,239      8             2106,499 
 1219,239      8             2107,796 
 1219,239      8             2109,155 
 1219,239      8             2110,358 
 1219,239      8             2111,577 
 1219,239      8             2112,89 
 1219,239      8             2114,171 
 1219,239      8             2115,483 
 1219,239      8             2116,749 
 1219,239      8             2118,03 
 1219,239      8             2119,187 
 1219,239      8             2120,483 
 1219,239      8             2121,733 
 1219,239      8             2122,812 
 1219,239      8             2124,077 
 1219,239      8             2125,296 
 1219,239      8             2126,562 
 1219,239      8             2127,749 
 1219,239      8             2128,874 
 1219,239      8             2130,218 
 1219,239      8             2131,499 
 1219,239      8             2132,702 
 1219,239      8             2133,999 
 1219,239      8             2135,233 
 1219,239      8             2136,64 
 1219,239      8             2137,796 
 1219,239      8             2138,952 
 1219,239      8             2140,233 
 1219,239      8             2141,437 
 1219,239      8             2142,765 
 1219,239      8             2143,983 
 1219,239      8             2145,187 
 1219,239      8             2146,421 
 1219,239      8             2147,78 
 1219,239      8             2149,046 
 1219,239      8             2150,187 
 1219,239      8             2151,546 
 1219,239      8             2152,78 
 1219,239      8             2154,077 
 1219,239      8             2155,202 
 1219,239      8             2156,499 
 1219,239      8             2157,702 
 1219,239      8             2158,968 
 1219,239      8             2160,28 
 1219,239      8             2161,593 
 1219,239      8             2162,78 
 1219,239      8             2164,062 
 1219,239      8             2165,343 
 1219,239      8             2166,608 
 1219,239      8             2167,874 
 1219,239      8             2169,155 
 1219,239      8             2170,39 
 1219,239      8             2171,577 
 1219,239      8             2172,874 
 1219,239      8             2174,077 
 1219,239      8             2175,374 
 1219,239      8             2176,718 
 1219,239      8             2177,983 
 1219,239      8             2179,155 
 1219,239      8             2180,437 
 1219,239      8             2181,765 
 1219,239      8             2183,03 
 1219,239      8             2184,218 
 1219,239      8             2185,452 
 1219,239      8             2186,577 
 1219,239      8             2187,905 
 1219,239      8             2189,233 
 1219,239      8             2190,608 
 1219,239      8             2191,827 
 1219,239      8             2193,015 
 1219,239      8             2194,312 
 1219,239      8             2195,499 
 1219,239      8             2196,733 
 1219,239      8             2197,952 
 1219,239      8             2199,265 
 1219,239      8             2200,483 
 1219,239      8             2201,812 
 1219,239      8             2203,015 
 1219,239      8             2204,218 
 1219,239      8             2205,452 
 1219,239      8             2206,655 
 1219,239      8             2207,905 
 1219,239      8             2209,155 
 1219,239      8             2210,312 
 1219,239      8             2211,374 
 1219,239      8             2212,64 
 1219,239      8             2213,843 
 1219,239      8             2215,015 
 1219,239      8             2216,187 
 1219,239      8             2217,421 
 1219,239      8             2218,483 
 1219,239      8             2219,749 
 1219,239      8             2221,03 
 1219,239      8             2222,374 
 1219,239      8             2223,655 
 1219,239      8             2224,983 
 1219,239      8             2226,296 
 1219,239      8             2227,452 
 1219,239      8             2228,671 
 1219,239      8             2229,937 
 1219,239      8             2231,171 
 1219,239      8             2232,546 
 1219,239      8             2233,655 
 1219,239      8             2234,921 
 1219,239      8             2236,124 
 1219,239      8             2237,358 
 1219,239      8             2238,608 
 1219,239      8             2239,89 
 1219,239      8             2241,171 
 1219,239      8             2242,515 
 1219,239      8             2243,858 
 1219,239      8             2245,093 
 1219,239      8             2246,343 
 1219,239      8             2247,577 
 1219,239      8             2248,796 
 1219,239      8             2250,015 
 1219,239      8             2251,327 
 1219,239      8             2252,749 
 1219,239      8             2254,046 
 1219,239      8             2255,218 
 1219,239      8             2256,421 
 1219,239      8             2257,608 
 1219,239      8             2258,921 
 1219,239      8             2260,14 
 1219,239      8             2261,421 
 1219,239      8             2262,64 
 1219,239      8             2263,983 
 1219,239      8             2265,171 
 1219,239      8             2266,468 
 1219,239      8             2267,718 
 1219,239      8             2269,155 
 1219,239      8             2270,499 
 1219,239      8             2271,78 
 1219,239      8             2273,015 
 1219,239      8             2274,343 
 1219,239      8             2275,64 
 1219,239      8             2276,89 
 1219,239      8             2278,233 
 1219,239      8             2279,577 
 1219,239      8             2280,827 
 1219,239      8             2282,249 
 1219,239      8             2283,437 
 1219,239      8             2284,765 
 1219,239      8             2285,952 
 1219,239      8             2287,28 
 1219,239      8             2288,64 
 1219,239      8             2289,937 
 1219,239      8             2291,202 
 1219,239      8             2292,421 
 1219,239      8             2293,718 
 1219,239      8             2295,03 
 1219,239      8             2296,327 
 1219,239      8             2297,562 
 1219,239      8             2298,843 
 1219,239      8             2299,999 
 1219,239      8             2301,28 
 1219,239      8             2302,53 
 1219,239      8             2303,718 
 1219,239      8             2305,046 
 1219,239      8             2306,296 
 1219,239      8             2307,562 
 1219,239      8             2308,827 
 1219,239      8             2310,218 
 1219,239      8             2311,577 
 1219,239      8             2312,843 
 1219,239      8             2314,124 
 1219,239      8             2315,312 
 1219,239      8             2316,593 
 1219,239      8             2317,874 
 1219,239      8             2319,171 
 1219,239      8             2320,452 
 1219,239      8             2321,546 
 1219,239      8             2322,827 
 1219,239      8             2324,14 
 1219,239      8             2325,374 
 1219,239      8             2326,577 
 1219,239      8             2327,64 
 1219,239      8             2328,905 
 1219,239      8             2330,015 
 1219,239      8             2331,218 
 1219,239      8             2332,483 
 1219,239      8             2333,874 
 1219,239      8             2335,187 
 1219,239      8             2336,374 
 1219,239      8             2337,78 
 1219,239      8             2338,999 
 1219,239      8             2340,327 
 1219,239      8             2341,53 
 1219,239      8             2342,733 
 1219,239      8             2343,983 
 1219,239      8             2345,249 
 1219,239      8             2346,437 
 1219,239      8             2347,671 
 1219,239      8             2348,858 
 1219,239      8             2350,155 
 1219,239      8             2351,343 
 1219,239      8             2352,562 
 1219,239      8             2353,905 
 1219,239      8             2355,124 
 1219,239      8             2356,452 
 1219,239      8             2357,671 
 1219,239      8             2358,843 
 1219,239      8             2360,015 
 1219,239      8             2361,312 
 1219,239      8             2362,546 
 1219,239      8             2363,812 
 1219,239      8             2365,093 
 1219,239      8             2366,405 
 1219,239      8             2367,718 
 1219,239      8             2369,03 
 1219,239      8             2370,343 
 1219,239      8             2371,546 
 1219,239      8             2372,843 
 1219,239      8             2374,093 
 1219,239      8             2375,437 
 1219,239      8             2376,671 
 1219,239      8             2377,843 
 1219,239      8             2379,14 
 1219,239      8             2380,421 
 1219,239      8             2381,702 
 1219,239      8             2383,046 
 1219,239      8             2384,437 
 1219,239      8             2385,718 
 1219,239      8             2387,046 
 1219,239      8             2388,327 
 1219,239      8             2389,499 
 1219,239      8             2390,733 
 1219,239      8             2391,952 
 1219,239      8             2393,14 
 1219,239      8             2394,249 
 1219,239      8             2395,546 
 1219,239      8             2396,858 
 1219,239      8             2398,14 
 1219,239      8             2399,343 
 1219,239      8             2400,593 
 1219,239      8             2401,905 
 1219,239      8             2403,077 
 1219,239      8             2404,265 
 1219,239      8             2405,546 
 1219,239      8             2406,718 
 1219,239      8             2407,858 
 1219,239      8             2409,14 
 1219,239      8             2410,358 
 1219,239      8             2411,64 
 1219,239      8             2412,843 
 1219,239      8             2414,108 
 1219,239      8             2415,39 
 1219,239      8             2416,718 
 1219,239      8             2417,858 
 1219,239      8             2418,999 
 1219,239      8             2420,296 
 1219,239      8             2421,624 
 1219,239      8             2422,905 
 1219,239      8             2424,108 
 1219,239      8             2425,437 
 1219,239      8             2426,64 
 1219,239      8             2427,952 
 1219,239      8             2429,108 
 1219,239      8             2430,39 
 1219,239      8             2431,608 
 1219,239      8             2432,765 
 1219,239      8             2434,046 
 1219,239      8             2435,233 
 1219,239      8             2436,39 
 1219,239      8             2437,64 
 1219,239      8             2438,983 
 1219,239      8             2440,249 
 1219,239      8             2441,608 
 1219,239      8             2442,921 
 1219,239      8             2444,187 
 1219,239      8             2445,483 
 1219,239      8             2446,78 
 1219,239      8             2447,968 
 1219,239      8             2449,218 
 1219,239      8             2450,577 
 1219,239      8             2451,858 
 1219,239      8             2453,03 
 1219,239      8             2454,249 
 1219,239      8             2455,421 
 1219,239      8             2456,671 
 1219,239      8             2457,937 
 1219,239      8             2459,187 
 1219,239      8             2460,452 
 1219,239      8             2461,765 
 1219,239      8             2463,124 
 1219,239      8             2464,421 
 1219,239      8             2465,562 
 1219,239      8             2466,827 
 1219,239      8             2468,03 
 1219,239      8             2469,28 
 1219,239      8             2470,468 
 1219,239      8             2471,687 
 1219,239      8             2472,843 
 1219,239      8             2474,124 
 1219,239      8             2475,421 
 1219,239      8             2476,624 
 1219,239      8             2477,921 
 1219,239      8             2479,108 
 1219,239      8             2480,343 
 1219,239      8             2481,687 
 1219,239      8             2483,015 
 1219,239      8             2484,249 
 1219,239      8             2485,577 
 1219,239      8             2486,827 
 1219,239      8             2488,14 
 1219,239      8             2489,421 
 1219,239      8             2490,577 
 1219,239      8             2491,999 
 1219,239      8             2493,171 
 1219,239      8             2494,421 
 1219,239      8             2495,718 
 1219,239      8             2496,952 
