Costo de la solución:
 1585,15256718852 

1	1	209,857	112	0	68	79	80	56	63	66	64	57	54	52	0
1	2	192,817	128	0	59	65	61	62	60	58	55	53	98	116	0
1	3	189,161	122	0	48	51	50	49	47	46	44	41	37	109	0
1	4	180,871	104	0	17	31	34	33	30	27	24	22	19	16	0
1	5	188,352	80	0	20	23	25	28	32	35	36	29	26	21	0
1	6	171,889	127	0	110	40	43	45	42	39	38	115	97	94	0
1	7	53,015	116	0	95	93	96	102	101	99	100	103	104	107	106	105	120	0
1	8	38,161	124	0	87	92	91	90	84	117	112	85	86	111	82	88	0
1	9	129,031	162	0	73	76	77	78	72	75	74	71	70	69	67	0
1	10	117,874	150	0	114	118	108	8	12	13	14	15	11	9	7	113	0
1	11	114,119	150	0	119	81	83	2	1	3	4	10	5	6	18	89	0
1	12	0	0	0	0
1	13	0	0	0	0

Tiempo de ejecución:
 1998,36046875 
