Costo de la solución:
 1265,63693335906 

1	1	221,711	197	0	110	52	53	54	57	65	61	62	64	66	63	60	58	55	56	79	73	107	0
1	2	247,906	199	0	39	48	51	50	49	47	46	44	29	32	35	36	34	33	27	24	12	13	7	83	113	84	0
1	3	72,064	195	0	120	105	106	102	101	99	115	97	94	96	93	92	89	86	111	82	119	0
1	4	188,212	199	0	87	18	118	108	19	25	28	31	30	22	16	8	9	5	6	117	112	85	0
1	5	211,537	198	0	91	90	109	37	38	41	42	45	43	40	59	98	116	100	95	0
1	6	184,085	192	0	114	21	26	23	20	17	14	15	11	10	4	3	1	2	81	88	0
1	7	140,119	195	0	69	70	67	71	74	72	75	78	80	77	76	68	103	104	0
1	8	0	0	0	0

Tiempo de ejecución:
 1681,29884375 
