Costo de la solución:
 836,316980901208 

1	1	126,899	195	0	69	1	70	30	20	66	65	71	35	9	51	81	33	50	0
1	2	147,766	195	0	89	18	83	60	5	84	17	45	8	46	36	49	64	11	62	88	52	0
1	3	116,234	198	0	26	54	4	55	25	39	67	23	56	75	73	58	0
1	4	118,939	190	0	87	42	15	43	14	44	38	86	16	61	99	96	6	0
1	5	90,255	169	0	12	80	68	24	29	34	78	79	3	77	76	28	0
1	6	106,845	196	0	7	82	48	47	19	63	90	32	10	31	27	0
1	7	70,916	127	0	13	2	57	41	22	74	72	21	40	53	0
1	8	58,458	188	0	95	97	92	98	37	100	91	85	93	59	94	0
1	9	0	0	0	0
1	10	0	0	0	0

Tiempo de ejecución:
 2722,82984375 
