Costo de la solución:
 866,738187893561 

1	1	117,928	163	0	1	51	20	66	65	71	35	9	81	33	50	0
1	2	117,549	178	0	52	7	19	11	64	49	36	47	48	82	18	0
1	3	107,076	153	0	26	4	56	23	67	39	25	55	54	0
1	4	111,37	193	0	13	87	42	43	14	44	38	86	16	61	96	0
1	5	90,255	169	0	28	76	77	3	79	78	34	29	24	68	80	12	0
1	6	88,597	90	0	5	84	17	45	46	8	83	60	89	0
1	7	90,12	155	0	31	88	62	10	63	90	32	30	70	69	27	0
1	8	60,743	200	0	6	99	59	93	85	91	100	98	37	92	97	95	94	0
1	9	0	0	0	0
1	10	83,096	157	0	58	2	57	15	41	22	75	74	72	73	21	40	53	0

Tiempo de ejecución:
 2541,5290625 
