Costo de la solución:
 1395,35572902216 

1	1	111,425	199	0	177	133	14	84	134	85	164	170	11	52	150	100	81	0
1	2	133,563	200	0	57	75	162	31	163	148	92	135	145	144	74	49	182	16	0
1	3	64,48	198	0	51	7	35	178	78	19	8	102	176	46	175	127	0
1	4	96,321	196	0	125	48	59	138	166	122	36	155	47	172	139	152	0
1	5	92,231	196	0	6	96	105	198	53	160	115	90	89	137	113	199	196	0
1	6	68,2	199	0	112	66	136	42	68	143	190	43	184	195	33	61	0
1	7	84,628	198	0	187	32	97	161	9	189	131	80	10	129	169	50	0
1	8	95,027	199	0	60	149	132	180	69	108	165	38	119	77	71	168	0
1	9	80,652	195	0	45	153	79	15	154	124	20	37	88	103	5	29	98	0
1	10	85,488	200	0	193	41	185	62	116	23	183	104	67	159	188	0
1	11	92,479	196	0	39	109	110	25	56	118	72	18	146	73	147	0
1	12	67,032	147	0	95	151	3	55	44	106	181	24	107	63	117	0
1	13	80,283	193	0	2	157	101	64	28	156	114	142	91	141	22	93	186	86	0
1	14	73,71	191	0	34	65	167	179	99	70	128	123	13	83	27	58	111	0
1	15	71,883	189	0	21	94	140	121	82	174	173	171	120	30	54	0
1	16	45,6	100	0	158	192	197	191	1	194	0
1	17	52,346	190	0	87	4	26	12	130	40	76	17	126	0
1	18	0	0	0	0
1	19	0	0	0	0
1	20	0	0	0	0

Tiempo de ejecución:
 234,519156249997 
