Costo de la solución:
 1220,68531330021 

1	1	106,546	136	0	101	3	121	115	36	85	35	20	59	0
1	2	96,807	132	0	102	57	23	69	7	114	61	112	48	138	0
1	3	106,523	151	0	132	96	86	43	99	97	24	98	6	0
1	4	96,165	194	0	76	49	39	89	117	73	106	125	122	71	0
1	5	91,058	125	0	142	87	150	19	64	88	40	94	41	141	0
1	6	83,576	133	0	32	51	22	70	116	28	80	120	1	119	77	0
1	7	91,913	143	0	100	2	83	131	128	84	21	79	74	34	0
1	8	84,574	191	0	55	134	67	13	136	66	111	135	148	147	17	0
1	9	83,102	140	0	46	27	60	8	26	113	140	82	31	81	0
1	10	75,344	114	0	37	44	107	65	93	42	92	137	63	0
1	11	71,334	116	0	5	10	54	75	105	30	104	9	38	0
1	12	43,98	183	0	12	144	145	109	143	4	149	146	56	47	0
1	13	63,315	131	0	108	52	15	45	91	72	33	124	123	90	103	0
1	14	64,23	156	0	68	14	58	95	25	133	110	18	139	0
1	15	62,211	190	0	11	126	16	127	53	129	29	118	130	50	62	78	0
1	16	0	0	0	0

Tiempo de ejecución:
 1303,167 
