Costo de la solución:
 1230,80430961394 

1	1	209,56	199	0	101	99	100	68	79	56	60	63	66	64	62	57	54	52	115	97	94	96	95	0
1	2	211,851	192	0	110	59	65	61	58	55	53	80	78	77	76	73	107	106	105	120	0
1	3	199,629	198	0	40	43	45	48	51	50	49	47	46	44	41	42	39	38	37	93	0
1	4	203,639	200	0	7	6	5	3	10	9	13	8	12	16	22	24	27	30	33	34	35	32	28	23	20	0
1	5	211,013	199	0	109	21	26	29	36	31	25	19	17	14	15	11	4	1	2	81	0
1	6	63,41	191	0	119	82	111	85	112	84	117	113	83	108	118	18	114	90	91	89	87	0
1	7	131,698	196	0	102	104	103	67	69	70	72	75	74	71	98	116	92	86	88	0
1	8	0	0	0	0

Tiempo de ejecución:
 184,882968749997 
