Costo de la solución:
 840,394978821489 

1	1	126,899	195	0	69	1	70	30	20	66	65	71	35	9	51	81	33	50	0
1	2	147,766	195	0	52	88	62	11	64	49	36	46	8	45	17	84	5	60	83	18	89	0
1	3	116,234	198	0	58	73	75	56	23	67	39	25	55	4	54	26	0
1	4	100,184	170	0	37	100	91	44	14	38	86	16	61	99	96	6	0
1	5	90,255	169	0	28	76	77	3	79	78	34	29	24	68	80	12	0
1	6	106,845	196	0	7	82	48	47	19	63	90	32	10	31	27	0
1	7	101,154	173	0	13	87	2	57	42	43	15	41	22	74	72	21	40	53	0
1	8	51,053	162	0	95	97	92	98	85	93	59	94	0
1	9	0	0	0	0
1	10	0	0	0	0

Tiempo de ejecución:
 115,087343749998 
