Costo de la solución:
 849,361351911122 

1	1	139,877	200	0	80	79	77	73	70	71	76	78	81	82	83	84	0
1	2	65,477	160	0	47	49	52	50	51	48	46	45	44	42	40	41	43	0
1	3	101,882	200	0	55	54	53	56	58	60	59	57	0
1	4	95,943	190	0	99	100	97	93	92	94	95	96	98	0
1	5	76,04	170	0	23	26	28	30	33	32	24	22	21	0
1	6	96,32	200	0	13	17	18	19	15	16	14	12	11	0
1	7	93,362	200	0	20	25	27	29	34	36	39	38	37	35	31	0
1	8	57,257	170	0	75	1	2	4	3	5	7	6	9	8	10	0
1	9	63,795	120	0	91	89	88	85	86	87	90	0
1	10	59,403	200	0	69	66	68	64	61	72	74	62	63	65	67	0
1	11	0	0	0	0
1	12	0	0	0	0

Tiempo de ejecución:
 111,035125000002 
