Costo de la solución:
 922,267118758401 

1	1	93,648	84	0	71	60	70	20	37	45	0
1	2	89,921	112	0	62	22	64	42	1	73	6	0
1	3	92,971	113	0	9	25	55	18	50	32	0
1	4	88,162	138	0	35	53	14	59	19	8	75	0
1	5	80,382	123	0	48	47	69	36	5	29	4	0
1	6	85,242	115	0	33	43	41	56	23	63	51	0
1	7	85,634	135	0	67	58	10	31	39	72	12	0
1	8	0	0	0	0
1	9	76,477	140	0	7	11	66	65	38	26	0
1	10	74,378	140	0	30	74	21	61	28	2	68	0
1	11	76,839	132	0	17	40	44	3	24	49	16	0
1	12	78,61	132	0	46	54	13	57	15	27	52	34	0
1	13	-0,001	0	0	0

Tiempo de ejecución:
 70,4378125000003 
