Costo de la solución:
 854,459167725402 

1	1	107,555	139	0	68	30	21	69	71	60	70	20	15	57	0
1	2	106,588	139	0	63	23	56	41	64	42	43	1	73	0
1	3	112,842	136	0	9	25	55	50	18	24	49	16	0
1	4	73,82	140	0	45	29	5	37	36	47	48	75	0
1	5	97,236	135	0	13	54	19	59	14	53	7	0
1	6	81,686	123	0	12	72	39	31	10	58	26	0
1	7	82,297	133	0	8	35	11	66	65	38	0
1	8	86,146	137	0	2	74	28	61	22	62	33	0
1	9	57,036	140	0	17	40	32	44	3	51	6	0
1	10	38,48	112	0	4	27	52	46	34	0
1	11	10,77	30	0	67	0
1	12	0	0	0	0

Tiempo de ejecución:
 34,0984062499992 
