Costo de la solución:
 1084,23256037336 

1	1	114,158	195	0	127	53	129	29	128	84	35	85	36	115	121	3	101	22	51	32	0
1	2	125,379	179	0	68	14	58	96	24	97	86	43	99	114	113	26	81	0
1	3	102,9	200	0	104	30	105	75	117	73	125	124	122	123	71	90	5	0
1	4	104,486	183	0	56	146	149	4	143	141	40	88	93	65	107	44	137	37	108	103	0
1	5	79,217	187	0	145	142	148	87	150	41	94	19	64	42	92	147	17	63	0
1	6	106,556	199	0	77	119	1	120	80	70	116	28	31	82	140	8	60	57	6	0
1	7	63,945	191	0	12	47	18	55	95	25	133	139	0
1	8	81,416	198	0	110	134	67	13	136	66	111	135	109	144	0
1	9	85,977	183	0	76	49	10	54	39	89	106	33	72	91	45	15	52	0
1	10	79,613	190	0	27	138	48	112	61	7	69	23	98	132	102	46	0
1	11	73,574	187	0	78	126	16	118	50	130	21	79	74	34	9	62	38	0
1	12	67,002	143	0	59	20	131	83	2	100	11	0
1	13	0	0	0	0
1	14	0	0	0	0

Tiempo de ejecución:
 183,611624999998 
