Costo de la solución:
 839,207048624916 

1	1	124,185	185	0	27	69	1	70	30	20	66	65	71	35	9	51	33	50	0
1	2	144,49	199	0	31	10	32	90	63	64	49	36	47	46	8	45	83	18	0
1	3	110,423	173	0	40	21	4	56	23	67	39	25	55	54	26	0
1	4	108,055	198	0	89	60	5	84	17	86	38	14	44	100	37	59	6	0
1	5	97,247	195	0	12	80	68	24	29	34	78	81	79	3	77	76	28	0
1	6	81,368	123	0	88	62	11	19	48	82	7	52	0
1	7	107,233	198	0	13	87	42	43	15	57	2	41	22	75	74	72	73	58	53	0
1	8	66,201	187	0	96	99	93	85	61	16	91	98	92	97	95	94	0
1	9	0	0	0	0
1	10	0	0	0	0

Tiempo de ejecución:
 59,6065624999974 
