Costo de la solución:
 1366,43879109951 

1	1	106,431	196	0	81	150	52	11	170	164	85	134	84	108	132	7	149	0
1	2	116,837	182	0	187	97	161	110	163	148	92	135	145	24	107	63	117	0
1	3	99,204	186	0	153	79	15	154	124	20	166	122	36	155	47	48	0
1	4	108,31	200	0	112	66	196	199	42	68	113	137	89	185	62	116	23	160	105	0
1	5	90,29	195	0	126	168	50	169	80	131	31	162	75	189	57	39	109	130	0
1	6	87,384	190	0	60	26	100	71	119	38	165	77	10	129	12	0
1	7	79,273	198	0	175	46	176	102	8	178	78	177	133	14	69	35	0
1	8	73,294	164	0	3	181	147	73	146	18	106	44	55	151	95	0
1	9	80,283	193	0	157	2	101	64	28	156	114	142	91	141	22	93	186	86	0
1	10	73,546	191	0	32	72	118	56	25	9	40	76	17	0
1	11	78,109	193	0	98	29	59	5	103	88	37	138	174	173	172	139	152	0
1	12	69,637	197	0	136	197	43	190	41	143	90	115	184	192	53	198	0
1	13	45,844	166	0	4	87	111	179	99	167	65	34	127	0
1	14	86,166	195	0	51	180	19	70	128	123	13	83	27	58	45	125	0
1	15	65,519	163	0	94	140	121	82	21	171	120	30	54	0
1	16	41,268	187	0	96	195	158	1	191	194	193	33	61	0
1	17	65,036	190	0	16	182	49	74	144	183	104	67	159	188	6	0
1	18	0	0	0	0
1	19	0	0	0	0
1	20	0	0	0	0

Tiempo de ejecución:
 509,917374999997 
