Costo de la solución:
 918,89694332817 

1	1	98,759	78	0	45	20	70	60	71	69	0
1	2	89,921	112	0	62	22	64	42	1	73	6	0
1	3	93,223	118	0	40	9	25	55	18	50	0
1	4	81,356	138	0	7	35	14	59	19	8	46	0
1	5	85,242	115	0	51	63	23	56	41	43	33	0
1	6	81,686	123	0	12	72	39	31	10	58	26	0
1	7	77,157	129	0	53	11	66	65	38	0
1	8	6	20	0	75	0
1	9	74,378	140	0	30	74	21	61	28	2	68	0
1	10	80,223	127	0	17	32	44	3	24	49	16	0
1	11	73,405	129	0	48	47	36	37	5	29	4	0
1	12	77,543	135	0	27	15	57	13	54	52	34	67	0
1	13	0	0	0	0

Tiempo de ejecución:
 67,8949062500033 
