Costo de la solución:
 845,654290084902 

1	1	136,823	190	0	68	64	61	72	80	79	77	73	70	71	76	78	81	0
1	2	65,477	160	0	43	41	40	42	44	45	46	48	51	50	52	49	47	0
1	3	101,882	200	0	55	54	53	56	58	60	59	57	0
1	4	95,943	190	0	99	100	97	93	92	94	95	96	98	0
1	5	96,386	190	0	31	35	37	38	39	36	34	29	27	26	23	21	0
1	6	96,039	200	0	10	12	14	16	15	19	18	17	13	0
1	7	56,174	170	0	5	3	7	8	11	9	6	4	2	1	75	0
1	8	76,069	170	0	90	87	86	83	82	84	85	88	89	91	0
1	9	76,008	180	0	22	25	28	30	33	32	24	20	0
1	10	44,848	160	0	69	66	62	74	63	65	67	0
1	11	0	0	0	0
1	12	0	0	0	0

Tiempo de ejecución:
 53,9099062500027 
