Costo de la solución:
 867,575820758325 

1	1	117,928	163	0	1	51	20	66	65	71	35	9	81	33	50	0
1	2	117,549	178	0	52	7	19	11	64	49	36	47	48	82	18	0
1	3	107,076	153	0	54	55	25	39	67	23	56	4	26	0
1	4	111,96	195	0	87	42	43	14	44	38	86	16	61	99	94	0
1	5	90,255	169	0	28	76	77	3	79	78	34	29	24	68	80	12	0
1	6	89,161	93	0	89	60	83	8	46	45	17	84	5	6	0
1	7	90,12	155	0	31	88	62	10	63	90	32	30	70	69	27	0
1	8	60,426	195	0	96	59	93	85	91	100	98	37	92	97	95	13	0
1	9	83,096	157	0	58	2	57	15	41	22	75	74	72	73	21	40	53	0
1	10	0	0	0	0

Tiempo de ejecución:
 76,7538124999992 
