Costo de la solución:
 1195,94723603596 

1	1	147,215	137	0	65	94	92	37	98	93	59	95		0
1	2	140,093	114	0	64	7	89	96	87	2	40	58	53		0
1	3	131,697	126	0	49	36	47	46	45	8	5	60	99		0
1	4	109,572	185	0	56	39	67	23	75	41	22	74	72	73	21		0
1	5	122,578	148	0	57	42	43	14	38	86	44	16	91	100	6		0
1	6	103,858	178	0	12	80	77	3	79	34	35	71	9	81	33	50		0
1	7	123,484	134	0	70	30	51	20	66	32	90	63	10	18		0
1	8	99,277	193	0	52	82	48	19	11	62	88	31	1	69	27	28		0
1	9	114,221	126	0	26	4	55	25	54	24	29	78	68	76		0
1	10	103,946	117	0	83	84	17	61	85	15	97	13		0
1	11	0	0	0		0

Tiempo de ejecución:
 66,0785000000033 
