Costo de la solución:
 1278,47592900377 

1	1	157,839	170	0	70	23	26	28	27	25	24	22	21		0
1	2	161,919	120	0	71	46	45	48	51	50	49	47	20		0
1	3	141,957	100	0	79	77	73	80	41	40	44	42	43		0
1	4	125,398	180	0	76	78	81	74	62	61	64	68	66	69		0
1	5	101,882	200	0	59	60	58	56	53	54	55	57		0
1	6	97,384	200	0	98	96	95	94	92	93	97	100	99	5		0
1	7	97,227	200	0	34	36	39	38	37	35	31	33	32		0
1	8	104,798	200	0	3	13	12	14	16	15	19	18	17		0
1	9	90,33	170	0	65	83	82	84	85	88	86	87	89	90		0
1	10	105,524	180	0	67	63	72	91	75	7	6	8	11	10		0
1	11	94,214	90	0	52	29	30	9	4	2	1		0
1	12	0	0	0		0

Tiempo de ejecución:
 59,1444374999992 
