Costo de la solución:
 1214,212229575 

1	1	220,708	200	0	95	110	59	65	61	62	64	66	63	60	58	55	56	80	79	68	116	0
1	2	81,428	183	0	120	102	115	97	94	96	93	92	89	85	112	84	117	81	119	82	0
1	3	248,154	198	0	40	48	51	50	49	47	46	44	29	32	35	36	34	33	27	25	19	23	26	21	111	0
1	4	188,316	195	0	87	91	90	114	108	17	20	28	31	30	24	22	16	9	7	6	118	18	86	0
1	5	215,715	199	0	109	39	38	37	41	42	43	45	57	54	53	52	98	100	99	101	0
1	6	129,154	200	0	107	67	69	70	71	74	75	72	78	77	76	73	103	104	106	105	0
1	7	130,734	200	0	8	12	13	14	15	11	10	5	4	3	1	2	83	113	88	0
1	8	0	0	0	0

Tiempo de ejecución:
 1925,23621875 
