Costo de la solución:
 842,228752438967 

1	1	139,688	189	0	27	69	1	70	30	20	66	65	71	35	34	78	29	24	80	12	0
1	2	144,715	169	0	18	83	84	17	45	8	46	47	36	49	64	11	62	88	0
1	3	116,234	198	0	26	54	4	55	25	39	67	23	56	75	73	58	0
1	4	126,21	199	0	2	57	15	43	42	14	44	38	86	16	61	5	60	89	0
1	5	100,441	162	0	31	10	32	90	63	19	48	82	7	52	0
1	6	83,53	191	0	50	51	9	81	33	79	3	68	77	76	28	0
1	7	72,921	151	0	13	97	87	41	22	74	72	21	40	53	0
1	8	58,485	199	0	94	95	59	92	37	98	100	91	85	93	99	96	6	0
1	9	0	0	0	0
1	10	0	0	0	0

Tiempo de ejecución:
 1776,9630625 
