Iteraciones:   1466 

Costo         Vehículos     Tiempo [seg]
 1478,803      8             1,452 
 1478,803      8             2,781 
 1478,803      8             4,156 
 1478,803      8             5,531 
 1429,093      8             6,906 
 1397,528      8             8,281 
 1397,528      8             9,765 
 1315,258      8             11,14 
 1315,258      8             12,531 
 1315,258      8             13,952 
 1315,258      8             15,327 
 1315,258      8             16,702 
 1315,258      8             18,077 
 1315,258      8             19,406 
 1315,258      8             20,843 
 1315,258      8             22,265 
 1315,258      8             23,577 
 1315,258      8             24,952 
 1315,258      8             26,39 
 1315,258      8             27,843 
 1315,258      8             29,218 
 1315,258      8             30,702 
 1289,232      8             32,218 
 1289,232      8             33,593 
 1289,232      8             35,031 
 1289,232      8             36,406 
 1289,232      8             37,765 
 1289,232      8             39,156 
 1289,232      8             40,531 
 1289,232      8             41,906 
 1289,232      8             43,437 
 1289,232      8             44,859 
 1283,118      8             46,281 
 1283,118      8             47,796 
 1283,118      8             49,171 
 1283,118      8             50,546 
 1283,118      8             51,937 
 1283,118      8             53,359 
 1283,118      8             54,734 
 1283,118      8             56,124 
 1283,118      8             57,546 
 1283,118      8             58,921 
 1283,118      8             60,249 
 1281,163      8             61,734 
 1281,163      8             63,171 
 1281,163      8             64,562 
 1281,163      8             65,937 
 1281,163      8             67,312 
 1281,163      8             68,734 
 1281,163      8             70,062 
 1281,163      8             71,421 
 1281,163      8             72,734 
 1281,163      8             74,062 
 1281,163      8             75,484 
 1281,163      8             76,874 
 1281,163      8             78,359 
 1281,163      8             79,812 
 1281,163      8             81,171 
 1281,163      8             82,562 
 1281,163      8             83,921 
 1281,163      8             85,374 
 1281,163      8             86,812 
 1281,163      8             88,187 
 1281,163      8             89,609 
 1281,163      8             90,937 
 1281,163      8             92,296 
 1281,163      8             93,671 
 1281,163      8             94,999 
 1281,163      8             96,374 
 1281,163      8             97,749 
 1281,163      8             99,124 
 1281,163      8             100,499 
 1281,163      8             101,937 
 1281,163      8             103,296 
 1281,163      8             104,671 
 1281,163      8             105,984 
 1281,163      8             107,374 
 1281,163      8             108,796 
 1281,163      8             110,124 
 1281,163      8             111,499 
 1281,163      8             112,859 
 1281,163      8             114,234 
 1281,163      8             115,609 
 1281,163      8             116,984 
 1281,163      8             118,374 
 1281,163      8             119,734 
 1281,163      8             121,109 
 1281,163      8             122,484 
 1281,163      8             123,874 
 1281,163      8             125,249 
 1281,163      8             126,624 
 1281,163      8             127,984 
 1281,163      8             129,312 
 1281,163      8             130,624 
 1281,163      8             131,999 
 1279,196      8             133,421 
 1279,196      8             134,812 
 1279,196      8             136,171 
 1279,196      8             137,546 
 1279,196      8             138,937 
 1279,196      8             140,296 
 1279,196      8             141,687 
 1279,196      8             143,124 
 1279,196      8             144,484 
 1279,196      8             145,874 
 1279,196      8             147,249 
 1279,196      8             148,624 
 1279,196      8             149,999 
 1279,196      8             151,359 
 1279,196      8             152,749 
 1279,196      8             154,109 
 1279,196      8             155,499 
 1279,196      8             156,859 
 1279,196      8             158,249 
 1279,196      8             159,734 
 1279,196      8             161,062 
 1279,196      8             162,437 
 1279,196      8             163,812 
 1279,196      8             165,171 
 1279,196      8             166,546 
 1279,196      8             167,937 
 1279,196      8             169,296 
 1279,196      8             170,796 
 1279,196      8             172,124 
 1279,196      8             173,546 
 1279,196      8             174,984 
 1279,196      8             176,421 
 1279,196      8             177,796 
 1279,196      8             179,124 
 1279,196      8             180,499 
 1279,196      8             181,921 
 1279,196      8             183,249 
 1279,196      8             184,687 
 1279,196      8             186,109 
 1279,196      8             187,421 
 1279,196      8             188,812 
 1279,196      8             190,171 
 1279,196      8             191,499 
 1279,196      8             192,874 
 1279,196      8             194,187 
 1279,196      8             195,562 
 1279,196      8             196,937 
 1279,196      8             198,312 
 1279,196      8             199,734 
 1279,196      8             201,124 
 1279,196      8             202,499 
 1279,196      8             203,859 
 1279,196      8             205,234 
 1279,196      8             206,624 
 1279,196      8             208,062 
 1279,196      8             209,484 
 1279,196      8             210,859 
 1279,196      8             212,187 
 1279,196      8             213,562 
 1279,196      8             214,937 
 1279,196      8             216,296 
 1272,492      8             217,671 
 1272,492      8             219,062 
 1272,492      8             220,437 
 1241,241      8             221,796 
 1241,241      8             223,187 
 1241,241      8             224,624 
 1241,241      8             226,062 
 1241,241      8             227,484 
 1241,241      8             228,796 
 1241,241      8             230,124 
 1241,241      8             231,546 
 1241,241      8             232,874 
 1241,241      8             234,249 
 1241,241      8             235,624 
 1241,241      8             236,999 
 1241,241      8             238,359 
 1241,241      8             239,812 
 1241,241      8             241,187 
 1241,241      8             242,609 
 1241,241      8             243,984 
 1241,241      8             245,359 
 1241,241      8             246,734 
 1241,241      8             248,062 
 1241,241      8             249,484 
 1241,241      8             250,859 
 1241,241      8             252,234 
 1241,241      8             253,562 
 1241,241      8             254,984 
 1241,241      8             256,421 
 1241,241      8             257,796 
 1241,241      8             259,296 
 1241,241      8             260,687 
 1241,241      8             262,046 
 1241,241      8             263,437 
 1241,241      8             264,749 
 1241,241      8             266,109 
 1241,241      8             267,484 
 1241,241      8             268,874 
 1241,241      8             270,249 
 1241,241      8             271,624 
 1241,241      8             272,937 
 1241,241      8             274,359 
 1241,241      8             275,671 
 1241,241      8             277,062 
 1241,241      8             278,484 
 1241,241      8             279,859 
 1241,241      8             281,234 
 1241,241      8             282,624 
 1241,241      8             283,984 
 1241,241      8             285,484 
 1241,241      8             286,859 
 1241,241      8             288,234 
 1241,241      8             289,671 
 1241,241      8             291,046 
 1241,241      8             292,437 
 1241,241      8             293,812 
 1241,241      8             295,171 
 1241,241      8             296,546 
 1241,241      8             297,874 
 1241,241      8             299,296 
 1241,241      8             300,671 
 1241,241      8             301,999 
 1241,241      8             303,374 
 1241,241      8             304,734 
 1241,241      8             306,124 
 1241,241      8             307,546 
 1241,241      8             308,921 
 1241,241      8             310,249 
 1241,241      8             311,671 
 1241,241      8             313,062 
 1241,241      8             314,437 
 1241,241      8             315,812 
 1241,241      8             317,187 
 1241,241      8             318,562 
 1241,241      8             319,921 
 1241,241      8             321,249 
 1241,241      8             322,671 
 1241,241      8             323,999 
 1241,241      8             325,421 
 1241,241      8             326,859 
 1241,241      8             328,296 
 1241,241      8             329,671 
 1241,241      8             331,062 
 1241,241      8             332,546 
 1241,241      8             334,046 
 1241,241      8             335,421 
 1241,241      8             336,812 
 1241,241      8             338,171 
 1241,241      8             339,562 
 1241,241      8             340,984 
 1241,241      8             342,374 
 1241,241      8             343,812 
 1241,241      8             345,124 
 1241,241      8             346,734 
 1241,241      8             348,124 
 1241,241      8             349,484 
 1241,241      8             350,859 
 1238,654      8             352,296 
 1238,654      8             353,671 
 1238,654      8             354,999 
 1238,654      8             356,421 
 1238,654      8             357,796 
 1238,654      8             359,234 
 1238,654      8             360,624 
 1238,654      8             362,062 
 1238,654      8             363,437 
 1238,654      8             364,859 
 1238,654      8             366,187 
 1238,654      8             367,546 
 1238,654      8             368,874 
 1238,654      8             370,296 
 1238,654      8             371,687 
 1238,654      8             373,109 
 1238,654      8             374,546 
 1238,654      8             375,859 
 1238,654      8             377,234 
 1238,654      8             378,624 
 1238,654      8             380,046 
 1238,654      8             381,374 
 1238,654      8             382,796 
 1238,654      8             384,124 
 1238,654      8             385,499 
 1238,654      8             386,921 
 1238,654      8             388,249 
 1238,654      8             389,609 
 1238,654      8             390,984 
 1238,654      8             392,359 
 1238,654      8             393,749 
 1238,654      8             395,109 
 1238,654      8             396,484 
 1238,654      8             397,859 
 1238,654      8             399,249 
 1238,654      8             400,671 
 1238,654      8             402,062 
 1238,654      8             403,437 
 1238,654      8             404,812 
 1238,654      8             406,171 
 1238,654      8             407,546 
 1238,654      8             408,874 
 1238,654      8             410,296 
 1238,654      8             411,624 
 1238,654      8             413,046 
 1238,654      8             414,421 
 1238,654      8             415,859 
 1238,654      8             417,171 
 1238,654      8             418,624 
 1238,654      8             420,046 
 1238,654      8             421,437 
 1238,654      8             422,812 
 1238,654      8             424,249 
 1238,654      8             425,734 
 1238,654      8             427,046 
 1238,654      8             428,421 
 1238,654      8             429,874 
 1238,654      8             431,249 
 1238,654      8             432,624 
 1238,654      8             433,984 
 1238,654      8             435,359 
 1238,654      8             436,749 
 1238,654      8             438,171 
 1238,654      8             439,671 
 1238,654      8             441,046 
 1238,654      8             442,437 
 1238,654      8             443,796 
 1238,654      8             445,171 
 1238,654      8             446,499 
 1238,654      8             447,874 
 1238,654      8             449,249 
 1238,654      8             450,624 
 1238,654      8             451,999 
 1238,654      8             453,421 
 1238,654      8             454,796 
 1238,654      8             456,187 
 1238,654      8             457,562 
 1238,654      8             458,937 
 1238,654      8             460,312 
 1238,654      8             461,796 
 1238,654      8             463,171 
 1238,654      8             464,546 
 1238,654      8             465,874 
 1238,654      8             467,296 
 1238,654      8             468,671 
 1238,654      8             470,062 
 1238,654      8             471,437 
 1238,654      8             472,796 
 1238,654      8             474,124 
 1238,654      8             475,484 
 1238,654      8             476,874 
 1238,654      8             478,234 
 1238,654      8             479,671 
 1238,654      8             480,984 
 1238,654      8             482,374 
 1238,654      8             483,749 
 1238,654      8             485,124 
 1238,654      8             486,484 
 1238,654      8             487,921 
 1238,654      8             489,359 
 1238,654      8             490,859 
 1238,654      8             492,234 
 1238,654      8             493,671 
 1238,654      8             495,062 
 1238,654      8             496,499 
 1238,654      8             497,859 
 1238,654      8             499,249 
 1238,654      8             500,624 
 1238,654      8             502,046 
 1238,654      8             503,437 
 1238,654      8             504,812 
 1238,654      8             506,124 
 1238,654      8             507,499 
 1238,654      8             508,999 
 1238,654      8             510,374 
 1238,654      8             511,812 
 1238,654      8             513,171 
 1238,654      8             514,609 
 1238,654      8             515,999 
 1238,654      8             517,374 
 1238,654      8             518,796 
 1238,654      8             520,171 
 1238,654      8             521,609 
 1238,654      8             522,999 
 1238,654      8             524,437 
 1238,654      8             525,859 
 1238,654      8             527,249 
 1238,654      8             528,687 
 1238,654      8             530,187 
 1238,654      8             531,562 
 1238,654      8             532,874 
 1238,654      8             534,249 
 1238,654      8             535,609 
 1238,654      8             537,062 
 1238,654      8             538,374 
 1238,654      8             539,796 
 1238,654      8             541,187 
 1238,654      8             542,609 
 1238,654      8             543,937 
 1238,654      8             545,312 
 1238,654      8             546,734 
 1238,654      8             548,171 
 1238,654      8             549,499 
 1238,654      8             550,937 
 1238,654      8             552,374 
 1238,654      8             553,812 
 1238,654      8             555,124 
 1238,654      8             556,499 
 1238,654      8             557,874 
 1238,654      8             559,249 
 1238,654      8             560,671 
 1238,654      8             562,062 
 1238,654      8             563,484 
 1238,654      8             564,921 
 1238,654      8             566,421 
 1238,654      8             567,796 
 1238,654      8             569,124 
 1238,654      8             570,499 
 1238,654      8             571,921 
 1238,654      8             573,296 
 1238,654      8             574,624 
 1238,654      8             575,999 
 1238,654      8             577,374 
 1238,654      8             578,812 
 1238,654      8             580,171 
 1238,654      8             581,562 
 1238,654      8             582,921 
 1238,654      8             584,312 
 1238,654      8             585,687 
 1238,654      8             587,062 
 1238,654      8             588,546 
 1238,654      8             589,921 
 1238,654      8             591,296 
 1238,654      8             592,624 
 1238,654      8             593,999 
 1238,654      8             595,374 
 1238,654      8             596,749 
 1238,654      8             598,109 
 1238,654      8             599,484 
 1238,654      8             600,859 
 1238,654      8             602,234 
 1238,654      8             603,624 
 1238,654      8             604,999 
 1238,654      8             606,374 
 1238,654      8             607,734 
 1238,654      8             609,062 
 1238,654      8             610,484 
 1238,654      8             611,921 
 1238,654      8             613,421 
 1238,654      8             614,812 
 1231,525      8             616,296 
 1231,525      8             617,624 
 1231,525      8             619,124 
 1231,525      8             620,499 
 1231,525      8             621,999 
 1231,525      8             623,374 
 1231,525      8             624,749 
 1231,525      8             626,109 
 1231,525      8             627,484 
 1231,525      8             628,921 
 1231,525      8             630,249 
 1231,525      8             631,734 
 1231,525      8             633,109 
 1231,525      8             634,499 
 1231,525      8             635,921 
 1231,525      8             637,296 
 1231,525      8             638,859 
 1231,525      8             640,249 
 1231,525      8             641,624 
 1231,525      8             642,999 
 1231,525      8             644,374 
 1231,525      8             645,796 
 1214,212      8             647,249 
 1214,212      8             648,687 
 1214,212      8             649,999 
 1214,212      8             651,484 
 1214,212      8             652,859 
 1214,212      8             654,249 
 1214,212      8             655,609 
 1214,212      8             656,984 
 1214,212      8             658,421 
 1214,212      8             659,796 
 1214,212      8             661,171 
 1214,212      8             662,546 
 1214,212      8             663,984 
 1214,212      8             665,421 
 1214,212      8             666,749 
 1214,212      8             668,171 
 1214,212      8             669,562 
 1214,212      8             670,921 
 1214,212      8             672,249 
 1214,212      8             673,687 
 1214,212      8             675,171 
 1214,212      8             676,546 
 1214,212      8             677,874 
 1214,212      8             679,249 
 1214,212      8             680,671 
 1214,212      8             682,062 
 1214,212      8             683,421 
 1214,212      8             684,984 
 1214,212      8             686,374 
 1214,212      8             687,734 
 1214,212      8             689,109 
 1214,212      8             690,546 
 1214,212      8             691,984 
 1214,212      8             693,312 
 1214,212      8             694,687 
 1214,212      8             696,109 
 1214,212      8             697,484 
 1214,212      8             698,812 
 1214,212      8             700,187 
 1214,212      8             701,562 
 1214,212      8             702,937 
 1214,212      8             704,312 
 1214,212      8             705,671 
 1214,212      8             707,109 
 1214,212      8             708,484 
 1214,212      8             709,874 
 1214,212      8             711,234 
 1214,212      8             712,609 
 1214,212      8             713,937 
 1214,212      8             715,359 
 1214,212      8             716,734 
 1214,212      8             718,062 
 1214,212      8             719,484 
 1214,212      8             720,874 
 1214,212      8             722,249 
 1214,212      8             723,749 
 1214,212      8             725,109 
 1214,212      8             726,499 
 1214,212      8             727,859 
 1214,212      8             729,187 
 1214,212      8             730,562 
 1214,212      8             731,937 
 1214,212      8             733,296 
 1214,212      8             734,624 
 1214,212      8             736,109 
 1214,212      8             737,499 
 1214,212      8             738,812 
 1214,212      8             740,249 
 1214,212      8             741,624 
 1214,212      8             743,062 
 1214,212      8             744,437 
 1214,212      8             745,796 
 1214,212      8             747,171 
 1214,212      8             748,562 
 1214,212      8             750,062 
 1214,212      8             751,421 
 1214,212      8             752,859 
 1214,212      8             754,234 
 1214,212      8             755,624 
 1214,212      8             757,062 
 1214,212      8             758,437 
 1214,212      8             759,859 
 1214,212      8             761,187 
 1214,212      8             762,609 
 1214,212      8             763,984 
 1214,212      8             765,359 
 1214,212      8             766,796 
 1214,212      8             768,124 
 1214,212      8             769,499 
 1214,212      8             770,859 
 1214,212      8             772,234 
 1214,212      8             773,562 
 1214,212      8             774,921 
 1214,212      8             776,234 
 1214,212      8             777,671 
 1214,212      8             779,109 
 1214,212      8             780,437 
 1214,212      8             781,812 
 1214,212      8             783,171 
 1214,212      8             784,499 
 1214,212      8             785,874 
 1214,212      8             787,171 
 1214,212      8             788,499 
 1214,212      8             789,859 
 1214,212      8             791,249 
 1214,212      8             792,624 
 1214,212      8             793,999 
 1214,212      8             795,374 
 1214,212      8             796,749 
 1214,212      8             798,171 
 1214,212      8             799,562 
 1214,212      8             800,859 
 1214,212      8             802,234 
 1214,212      8             803,624 
 1214,212      8             805,062 
 1214,212      8             806,484 
 1214,212      8             807,812 
 1214,212      8             809,171 
 1214,212      8             810,484 
 1214,212      8             811,874 
 1214,212      8             813,234 
 1214,212      8             814,624 
 1214,212      8             815,999 
 1214,212      8             817,421 
 1214,212      8             818,796 
 1214,212      8             820,187 
 1214,212      8             821,609 
 1214,212      8             822,999 
 1214,212      8             824,374 
 1214,212      8             825,734 
 1214,212      8             827,109 
 1214,212      8             828,437 
 1214,212      8             829,812 
 1214,212      8             831,171 
 1214,212      8             832,609 
 1214,212      8             833,984 
 1214,212      8             835,374 
 1214,212      8             836,796 
 1214,212      8             838,171 
 1214,212      8             839,499 
 1214,212      8             840,874 
 1214,212      8             842,234 
 1214,212      8             843,624 
 1214,212      8             845,062 
 1214,212      8             846,437 
 1214,212      8             847,859 
 1214,212      8             849,249 
 1214,212      8             850,562 
 1214,212      8             852,062 
 1214,212      8             853,437 
 1214,212      8             854,812 
 1214,212      8             856,171 
 1214,212      8             857,546 
 1214,212      8             858,89 
 1214,212      8             860,312 
 1214,212      8             861,687 
 1214,212      8             863,015 
 1214,212      8             864,39 
 1214,212      8             865,702 
 1214,212      8             867,062 
 1214,212      8             868,452 
 1214,212      8             869,812 
 1214,212      8             871,14 
 1214,212      8             872,515 
 1214,212      8             873,937 
 1214,212      8             875,265 
 1214,212      8             876,702 
 1214,212      8             878,077 
 1214,212      8             879,452 
 1214,212      8             880,827 
 1214,212      8             882,202 
 1214,212      8             883,577 
 1214,212      8             884,999 
 1214,212      8             886,437 
 1214,212      8             887,874 
 1214,212      8             889,187 
 1214,212      8             890,562 
 1214,212      8             892,015 
 1214,212      8             893,374 
 1214,212      8             894,812 
 1214,212      8             896,124 
 1214,212      8             897,452 
 1214,212      8             898,827 
 1214,212      8             900,202 
 1214,212      8             901,577 
 1214,212      8             902,89 
 1214,212      8             904,312 
 1214,212      8             905,687 
 1214,212      8             907,015 
 1214,212      8             908,515 
 1214,212      8             909,89 
 1214,212      8             911,265 
 1214,212      8             912,702 
 1214,212      8             914,14 
 1214,212      8             915,499 
 1214,212      8             916,952 
 1214,212      8             918,374 
 1214,212      8             919,89 
 1214,212      8             921,265 
 1214,212      8             922,64 
 1214,212      8             923,999 
 1214,212      8             925,374 
 1214,212      8             926,749 
 1214,212      8             928,14 
 1214,212      8             929,515 
 1214,212      8             931,077 
 1214,212      8             932,452 
 1214,212      8             933,874 
 1214,212      8             935,249 
 1214,212      8             936,671 
 1214,212      8             938,031 
 1214,212      8             939,359 
 1214,212      8             940,718 
 1214,212      8             942,156 
 1214,212      8             943,531 
 1214,212      8             944,906 
 1214,212      8             946,234 
 1214,212      8             947,656 
 1214,212      8             949,046 
 1214,212      8             950,421 
 1214,212      8             951,921 
 1214,212      8             953,359 
 1214,212      8             954,687 
 1214,212      8             955,781 
 1214,212      8             956,952 
 1214,212      8             958,14 
 1214,212      8             959,296 
 1214,212      8             960,452 
 1214,212      8             961,577 
 1214,212      8             962,609 
 1214,212      8             963,781 
 1214,212      8             964,999 
 1214,212      8             966,14 
 1214,212      8             967,359 
 1214,212      8             968,562 
 1214,212      8             969,796 
 1214,212      8             970,984 
 1214,212      8             972,265 
 1214,212      8             973,546 
 1214,212      8             974,749 
 1214,212      8             976,156 
 1214,212      8             977,281 
 1214,212      8             978,64 
 1214,212      8             979,827 
 1214,212      8             981,046 
 1214,212      8             982,218 
 1214,212      8             982,921 
 1214,212      8             983,593 
 1214,212      8             984,281 
 1214,212      8             985,046 
 1214,212      8             985,749 
 1214,212      8             986,452 
 1214,212      8             987,124 
 1214,212      8             987,812 
 1214,212      8             988,484 
 1214,212      8             989,187 
 1214,212      8             989,874 
 1214,212      8             990,546 
 1214,212      8             991,249 
 1214,212      8             991,921 
 1214,212      8             992,624 
 1214,212      8             993,312 
 1214,212      8             994,015 
 1214,212      8             994,702 
 1214,212      8             995,39 
 1214,212      8             996,093 
 1214,212      8             996,796 
 1214,212      8             997,468 
 1214,212      8             998,156 
 1214,212      8             998,843 
 1214,212      8             999,546 
 1214,212      8             1000,249 
 1214,212      8             1000,921 
 1214,212      8             1001,609 
 1214,212      8             1002,296 
 1214,212      8             1002,984 
 1214,212      8             1003,687 
 1214,212      8             1004,343 
 1214,212      8             1005,031 
 1214,212      8             1005,734 
 1214,212      8             1006,406 
 1214,212      8             1007,109 
 1214,212      8             1007,796 
 1214,212      8             1008,515 
 1214,212      8             1009,187 
 1214,212      8             1009,874 
 1214,212      8             1010,577 
 1214,212      8             1011,296 
 1214,212      8             1011,999 
 1214,212      8             1012,671 
 1214,212      8             1013,359 
 1214,212      8             1014,046 
 1214,212      8             1014,781 
 1214,212      8             1015,484 
 1214,212      8             1016,171 
 1214,212      8             1016,859 
 1214,212      8             1017,546 
 1214,212      8             1018,218 
 1214,212      8             1018,921 
 1214,212      8             1019,609 
 1214,212      8             1020,296 
 1214,212      8             1020,968 
 1214,212      8             1021,656 
 1214,212      8             1022,359 
 1214,212      8             1023,046 
 1214,212      8             1023,718 
 1214,212      8             1024,39 
 1214,212      8             1025,046 
 1214,212      8             1025,734 
 1214,212      8             1026,406 
 1214,212      8             1027,124 
 1214,212      8             1027,796 
 1214,212      8             1028,499 
 1214,212      8             1029,249 
 1214,212      8             1029,984 
 1214,212      8             1030,702 
 1214,212      8             1031,39 
 1214,212      8             1032,109 
 1214,212      8             1032,765 
 1214,212      8             1033,452 
 1214,212      8             1034,156 
 1214,212      8             1034,874 
 1214,212      8             1035,546 
 1214,212      8             1036,218 
 1214,212      8             1036,89 
 1214,212      8             1037,546 
 1214,212      8             1038,249 
 1214,212      8             1038,937 
 1214,212      8             1039,64 
 1214,212      8             1040,312 
 1214,212      8             1040,999 
 1214,212      8             1041,671 
 1214,212      8             1042,374 
 1214,212      8             1043,077 
 1214,212      8             1043,765 
 1214,212      8             1044,452 
 1214,212      8             1045,156 
 1214,212      8             1045,827 
 1214,212      8             1046,531 
 1214,212      8             1047,234 
 1214,212      8             1047,906 
 1214,212      8             1048,593 
 1214,212      8             1049,249 
 1214,212      8             1049,921 
 1214,212      8             1050,609 
 1214,212      8             1051,343 
 1214,212      8             1052,015 
 1214,212      8             1052,781 
 1214,212      8             1053,468 
 1214,212      8             1054,202 
 1214,212      8             1054,89 
 1214,212      8             1055,624 
 1214,212      8             1056,296 
 1214,212      8             1056,968 
 1214,212      8             1057,671 
 1214,212      8             1058,359 
 1214,212      8             1059,077 
 1214,212      8             1059,827 
 1214,212      8             1060,531 
 1214,212      8             1061,202 
 1214,212      8             1061,906 
 1214,212      8             1062,577 
 1214,212      8             1063,312 
 1214,212      8             1063,984 
 1214,212      8             1064,671 
 1214,212      8             1065,343 
 1214,212      8             1066,077 
 1214,212      8             1066,734 
 1214,212      8             1067,437 
 1214,212      8             1068,14 
 1214,212      8             1068,812 
 1214,212      8             1069,515 
 1214,212      8             1070,218 
 1214,212      8             1070,906 
 1214,212      8             1071,593 
 1214,212      8             1072,296 
 1214,212      8             1072,968 
 1214,212      8             1073,656 
 1214,212      8             1074,359 
 1214,212      8             1075,031 
 1214,212      8             1075,702 
 1214,212      8             1076,39 
 1214,212      8             1077,093 
 1214,212      8             1077,765 
 1214,212      8             1078,484 
 1214,212      8             1079,187 
 1214,212      8             1079,89 
 1214,212      8             1080,562 
 1214,212      8             1081,296 
 1214,212      8             1081,968 
 1214,212      8             1082,671 
 1214,212      8             1083,374 
 1214,212      8             1084,124 
 1214,212      8             1084,827 
 1214,212      8             1085,546 
 1214,212      8             1086,312 
 1214,212      8             1086,984 
 1214,212      8             1087,656 
 1214,212      8             1088,343 
 1214,212      8             1089,031 
 1214,212      8             1089,749 
 1214,212      8             1091,109 
 1214,212      8             1092,468 
 1214,212      8             1093,827 
 1214,212      8             1095,156 
 1214,212      8             1096,562 
 1214,212      8             1097,749 
 1214,212      8             1098,937 
 1214,212      8             1100,093 
 1214,212      8             1101,374 
 1214,212      8             1102,624 
 1214,212      8             1104,031 
 1214,212      8             1105,296 
 1214,212      8             1106,437 
 1214,212      8             1107,468 
 1214,212      8             1108,687 
 1214,212      8             1109,859 
 1214,212      8             1111,015 
 1214,212      8             1112,281 
 1214,212      8             1113,39 
 1214,212      8             1114,796 
 1214,212      8             1116,109 
 1214,212      8             1117,593 
 1214,212      8             1118,906 
 1214,212      8             1120,109 
 1214,212      8             1121,515 
 1214,212      8             1122,624 
 1214,212      8             1123,937 
 1214,212      8             1125,077 
 1214,212      8             1126,484 
 1214,212      8             1127,984 
 1214,212      8             1129,406 
 1214,212      8             1130,577 
 1214,212      8             1131,89 
 1214,212      8             1133,187 
 1214,212      8             1134,484 
 1214,212      8             1135,921 
 1214,212      8             1137,312 
 1214,212      8             1138,609 
 1214,212      8             1139,999 
 1214,212      8             1141,343 
 1214,212      8             1142,593 
 1214,212      8             1143,796 
 1214,212      8             1145,265 
 1214,212      8             1146,437 
 1214,212      8             1147,968 
 1214,212      8             1149,218 
 1214,212      8             1150,39 
 1214,212      8             1151,515 
 1214,212      8             1152,671 
 1214,212      8             1153,984 
 1214,212      8             1155,234 
 1214,212      8             1156,577 
 1214,212      8             1157,874 
 1214,212      8             1159,156 
 1214,212      8             1160,562 
 1214,212      8             1161,937 
 1214,212      8             1163,374 
 1214,212      8             1164,796 
 1214,212      8             1166,171 
 1214,212      8             1167,624 
 1214,212      8             1168,984 
 1214,212      8             1170,296 
 1214,212      8             1171,734 
 1214,212      8             1173,046 
 1214,212      8             1174,421 
 1214,212      8             1175,874 
 1214,212      8             1177,312 
 1214,212      8             1178,671 
 1214,212      8             1180,062 
 1214,212      8             1181,437 
 1214,212      8             1182,859 
 1214,212      8             1184,296 
 1214,212      8             1185,687 
 1214,212      8             1187,046 
 1214,212      8             1188,437 
 1214,212      8             1189,859 
 1214,212      8             1191,234 
 1214,212      8             1192,624 
 1214,212      8             1194,046 
 1214,212      8             1195,484 
 1214,212      8             1196,812 
 1214,212      8             1198,171 
 1214,212      8             1199,562 
 1214,212      8             1201,031 
 1214,212      8             1202,437 
 1214,212      8             1203,781 
 1214,212      8             1205,156 
 1214,212      8             1206,531 
 1214,212      8             1207,906 
 1214,212      8             1209,265 
 1214,212      8             1210,593 
 1214,212      8             1212,015 
 1214,212      8             1213,39 
 1214,212      8             1214,765 
 1214,212      8             1216,202 
 1214,212      8             1217,577 
 1214,212      8             1218,952 
 1214,212      8             1220,327 
 1214,212      8             1221,702 
 1214,212      8             1223,077 
 1214,212      8             1224,452 
 1214,212      8             1225,827 
 1214,212      8             1227,218 
 1214,212      8             1228,593 
 1214,212      8             1229,952 
 1214,212      8             1231,327 
 1214,212      8             1232,781 
 1214,212      8             1234,218 
 1214,212      8             1235,593 
 1214,212      8             1237,077 
 1214,212      8             1238,452 
 1214,212      8             1239,906 
 1214,212      8             1241,327 
 1214,212      8             1242,656 
 1214,212      8             1244,156 
 1214,212      8             1245,515 
 1214,212      8             1246,906 
 1214,212      8             1248,281 
 1214,212      8             1249,64 
 1214,212      8             1250,952 
 1214,212      8             1252,281 
 1214,212      8             1253,702 
 1214,212      8             1255,077 
 1214,212      8             1256,515 
 1214,212      8             1257,827 
 1214,212      8             1259,202 
 1214,212      8             1260,577 
 1214,212      8             1261,906 
 1214,212      8             1263,265 
 1214,212      8             1264,656 
 1214,212      8             1266,093 
 1214,212      8             1267,468 
 1214,212      8             1268,843 
 1214,212      8             1270,327 
 1214,212      8             1271,656 
 1214,212      8             1273,077 
 1214,212      8             1274,452 
 1214,212      8             1275,843 
 1214,212      8             1277,265 
 1214,212      8             1278,64 
 1214,212      8             1280,077 
 1214,212      8             1281,406 
 1214,212      8             1282,781 
 1214,212      8             1284,218 
 1214,212      8             1285,577 
 1214,212      8             1286,952 
 1214,212      8             1288,327 
 1214,212      8             1289,702 
 1214,212      8             1291,031 
 1214,212      8             1292,39 
 1214,212      8             1293,702 
 1214,212      8             1295,077 
 1214,212      8             1296,468 
 1214,212      8             1297,843 
 1214,212      8             1299,202 
 1214,212      8             1300,531 
 1214,212      8             1301,906 
 1214,212      8             1303,343 
 1214,212      8             1304,702 
 1214,212      8             1306,14 
 1214,212      8             1307,515 
 1214,212      8             1308,968 
 1214,212      8             1310,39 
 1214,212      8             1311,765 
 1214,212      8             1313,14 
 1214,212      8             1314,468 
 1214,212      8             1315,827 
 1214,212      8             1317,202 
 1214,212      8             1318,577 
 1214,212      8             1319,968 
 1214,212      8             1321,343 
 1214,212      8             1322,656 
 1214,212      8             1324,031 
 1214,212      8             1325,39 
 1214,212      8             1326,765 
 1214,212      8             1328,077 
 1214,212      8             1329,406 
 1214,212      8             1330,827 
 1214,212      8             1332,14 
 1214,212      8             1333,452 
 1214,212      8             1334,843 
 1214,212      8             1336,265 
 1214,212      8             1337,64 
 1214,212      8             1338,968 
 1214,212      8             1340,343 
 1214,212      8             1341,718 
 1214,212      8             1343,093 
 1214,212      8             1344,452 
 1214,212      8             1345,781 
 1214,212      8             1347,077 
 1214,212      8             1348,468 
 1214,212      8             1349,843 
 1214,212      8             1351,218 
 1214,212      8             1352,64 
 1214,212      8             1353,968 
 1214,212      8             1355,406 
 1214,212      8             1356,781 
 1214,212      8             1358,218 
 1214,212      8             1359,593 
 1214,212      8             1361,015 
 1214,212      8             1362,39 
 1214,212      8             1363,765 
 1214,212      8             1365,14 
 1214,212      8             1366,468 
 1214,212      8             1367,827 
 1214,212      8             1369,202 
 1214,212      8             1370,515 
 1214,212      8             1372,015 
 1214,212      8             1373,39 
 1214,212      8             1374,718 
 1214,212      8             1376,14 
 1214,212      8             1377,515 
 1214,212      8             1378,827 
 1214,212      8             1380,265 
 1214,212      8             1381,593 
 1214,212      8             1383,015 
 1214,212      8             1384,343 
 1214,212      8             1385,718 
 1214,212      8             1387,093 
 1214,212      8             1388,515 
 1214,212      8             1389,843 
 1214,212      8             1391,202 
 1214,212      8             1392,577 
 1214,212      8             1393,906 
 1214,212      8             1395,265 
 1214,212      8             1396,593 
 1214,212      8             1397,952 
 1214,212      8             1399,327 
 1214,212      8             1400,64 
 1214,212      8             1402,031 
 1214,212      8             1403,406 
 1214,212      8             1404,765 
 1214,212      8             1406,093 
 1214,212      8             1407,468 
 1214,212      8             1408,827 
 1214,212      8             1410,156 
 1214,212      8             1411,577 
 1214,212      8             1412,952 
 1214,212      8             1414,265 
 1214,212      8             1415,656 
 1214,212      8             1417,031 
 1214,212      8             1418,406 
 1214,212      8             1419,765 
 1214,212      8             1421,14 
 1214,212      8             1422,452 
 1214,212      8             1423,89 
 1214,212      8             1425,265 
 1214,212      8             1426,702 
 1214,212      8             1428,031 
 1214,212      8             1429,406 
 1214,212      8             1430,843 
 1214,212      8             1432,327 
 1214,212      8             1433,702 
 1214,212      8             1435,077 
 1214,212      8             1436,452 
 1214,212      8             1437,89 
 1214,212      8             1439,218 
 1214,212      8             1440,64 
 1214,212      8             1442,077 
 1214,212      8             1443,452 
 1214,212      8             1444,827 
 1214,212      8             1446,218 
 1214,212      8             1447,593 
 1214,212      8             1448,968 
 1214,212      8             1450,343 
 1214,212      8             1451,702 
 1214,212      8             1453,031 
 1214,212      8             1454,452 
 1214,212      8             1455,827 
 1214,212      8             1457,218 
 1214,212      8             1458,577 
 1214,212      8             1459,952 
 1214,212      8             1461,281 
 1214,212      8             1462,656 
 1214,212      8             1464,015 
 1214,212      8             1465,468 
 1214,212      8             1466,827 
 1214,212      8             1468,218 
 1214,212      8             1469,702 
 1214,212      8             1471,031 
 1214,212      8             1472,39 
 1214,212      8             1473,781 
 1214,212      8             1475,14 
 1214,212      8             1476,468 
 1214,212      8             1477,843 
 1214,212      8             1479,265 
 1214,212      8             1480,593 
 1214,212      8             1482,077 
 1214,212      8             1483,452 
 1214,212      8             1484,781 
 1214,212      8             1486,14 
 1214,212      8             1487,531 
 1214,212      8             1488,952 
 1214,212      8             1490,327 
 1214,212      8             1491,906 
 1214,212      8             1493,39 
 1214,212      8             1494,765 
 1214,212      8             1496,14 
 1214,212      8             1497,468 
 1214,212      8             1498,827 
 1214,212      8             1500,14 
 1214,212      8             1501,515 
 1214,212      8             1502,89 
 1214,212      8             1504,39 
 1214,212      8             1505,718 
 1214,212      8             1507,14 
 1214,212      8             1508,468 
 1214,212      8             1509,89 
 1214,212      8             1511,218 
 1214,212      8             1512,531 
 1214,212      8             1513,89 
 1214,212      8             1515,281 
 1214,212      8             1516,656 
 1214,212      8             1518,031 
 1214,212      8             1519,452 
 1214,212      8             1520,827 
 1214,212      8             1522,156 
 1214,212      8             1523,515 
 1214,212      8             1524,827 
 1214,212      8             1526,156 
 1214,212      8             1527,515 
 1214,212      8             1528,952 
 1214,212      8             1530,281 
 1214,212      8             1531,656 
 1214,212      8             1533,031 
 1214,212      8             1534,406 
 1214,212      8             1535,718 
 1214,212      8             1537,093 
 1214,212      8             1538,452 
 1214,212      8             1539,781 
 1214,212      8             1541,202 
 1214,212      8             1542,531 
 1214,212      8             1543,906 
 1214,212      8             1545,343 
 1214,212      8             1546,702 
 1214,212      8             1548,14 
 1214,212      8             1549,515 
 1214,212      8             1551,015 
 1214,212      8             1552,39 
 1214,212      8             1553,718 
 1214,212      8             1555,093 
 1214,212      8             1556,468 
 1214,212      8             1557,827 
 1214,212      8             1559,156 
 1214,212      8             1560,531 
 1214,212      8             1561,89 
 1214,212      8             1563,281 
 1214,212      8             1564,718 
 1214,212      8             1566,156 
 1214,212      8             1567,656 
 1214,212      8             1569,202 
 1214,212      8             1570,593 
 1214,212      8             1571,906 
 1214,212      8             1573,265 
 1214,212      8             1574,64 
 1214,212      8             1575,968 
 1214,212      8             1577,343 
 1214,212      8             1578,656 
 1214,212      8             1580,031 
 1214,212      8             1581,39 
 1214,212      8             1582,89 
 1214,212      8             1584,265 
 1214,212      8             1585,64 
 1214,212      8             1587,015 
 1214,212      8             1588,343 
 1214,212      8             1589,702 
 1214,212      8             1591,031 
 1214,212      8             1592,39 
 1214,212      8             1593,718 
 1214,212      8             1595,031 
 1214,212      8             1596,452 
 1214,212      8             1597,89 
 1214,212      8             1599,218 
 1214,212      8             1600,577 
 1214,212      8             1601,89 
 1214,212      8             1603,265 
 1214,212      8             1604,656 
 1214,212      8             1606,015 
 1214,212      8             1607,39 
 1214,212      8             1608,765 
 1214,212      8             1610,156 
 1214,212      8             1611,515 
 1214,212      8             1612,843 
 1214,212      8             1614,202 
 1214,212      8             1615,531 
 1214,212      8             1616,952 
 1214,212      8             1618,327 
 1214,212      8             1619,765 
 1214,212      8             1621,093 
 1214,212      8             1622,577 
 1214,212      8             1623,968 
 1214,212      8             1625,343 
 1214,212      8             1626,702 
 1214,212      8             1628,156 
 1214,212      8             1629,515 
 1214,212      8             1630,89 
 1214,212      8             1632,218 
 1214,212      8             1633,702 
 1214,212      8             1635,14 
 1214,212      8             1636,577 
 1214,212      8             1637,952 
 1214,212      8             1639,281 
 1214,212      8             1640,718 
 1214,212      8             1642,14 
 1214,212      8             1643,468 
 1214,212      8             1644,843 
 1214,212      8             1646,202 
 1214,212      8             1647,577 
 1214,212      8             1648,906 
 1214,212      8             1650,281 
 1214,212      8             1651,64 
 1214,212      8             1653,015 
 1214,212      8             1654,39 
 1214,212      8             1655,718 
 1214,212      8             1657,14 
 1214,212      8             1658,468 
 1214,212      8             1659,843 
 1214,212      8             1661,202 
 1214,212      8             1662,577 
 1214,212      8             1663,906 
 1214,212      8             1665,343 
 1214,212      8             1666,765 
 1214,212      8             1668,077 
 1214,212      8             1669,468 
 1214,212      8             1671,015 
 1214,212      8             1672,343 
 1214,212      8             1673,718 
 1214,212      8             1675,156 
 1214,212      8             1676,515 
 1214,212      8             1677,906 
 1214,212      8             1679,343 
 1214,212      8             1680,781 
 1214,212      8             1682,093 
 1214,212      8             1683,593 
 1214,212      8             1685,015 
 1214,212      8             1686,406 
 1214,212      8             1687,765 
 1214,212      8             1689,093 
 1214,212      8             1690,452 
 1214,212      8             1691,781 
 1214,212      8             1693,202 
 1214,212      8             1694,531 
 1214,212      8             1695,906 
 1214,212      8             1697,343 
 1214,212      8             1698,765 
 1214,212      8             1700,14 
 1214,212      8             1701,515 
 1214,212      8             1702,843 
 1214,212      8             1704,265 
 1214,212      8             1705,656 
 1214,212      8             1707,077 
 1214,212      8             1708,452 
 1214,212      8             1709,843 
 1214,212      8             1711,202 
 1214,212      8             1712,577 
 1214,212      8             1713,906 
 1214,212      8             1715,281 
 1214,212      8             1716,656 
 1214,212      8             1718,015 
 1214,212      8             1719,406 
 1214,212      8             1720,781 
 1214,212      8             1722,202 
 1214,212      8             1723,531 
 1214,212      8             1724,906 
 1214,212      8             1726,327 
 1214,212      8             1727,656 
 1214,212      8             1729,031 
 1214,212      8             1730,406 
 1214,212      8             1731,906 
 1214,212      8             1733,343 
 1214,212      8             1734,827 
 1214,212      8             1736,14 
 1214,212      8             1737,531 
 1214,212      8             1738,968 
 1214,212      8             1740,327 
 1214,212      8             1741,765 
 1214,212      8             1743,093 
 1214,212      8             1744,531 
 1214,212      8             1745,952 
 1214,212      8             1747,327 
 1214,212      8             1748,702 
 1214,212      8             1750,202 
 1214,212      8             1751,531 
 1214,212      8             1752,968 
 1214,212      8             1754,343 
 1214,212      8             1755,718 
 1214,212      8             1757,093 
 1214,212      8             1758,577 
 1214,212      8             1759,906 
 1214,212      8             1761,281 
 1214,212      8             1762,702 
 1214,212      8             1764,031 
 1214,212      8             1765,452 
 1214,212      8             1766,89 
 1214,212      8             1768,406 
 1214,212      8             1769,827 
 1214,212      8             1771,156 
 1214,212      8             1772,515 
 1214,212      8             1773,952 
 1214,212      8             1775,343 
 1214,212      8             1776,718 
 1214,212      8             1778,14 
 1214,212      8             1779,452 
 1214,212      8             1780,827 
 1214,212      8             1782,202 
 1214,212      8             1783,64 
 1214,212      8             1785,031 
 1214,212      8             1786,452 
 1214,212      8             1787,843 
 1214,212      8             1789,156 
 1214,212      8             1790,64 
 1214,212      8             1792,14 
 1214,212      8             1793,531 
 1214,212      8             1794,89 
 1214,212      8             1796,327 
 1214,212      8             1797,702 
 1214,212      8             1799,093 
 1214,212      8             1800,515 
 1214,212      8             1801,906 
 1214,212      8             1803,327 
 1214,212      8             1804,702 
 1214,212      8             1806,077 
 1214,212      8             1807,468 
 1214,212      8             1808,827 
 1214,212      8             1810,218 
 1214,212      8             1811,593 
 1214,212      8             1813,015 
 1214,212      8             1814,39 
 1214,212      8             1815,702 
 1214,212      8             1817,093 
 1214,212      8             1818,577 
 1214,212      8             1820,015 
 1214,212      8             1821,406 
 1214,212      8             1822,89 
 1214,212      8             1824,202 
 1214,212      8             1825,593 
 1214,212      8             1826,906 
 1214,212      8             1828,281 
 1214,212      8             1829,656 
 1214,212      8             1831,077 
 1214,212      8             1832,452 
 1214,212      8             1833,843 
 1214,212      8             1835,265 
 1214,212      8             1836,656 
 1214,212      8             1838,093 
 1214,212      8             1839,406 
 1214,212      8             1840,781 
 1214,212      8             1842,093 
 1214,212      8             1843,452 
 1214,212      8             1844,781 
 1214,212      8             1846,156 
 1214,212      8             1847,468 
 1214,212      8             1848,89 
 1214,212      8             1850,265 
 1214,212      8             1851,593 
 1214,212      8             1852,968 
 1214,212      8             1854,343 
 1214,212      8             1855,702 
 1214,212      8             1857,077 
 1214,212      8             1858,468 
 1214,212      8             1859,843 
 1214,212      8             1861,218 
 1214,212      8             1862,702 
 1214,212      8             1864,077 
 1214,212      8             1865,468 
 1214,212      8             1866,827 
 1214,212      8             1868,265 
 1214,212      8             1869,64 
 1214,212      8             1871,015 
 1214,212      8             1872,468 
 1214,212      8             1873,827 
 1214,212      8             1875,156 
 1214,212      8             1876,593 
 1214,212      8             1878,015 
 1214,212      8             1879,39 
 1214,212      8             1880,781 
 1214,212      8             1882,14 
 1214,212      8             1883,515 
 1214,212      8             1884,843 
 1214,212      8             1886,218 
 1214,212      8             1887,64 
 1214,212      8             1889,031 
 1214,212      8             1890,452 
 1214,212      8             1891,827 
 1214,212      8             1893,156 
 1214,212      8             1894,577 
 1214,212      8             1895,968 
 1214,212      8             1897,281 
 1214,212      8             1898,64 
 1214,212      8             1900,015 
 1214,212      8             1901,343 
 1214,212      8             1902,718 
 1214,212      8             1904,14 
 1214,212      8             1905,515 
 1214,212      8             1906,843 
 1214,212      8             1908,202 
 1214,212      8             1909,531 
 1214,212      8             1910,952 
 1214,212      8             1912,281 
 1214,212      8             1913,593 
