Iteraciones:   1890 

Costo         Vehículos     Tiempo [seg]
 1877,997      13            4,819 
 1852,607      13            8,07 
 1777,212      13            11,174 
 1777,212      13            14,143 
 1777,212      13            16,928 
 1777,212      13            19,754 
 1754,297      13            22,433 
 1754,297      13            25,338 
 1741,114      13            28,006 
 1689,421      13            30,813 
 1689,421      13            33,719 
 1689,421      13            36,743 
 1689,421      13            39,306 
 1689,421      13            42,334 
 1689,421      13            45,288 
 1689,421      13            48,097 
 1689,421      13            50,852 
 1689,421      13            53,605 
 1689,421      13            56,409 
 1689,421      13            59,368 
 1689,421      13            62,189 
 1689,421      13            65,043 
 1689,421      13            67,789 
 1676,103      13            70,754 
 1676,103      13            73,539 
 1676,103      13            76,381 
 1676,103      13            79,361 
 1676,103      13            82,171 
 1676,103      13            85,101 
 1676,103      13            88,228 
 1676,103      13            90,999 
 1676,103      13            93,735 
 1676,103      13            96,285 
 1671,888      13            98,537 
 1671,888      13            101,679 
 1671,888      13            104,583 
 1671,888      13            106,614 
 1671,888      13            108,901 
 1671,888      13            111 
 1671,888      13            113,698 
 1671,888      13            116,679 
 1671,888      13            119,417 
 1671,888      13            122,12 
 1671,888      13            124,831 
 1671,888      13            127,571 
 1671,888      13            130,185 
 1671,888      13            132,977 
 1671,888      13            135,553 
 1671,888      13            138,209 
 1671,888      13            141,178 
 1671,888      13            143,541 
 1671,888      13            145,814 
 1671,888      13            148,526 
 1671,888      13            150,713 
 1671,888      13            152,927 
 1671,888      13            155,005 
 1671,888      13            157,055 
 1671,888      13            159,705 
 1671,888      13            162,165 
 1671,888      13            164,277 
 1671,888      13            166,294 
 1671,888      13            168,405 
 1671,888      13            171,444 
 1671,888      13            173,684 
 1671,888      13            175,958 
 1671,888      13            178,17 
 1671,888      13            180,617 
 1671,888      13            182,859 
 1671,888      13            185,024 
 1665,796      13            187,105 
 1665,796      13            189,209 
 1665,796      13            191,41 
 1663,472      13            194,046 
 1663,472      13            196,927 
 1663,472      13            199,168 
 1663,472      13            201,36 
 1663,472      13            203,558 
 1663,472      13            205,729 
 1663,472      13            208,512 
 1663,472      13            211,017 
 1663,472      13            214,471 
 1663,472      13            217,323 
 1663,472      13            220 
 1663,472      13            222,318 
 1663,472      13            224,748 
 1663,472      13            227,437 
 1663,472      13            229,567 
 1663,472      13            231,649 
 1663,472      13            233,71 
 1663,472      13            236,575 
 1663,472      13            239,469 
 1663,472      13            242,275 
 1663,472      13            245,043 
 1663,472      13            247,192 
 1663,472      13            249,982 
 1647,113      13            252,162 
 1647,113      13            254,872 
 1647,113      13            257,288 
 1647,113      13            259,247 
 1647,113      13            261,314 
 1647,113      13            264,015 
 1647,113      13            266,147 
 1647,113      13            268,208 
 1647,113      13            270,3 
 1647,113      13            272,689 
 1647,113      13            275,369 
 1647,113      13            278,078 
 1647,113      13            280,357 
 1647,113      13            282,41 
 1647,113      13            284,602 
 1647,113      13            286,956 
 1647,113      13            289,019 
 1647,113      13            291,187 
 1647,113      13            293,367 
 1647,113      13            295,463 
 1647,113      13            297,612 
 1647,113      13            299,682 
 1647,113      13            302,193 
 1647,113      13            304,806 
 1647,113      13            307,532 
 1647,113      13            310,457 
 1647,113      13            312,58 
 1647,113      13            314,733 
 1646,826      13            317,229 
 1646,826      13            319,427 
 1646,826      13            321,982 
 1646,826      13            324,787 
 1646,826      13            326,781 
 1646,826      13            329,32 
 1604,851      13            331,377 
 1604,851      13            333,41 
 1595,844      13            335,577 
 1595,844      13            337,629 
 1595,844      13            340,138 
 1595,844      13            342,88 
 1595,844      13            345,15 
 1595,844      13            347,957 
 1590,939      13            350,727 
 1590,939      13            353,398 
 1590,939      13            356,04 
 1590,939      13            358,766 
 1590,939      13            361,505 
 1590,939      13            364,357 
 1590,939      13            368,545 
 1590,939      13            371,752 
 1590,939      13            373,832 
 1590,939      13            375,993 
 1590,939      13            378,562 
 1590,939      13            380,636 
 1590,939      13            382,782 
 1590,939      13            384,919 
 1590,939      13            387,066 
 1590,939      13            389,199 
 1590,939      13            391,372 
 1590,939      13            393,702 
 1590,939      13            395,879 
 1590,939      13            397,976 
 1590,939      13            400,898 
 1590,939      13            403,767 
 1590,939      13            406,728 
 1590,939      13            409,496 
 1590,939      13            412,38 
 1590,939      13            415,401 
 1590,939      13            418,21 
 1590,939      13            420,941 
 1590,939      13            423,77 
 1590,939      13            426,796 
 1590,939      13            429,647 
 1590,939      13            432,891 
 1590,939      13            435,956 
 1590,939      13            438,815 
 1590,939      13            441,594 
 1590,939      13            444,521 
 1590,939      13            447,281 
 1590,939      13            450,266 
 1590,939      13            453,113 
 1590,939      13            456,225 
 1590,939      13            459,267 
 1590,939      13            462,308 
 1590,939      13            465,311 
 1590,939      13            468,208 
 1590,939      13            471,263 
 1590,939      13            474,229 
 1590,939      13            477,162 
 1590,939      13            480,072 
 1590,939      13            483,38 
 1590,939      13            486,364 
 1590,939      13            489,301 
 1590,939      13            492,567 
 1590,939      13            495,441 
 1590,939      13            498,467 
 1590,939      13            501,349 
 1590,939      13            504,242 
 1590,939      13            507,173 
 1590,939      13            510,077 
 1590,939      13            513,138 
 1590,939      13            516,125 
 1590,939      13            518,97 
 1590,939      13            521,914 
 1590,939      13            524,922 
 1590,939      13            527,76 
 1590,939      13            530,6 
 1590,939      13            533,447 
 1590,939      13            536,331 
 1590,939      13            539,192 
 1590,939      13            542,147 
 1590,939      13            544,871 
 1590,939      13            547,738 
 1590,939      13            550,57 
 1590,939      13            553,479 
 1590,939      13            556,34 
 1590,939      13            559,184 
 1590,939      13            562,143 
 1590,939      13            564,924 
 1590,939      13            567,636 
 1590,939      13            570,643 
 1590,939      13            573,592 
 1590,939      13            576,327 
 1590,939      13            579,377 
 1590,939      13            582,225 
 1590,939      13            585,308 
 1590,939      13            588,369 
 1590,939      13            591,355 
 1590,939      13            594,06 
 1590,939      13            596,942 
 1590,939      13            599,876 
 1590,939      13            602,701 
 1590,939      13            605,698 
 1590,939      13            608,389 
 1590,939      13            611,359 
 1590,939      13            614,263 
 1590,939      13            616,926 
 1590,939      13            619,723 
 1590,939      13            622,647 
 1590,939      13            625,433 
 1590,939      13            628,152 
 1590,939      13            630,902 
 1590,939      13            633,747 
 1590,939      13            636,637 
 1590,939      13            639,482 
 1590,939      13            642,185 
 1590,939      13            645,288 
 1590,939      13            648,191 
 1590,939      13            650,983 
 1590,939      13            653,895 
 1590,939      13            656,867 
 1590,939      13            659,701 
 1590,939      13            662,515 
 1590,939      13            665,473 
 1590,939      13            668,35 
 1590,939      13            671,301 
 1590,939      13            674,217 
 1590,939      13            676,869 
 1590,939      13            679,774 
 1590,939      13            682,799 
 1590,939      13            685,741 
 1590,939      13            688,974 
 1590,939      13            691,881 
 1590,939      13            694,767 
 1590,939      13            697,48 
 1590,939      13            700,45 
 1590,939      13            703,411 
 1590,939      13            706,199 
 1590,939      13            708,931 
 1590,939      13            711,818 
 1590,939      13            714,673 
 1590,939      13            717,567 
 1590,939      13            720,364 
 1590,939      13            723,129 
 1590,939      13            725,866 
 1590,939      13            728,689 
 1590,939      13            731,577 
 1590,939      13            734,406 
 1590,939      13            737,076 
 1590,939      13            739,709 
 1590,939      13            742,346 
 1590,939      13            745,321 
 1590,939      13            747,987 
 1590,939      13            750,627 
 1590,939      13            753,271 
 1590,939      13            756,005 
 1590,939      13            758,798 
 1590,939      13            761,536 
 1590,939      13            764,056 
 1590,939      13            766,697 
 1590,939      13            769,429 
 1590,939      13            772,086 
 1590,939      13            774,816 
 1590,939      13            777,606 
 1590,939      13            780,255 
 1590,939      13            782,875 
 1590,939      13            785,643 
 1590,939      13            788,502 
 1590,939      13            791,15 
 1590,939      13            793,93 
 1590,939      13            796,665 
 1590,939      13            799,316 
 1590,939      13            801,834 
 1590,939      13            804,555 
 1590,939      13            807,302 
 1590,939      13            810,215 
 1590,939      13            812,935 
 1590,939      13            815,759 
 1590,939      13            818,373 
 1590,939      13            820,856 
 1590,939      13            823,509 
 1590,939      13            826,257 
 1590,939      13            828,805 
 1590,939      13            831,528 
 1590,939      13            834,068 
 1590,939      13            836,781 
 1590,939      13            839,542 
 1590,939      13            842,394 
 1590,939      13            845,159 
 1590,939      13            847,907 
 1590,939      13            850,555 
 1590,939      13            853,312 
 1590,939      13            855,99 
 1590,939      13            858,711 
 1590,939      13            861,166 
 1590,939      13            863,896 
 1590,939      13            866,509 
 1590,939      13            869,153 
 1590,939      13            871,792 
 1590,939      13            874,703 
 1590,939      13            877,191 
 1590,939      13            879,937 
 1590,939      13            882,614 
 1590,939      13            885,206 
 1590,939      13            887,857 
 1590,939      13            890,466 
 1590,939      13            893,17 
 1590,939      13            895,691 
 1590,939      13            898,417 
 1590,939      13            901,031 
 1590,939      13            903,627 
 1590,939      13            906,331 
 1590,939      13            908,941 
 1590,939      13            911,473 
 1590,939      13            914,147 
 1590,939      13            917 
 1590,939      13            919,675 
 1590,939      13            922,331 
 1590,939      13            924,739 
 1590,939      13            927,405 
 1590,939      13            929,849 
 1590,939      13            932,373 
 1590,939      13            935,099 
 1590,939      13            937,652 
 1590,939      13            940,201 
 1590,939      13            942,726 
 1590,939      13            945,36 
 1590,939      13            947,914 
 1590,939      13            950,36 
 1590,939      13            953,125 
 1590,939      13            955,648 
 1590,939      13            958,184 
 1590,939      13            960,762 
 1590,939      13            963,328 
 1590,939      13            965,883 
 1590,939      13            968,473 
 1590,939      13            971,306 
 1590,939      13            974,012 
 1590,939      13            976,585 
 1590,939      13            979,206 
 1590,939      13            981,728 
 1590,939      13            984,269 
 1590,939      13            986,852 
 1590,939      13            989,494 
 1590,939      13            992,287 
 1590,939      13            995,004 
 1590,939      13            997,575 
 1590,939      13            1000,175 
 1590,939      13            1002,714 
 1590,939      13            1005,27 
 1590,939      13            1007,904 
 1590,939      13            1010,562 
 1590,939      13            1013,224 
 1590,939      13            1015,774 
 1590,939      13            1018,455 
 1590,939      13            1021,101 
 1590,939      13            1023,644 
 1590,939      13            1026,322 
 1590,939      13            1028,832 
 1590,939      13            1031,517 
 1590,939      13            1034,267 
 1590,939      13            1036,946 
 1590,939      13            1039,49 
 1590,939      13            1042,004 
 1590,939      13            1044,632 
 1590,939      13            1047,074 
 1590,939      13            1049,712 
 1590,939      13            1052,378 
 1590,939      13            1055,061 
 1590,939      13            1057,666 
 1590,939      13            1060,083 
 1590,939      13            1062,749 
 1590,939      13            1065,284 
 1590,939      13            1066,172 
 1590,939      13            1066,917 
 1590,939      13            1067,621 
 1590,939      13            1068,284 
 1590,939      13            1068,934 
 1590,939      13            1069,628 
 1590,939      13            1070,317 
 1590,939      13            1071,049 
 1590,939      13            1071,708 
 1590,939      13            1072,418 
 1590,939      13            1073,121 
 1590,939      13            1073,83 
 1590,939      13            1074,499 
 1590,939      13            1075,211 
 1590,939      13            1075,903 
 1590,939      13            1076,82 
 1590,939      13            1077,486 
 1590,939      13            1078,21 
 1590,939      13            1078,959 
 1590,939      13            1079,68 
 1590,939      13            1080,387 
 1590,939      13            1081,125 
 1590,939      13            1081,826 
 1590,939      13            1082,624 
 1590,939      13            1084,485 
 1590,939      13            1086,368 
 1590,939      13            1088,224 
 1590,939      13            1089,958 
 1590,939      13            1091,7 
 1590,939      13            1093,533 
 1590,939      13            1095,381 
 1590,939      13            1097,1 
 1590,939      13            1098,833 
 1590,939      13            1100,595 
 1590,939      13            1102,47 
 1590,939      13            1104,119 
 1590,939      13            1106,065 
 1590,939      13            1107,804 
 1590,939      13            1109,746 
 1590,939      13            1110,412 
 1590,939      13            1111,084 
 1590,939      13            1111,755 
 1590,939      13            1112,432 
 1590,939      13            1113,135 
 1590,939      13            1113,835 
 1590,939      13            1114,499 
 1590,939      13            1115,161 
 1590,939      13            1115,836 
 1590,939      13            1116,53 
 1590,939      13            1117,198 
 1590,939      13            1117,822 
 1590,939      13            1118,538 
 1590,939      13            1119,202 
 1590,939      13            1119,865 
 1590,939      13            1120,535 
 1590,939      13            1121,214 
 1590,939      13            1122,305 
 1590,939      13            1123,701 
 1590,939      13            1125,09 
 1590,939      13            1127,856 
 1590,939      13            1130,451 
 1590,939      13            1133,815 
 1590,939      13            1136,489 
 1590,939      13            1139,305 
 1590,939      13            1141,978 
 1590,939      13            1144,71 
 1590,939      13            1147,364 
 1590,939      13            1150,167 
 1590,939      13            1152,948 
 1590,939      13            1155,907 
 1590,939      13            1158,637 
 1590,939      13            1161,411 
 1590,939      13            1164,195 
 1590,939      13            1166,654 
 1590,939      13            1169,382 
 1590,939      13            1171,893 
 1590,939      13            1174,5 
 1590,939      13            1177,311 
 1590,939      13            1179,974 
 1590,939      13            1182,634 
 1590,939      13            1185,36 
 1590,939      13            1188,62 
 1590,939      13            1191,277 
 1590,939      13            1194,043 
 1590,939      13            1196,719 
 1590,939      13            1199,46 
 1590,939      13            1202,208 
 1590,939      13            1204,791 
 1590,939      13            1207,381 
 1590,939      13            1210,013 
 1590,939      13            1212,881 
 1590,939      13            1215,506 
 1590,939      13            1218,294 
 1590,939      13            1222,1 
 1590,939      13            1224,277 
 1590,939      13            1226,418 
 1590,939      13            1228,557 
 1590,939      13            1230,711 
 1590,939      13            1232,995 
 1590,939      13            1235,298 
 1590,939      13            1237,633 
 1590,939      13            1239,884 
 1590,939      13            1242,163 
 1590,939      13            1244,589 
 1590,939      13            1247,121 
 1590,939      13            1249,494 
 1590,939      13            1251,86 
 1590,939      13            1254,939 
 1590,939      13            1257,23 
 1590,939      13            1259,679 
 1590,939      13            1261,962 
 1590,939      13            1264,244 
 1590,939      13            1266,682 
 1590,939      13            1269,03 
 1590,939      13            1271,423 
 1590,939      13            1273,971 
 1590,939      13            1276,431 
 1590,939      13            1278,982 
 1590,939      13            1281,749 
 1590,939      13            1284,384 
 1590,939      13            1286,913 
 1590,939      13            1289,494 
 1590,939      13            1292,063 
 1590,939      13            1294,697 
 1590,939      13            1297,336 
 1590,939      13            1299,993 
 1590,939      13            1302,5 
 1590,939      13            1305,176 
 1590,939      13            1307,951 
 1590,939      13            1310,728 
 1590,939      13            1313,399 
 1590,939      13            1316,211 
 1590,939      13            1318,957 
 1590,939      13            1321,794 
 1590,939      13            1324,596 
 1590,939      13            1327,304 
 1590,939      13            1330,125 
 1590,939      13            1332,872 
 1590,939      13            1335,857 
 1590,939      13            1338,498 
 1590,939      13            1341,171 
 1590,939      13            1344,041 
 1590,939      13            1346,749 
 1590,939      13            1349,307 
 1590,939      13            1352,078 
 1590,939      13            1354,625 
 1590,939      13            1357,346 
 1590,939      13            1359,911 
 1590,939      13            1362,661 
 1590,939      13            1365,214 
 1590,939      13            1367,965 
 1590,939      13            1370,701 
 1590,939      13            1373,553 
 1590,939      13            1375,807 
 1590,939      13            1377,932 
 1590,939      13            1380,552 
 1590,939      13            1383,331 
 1590,939      13            1385,83 
 1590,939      13            1388,52 
 1590,939      13            1391,324 
 1590,939      13            1393,533 
 1590,939      13            1395,964 
 1590,939      13            1397,344 
 1590,939      13            1398,787 
 1590,939      13            1400,198 
 1590,939      13            1401,605 
 1590,939      13            1403,072 
 1590,939      13            1404,561 
 1590,939      13            1405,913 
 1590,939      13            1407,343 
 1590,939      13            1408,758 
 1590,939      13            1410,193 
 1590,939      13            1411,696 
 1590,939      13            1413,16 
 1590,939      13            1414,568 
 1590,939      13            1415,952 
 1590,939      13            1417,48 
 1590,939      13            1418,893 
 1590,939      13            1420,33 
 1590,939      13            1421,82 
 1590,939      13            1423,302 
 1590,939      13            1424,794 
 1590,939      13            1426,484 
 1590,939      13            1428,191 
 1590,939      13            1429,894 
 1590,939      13            1431,624 
 1590,939      13            1433,586 
 1590,939      13            1435,446 
 1590,939      13            1437,048 
 1590,939      13            1438,766 
 1590,939      13            1440,559 
 1590,939      13            1442,528 
 1590,939      13            1444,449 
 1590,939      13            1446,308 
 1590,939      13            1448,201 
 1590,939      13            1449,739 
 1590,939      13            1451,562 
 1590,939      13            1453,393 
 1590,939      13            1455,134 
 1590,939      13            1456,757 
 1590,939      13            1458,442 
 1590,939      13            1460,18 
 1590,939      13            1462,045 
 1590,939      13            1463,798 
 1590,939      13            1465,729 
 1590,939      13            1467,603 
 1590,939      13            1469,385 
 1590,939      13            1471,236 
 1590,939      13            1473,006 
 1590,939      13            1474,931 
 1590,939      13            1476,607 
 1590,939      13            1478,455 
 1590,939      13            1480,307 
 1590,939      13            1482,076 
 1590,939      13            1484,097 
 1590,939      13            1485,823 
 1590,939      13            1487,518 
 1590,939      13            1489,482 
 1590,939      13            1491,211 
 1590,939      13            1492,727 
 1590,939      13            1494,46 
 1590,939      13            1496,099 
 1590,939      13            1497,856 
 1590,939      13            1499,634 
 1590,939      13            1501,459 
 1590,939      13            1503,32 
 1590,939      13            1505,237 
 1590,939      13            1507,115 
 1590,939      13            1508,815 
 1590,939      13            1510,788 
 1590,939      13            1512,525 
 1590,939      13            1514,317 
 1590,939      13            1515,996 
 1590,939      13            1517,812 
 1590,939      13            1519,476 
 1590,939      13            1520,996 
 1590,939      13            1522,501 
 1590,939      13            1524,321 
 1590,939      13            1526,065 
 1590,939      13            1527,96 
 1590,939      13            1529,619 
 1590,939      13            1531,419 
 1590,939      13            1533,576 
 1590,939      13            1535,496 
 1590,939      13            1537,269 
 1590,939      13            1539,044 
 1590,939      13            1540,667 
 1590,939      13            1542,44 
 1590,939      13            1544,256 
 1590,939      13            1546,054 
 1590,939      13            1547,844 
 1590,939      13            1549,535 
 1590,939      13            1551,474 
 1590,939      13            1553,286 
 1590,939      13            1555,112 
 1590,939      13            1556,899 
 1590,939      13            1558,698 
 1590,939      13            1560,724 
 1590,939      13            1562,756 
 1590,939      13            1564,711 
 1590,939      13            1566,589 
 1590,939      13            1568,59 
 1590,939      13            1570,384 
 1590,939      13            1572,103 
 1590,939      13            1573,975 
 1590,939      13            1575,851 
 1590,939      13            1577,727 
 1590,939      13            1579,625 
 1590,939      13            1581,361 
 1590,939      13            1583,159 
 1590,939      13            1584,909 
 1590,939      13            1586,805 
 1590,939      13            1588,719 
 1590,939      13            1590,556 
 1590,939      13            1592,355 
 1590,939      13            1594,139 
 1590,939      13            1595,995 
 1590,939      13            1597,763 
 1590,939      13            1599,653 
 1590,939      13            1601,779 
 1590,939      13            1603,611 
 1590,939      13            1605,5 
 1590,939      13            1607,427 
 1590,939      13            1609,379 
 1590,939      13            1611,314 
 1590,939      13            1613,075 
 1590,939      13            1615,008 
 1590,939      13            1616,826 
 1590,939      13            1618,773 
 1590,939      13            1620,632 
 1590,939      13            1622,509 
 1590,939      13            1624,339 
 1590,939      13            1626,307 
 1590,939      13            1628,405 
 1590,939      13            1630,365 
 1590,939      13            1632,176 
 1590,939      13            1633,912 
 1590,939      13            1635,684 
 1590,939      13            1637,459 
 1590,939      13            1639,264 
 1590,939      13            1641,299 
 1590,939      13            1643,25 
 1590,939      13            1645,109 
 1590,939      13            1646,986 
 1590,939      13            1648,805 
 1590,939      13            1650,711 
 1590,939      13            1652,916 
 1590,939      13            1654,788 
 1590,939      13            1656,625 
 1590,939      13            1658,48 
 1590,939      13            1660,509 
 1590,939      13            1662,352 
 1590,939      13            1664,087 
 1590,939      13            1665,875 
 1590,939      13            1667,625 
 1590,939      13            1669,37 
 1590,939      13            1671,121 
 1590,939      13            1672,99 
 1590,939      13            1674,657 
 1590,939      13            1676,575 
 1590,939      13            1678,461 
 1590,939      13            1680,266 
 1590,939      13            1682,072 
 1590,939      13            1683,769 
 1590,939      13            1685,634 
 1590,939      13            1687,62 
 1590,939      13            1689,532 
 1590,939      13            1691,466 
 1590,939      13            1693,432 
 1590,939      13            1695,262 
 1590,939      13            1697,048 
 1590,939      13            1699,006 
 1590,939      13            1700,796 
 1590,939      13            1702,73 
 1590,939      13            1704,626 
 1590,939      13            1706,625 
 1590,939      13            1708,49 
 1590,939      13            1710,429 
 1590,939      13            1712,696 
 1590,939      13            1713,708 
 1590,939      13            1714,666 
 1590,939      13            1715,448 
 1590,939      13            1716,115 
 1590,939      13            1716,814 
 1590,939      13            1717,517 
 1590,939      13            1718,219 
 1590,939      13            1718,933 
 1590,939      13            1719,707 
 1590,939      13            1720,697 
 1590,939      13            1721,43 
 1590,939      13            1722,142 
 1590,939      13            1723,191 
 1590,939      13            1723,948 
 1590,939      13            1724,649 
 1590,939      13            1725,346 
 1590,939      13            1726,053 
 1590,939      13            1726,719 
 1590,939      13            1727,48 
 1590,939      13            1728,199 
 1590,939      13            1728,883 
 1590,939      13            1729,537 
 1590,939      13            1730,24 
 1590,939      13            1730,922 
 1590,939      13            1731,585 
 1590,939      13            1732,273 
 1590,939      13            1732,909 
 1590,939      13            1733,614 
 1590,939      13            1734,299 
 1590,939      13            1734,934 
 1590,939      13            1735,57 
 1590,939      13            1736,244 
 1590,939      13            1736,904 
 1590,939      13            1737,539 
 1590,939      13            1738,177 
 1590,939      13            1738,826 
 1590,939      13            1739,472 
 1590,939      13            1740,109 
 1590,939      13            1740,758 
 1590,939      13            1741,448 
 1590,939      13            1742,132 
 1590,939      13            1742,806 
 1590,939      13            1743,519 
 1590,939      13            1744,154 
 1590,939      13            1744,798 
 1590,939      13            1745,467 
 1590,939      13            1746,091 
 1590,939      13            1746,75 
 1590,939      13            1747,428 
 1590,939      13            1748,08 
 1590,939      13            1748,808 
 1590,939      13            1749,459 
 1590,939      13            1750,133 
 1590,939      13            1750,833 
 1590,939      13            1751,468 
 1590,939      13            1752,128 
 1590,939      13            1752,815 
 1590,939      13            1753,468 
 1590,939      13            1754,132 
 1590,939      13            1754,823 
 1590,939      13            1755,503 
 1590,939      13            1756,205 
 1590,939      13            1756,898 
 1590,939      13            1757,611 
 1590,939      13            1758,366 
 1590,939      13            1759,214 
 1590,939      13            1760,025 
 1590,939      13            1760,758 
 1590,939      13            1761,519 
 1590,939      13            1762,302 
 1590,939      13            1763,061 
 1590,939      13            1763,826 
 1590,939      13            1764,891 
 1590,939      13            1765,622 
 1590,939      13            1766,443 
 1590,939      13            1767,172 
 1590,939      13            1768,051 
 1590,939      13            1768,923 
 1590,939      13            1769,726 
 1590,939      13            1770,516 
 1590,939      13            1771,246 
 1590,939      13            1772,318 
 1590,939      13            1773,02 
 1590,939      13            1773,728 
 1590,939      13            1774,475 
 1590,939      13            1775,171 
 1590,939      13            1775,846 
 1590,939      13            1776,554 
 1590,939      13            1777,275 
 1590,939      13            1778,033 
 1590,939      13            1778,748 
 1590,939      13            1779,42 
 1590,939      13            1780,107 
 1590,939      13            1780,814 
 1590,939      13            1781,527 
 1590,939      13            1782,228 
 1590,939      13            1782,924 
 1590,939      13            1783,634 
 1590,939      13            1784,37 
 1590,939      13            1785,138 
 1590,939      13            1785,845 
 1590,939      13            1786,525 
 1590,939      13            1787,241 
 1590,939      13            1787,987 
 1590,939      13            1788,693 
 1590,939      13            1790,004 
 1590,939      13            1791,393 
 1590,939      13            1792,916 
 1590,939      13            1794,374 
 1590,939      13            1795,868 
 1590,939      13            1797,284 
 1590,939      13            1798,753 
 1590,939      13            1800,222 
 1590,939      13            1801,743 
 1590,939      13            1803,24 
 1590,939      13            1804,725 
 1590,939      13            1806,235 
 1590,939      13            1807,865 
 1590,939      13            1809,45 
 1590,939      13            1811,089 
 1590,939      13            1812,634 
 1590,939      13            1814,183 
 1590,939      13            1815,903 
 1590,939      13            1817,47 
 1590,939      13            1819,145 
 1590,939      13            1820,857 
 1590,939      13            1822,466 
 1590,939      13            1824,083 
 1590,939      13            1825,787 
 1590,939      13            1827,537 
 1590,939      13            1829,325 
 1590,939      13            1831,103 
 1590,939      13            1832,958 
 1590,939      13            1834,774 
 1590,939      13            1836,709 
 1590,939      13            1838,596 
 1590,939      13            1840,403 
 1590,939      13            1842,372 
 1590,939      13            1844,424 
 1590,939      13            1846,255 
 1590,939      13            1848,143 
 1590,939      13            1849,932 
 1590,939      13            1851,831 
 1590,939      13            1853,701 
 1590,939      13            1855,456 
 1590,939      13            1857,313 
 1590,939      13            1859,298 
 1590,939      13            1861,214 
 1590,939      13            1863,113 
 1590,939      13            1864,773 
 1590,939      13            1866,576 
 1590,939      13            1868,203 
 1585,985      13            1869,905 
 1585,985      13            1871,949 
 1585,985      13            1873,873 
 1585,985      13            1875,705 
 1585,985      13            1877,485 
 1585,985      13            1879,402 
 1585,985      13            1881,224 
 1585,985      13            1883,132 
 1585,985      13            1885,083 
 1585,985      13            1887,072 
 1585,985      13            1889,058 
 1585,985      13            1890,993 
 1585,985      13            1892,957 
 1585,985      13            1894,769 
 1585,985      13            1896,621 
 1585,985      13            1898,498 
 1585,985      13            1900,334 
 1585,985      13            1902,116 
 1585,985      13            1903,943 
 1585,985      13            1905,769 
 1585,985      13            1907,637 
 1585,985      13            1909,586 
 1585,985      13            1911,883 
 1585,985      13            1913,619 
 1585,985      13            1915,494 
 1585,985      13            1917,404 
 1585,985      13            1919,211 
 1585,985      13            1920,926 
 1585,985      13            1922,712 
 1585,985      13            1924,581 
 1585,985      13            1926,375 
 1585,985      13            1928,173 
 1585,985      13            1930,046 
 1585,985      13            1931,82 
 1585,985      13            1933,669 
 1585,985      13            1935,433 
 1585,985      13            1937,307 
 1585,985      13            1939,024 
 1585,985      13            1940,802 
 1585,985      13            1942,736 
 1585,985      13            1944,649 
 1585,985      13            1946,493 
 1585,985      13            1948,297 
 1585,985      13            1950,132 
 1585,985      13            1951,875 
 1585,985      13            1953,65 
 1585,985      13            1955,434 
 1585,985      13            1957,229 
 1585,985      13            1959,048 
 1585,985      13            1960,903 
 1585,985      13            1962,769 
 1585,985      13            1964,625 
 1585,985      13            1966,325 
 1585,985      13            1968,171 
 1585,985      13            1969,874 
 1585,985      13            1971,731 
 1585,985      13            1973,398 
 1585,985      13            1975,161 
 1585,985      13            1976,922 
 1585,985      13            1978,666 
 1585,985      13            1980,398 
 1585,985      13            1982,201 
 1585,985      13            1983,952 
 1585,985      13            1985,635 
 1585,985      13            1987,438 
 1585,985      13            1989,009 
 1585,985      13            1990,745 
 1585,985      13            1992,445 
 1585,985      13            1994,257 
 1585,985      13            1996,064 
 1585,985      13            1997,738 
 1585,985      13            1999,411 
 1585,985      13            2001,315 
 1585,985      13            2003,216 
 1585,985      13            2005,068 
 1585,985      13            2006,786 
 1585,985      13            2008,762 
 1585,985      13            2010,53 
 1585,985      13            2012,287 
 1585,985      13            2014,198 
 1585,985      13            2016,128 
 1585,985      13            2017,958 
 1585,985      13            2019,823 
 1585,985      13            2021,668 
 1585,985      13            2023,45 
 1585,985      13            2025,256 
 1585,985      13            2027,037 
 1585,985      13            2028,889 
 1585,985      13            2030,584 
 1585,985      13            2032,292 
 1585,985      13            2034,074 
 1585,985      13            2035,907 
 1585,985      13            2037,825 
 1585,985      13            2039,545 
 1585,985      13            2041,322 
 1585,985      13            2043,137 
 1585,985      13            2044,815 
 1585,985      13            2046,594 
 1585,985      13            2048,537 
 1585,985      13            2050,239 
 1585,985      13            2051,974 
 1585,985      13            2053,681 
 1585,985      13            2055,503 
 1585,985      13            2057,213 
 1585,985      13            2058,99 
 1585,985      13            2060,775 
 1585,985      13            2062,567 
 1585,985      13            2064,351 
 1585,985      13            2066,05 
 1585,985      13            2067,8 
 1585,985      13            2069,655 
 1585,985      13            2071,347 
 1585,985      13            2073,113 
 1585,985      13            2074,876 
 1585,985      13            2076,791 
 1585,985      13            2078,69 
 1585,985      13            2080,467 
 1585,985      13            2082,166 
 1585,985      13            2083,878 
 1585,985      13            2085,583 
 1585,985      13            2087,313 
 1585,985      13            2089,213 
 1585,985      13            2091,01 
 1585,985      13            2092,938 
 1585,985      13            2095,001 
 1585,985      13            2096,974 
 1585,985      13            2098,831 
 1585,985      13            2100,82 
 1585,985      13            2102,719 
 1585,985      13            2104,34 
 1585,985      13            2106,153 
 1585,985      13            2107,913 
 1585,985      13            2109,831 
 1585,985      13            2111,757 
 1585,985      13            2113,423 
 1585,985      13            2115,246 
 1585,985      13            2117,157 
 1585,985      13            2118,978 
 1585,985      13            2120,782 
 1585,985      13            2122,514 
 1585,985      13            2124,269 
 1585,985      13            2126,068 
 1585,985      13            2127,932 
 1585,985      13            2129,715 
 1585,985      13            2131,517 
 1585,985      13            2133,309 
 1585,985      13            2135,048 
 1585,985      13            2136,8 
 1585,985      13            2138,461 
 1585,985      13            2140,349 
 1585,985      13            2142,202 
 1585,985      13            2143,893 
 1585,985      13            2145,831 
 1585,985      13            2147,769 
 1585,985      13            2149,538 
 1585,985      13            2151,512 
 1585,985      13            2153,347 
 1585,985      13            2155,076 
 1585,985      13            2156,851 
 1585,985      13            2158,668 
 1585,985      13            2160,518 
 1585,985      13            2162,3 
 1585,985      13            2164,244 
 1585,985      13            2166,106 
 1585,985      13            2167,836 
 1585,985      13            2169,86 
 1585,985      13            2171,682 
 1585,985      13            2173,115 
 1585,985      13            2174,586 
 1585,985      13            2176,021 
 1585,985      13            2177,585 
 1585,985      13            2178,97 
 1585,985      13            2180,485 
 1585,985      13            2182,11 
 1585,985      13            2184,788 
 1585,985      13            2186,425 
 1585,985      13            2188,092 
 1585,985      13            2189,692 
 1585,985      13            2191,519 
 1585,985      13            2193,255 
 1585,985      13            2194,693 
 1585,985      13            2196,126 
 1585,985      13            2197,525 
 1585,985      13            2199,017 
 1585,985      13            2200,476 
 1585,985      13            2201,927 
 1585,985      13            2203,461 
 1585,985      13            2205,088 
 1585,985      13            2206,565 
 1585,985      13            2208,05 
 1585,985      13            2209,556 
 1585,985      13            2211,027 
 1585,985      13            2212,657 
 1585,985      13            2214,146 
 1585,985      13            2215,751 
 1585,985      13            2217,358 
 1585,985      13            2219,048 
 1585,985      13            2220,579 
 1585,985      13            2221,989 
 1585,985      13            2223,293 
 1585,985      13            2224,648 
 1585,985      13            2225,99 
 1585,985      13            2227,367 
 1585,985      13            2228,729 
 1585,985      13            2230,03 
 1585,985      13            2231,389 
 1585,985      13            2232,8 
 1585,985      13            2234,175 
 1585,985      13            2235,637 
 1585,985      13            2237 
 1585,985      13            2238,251 
 1585,985      13            2239,579 
 1585,985      13            2240,936 
 1585,985      13            2242,233 
 1585,985      13            2243,543 
 1585,985      13            2244,949 
 1585,985      13            2246,369 
 1585,985      13            2247,758 
 1585,985      13            2249,061 
 1585,985      13            2250,416 
 1585,985      13            2251,76 
 1585,985      13            2253,15 
 1585,985      13            2254,554 
 1585,985      13            2255,912 
 1585,985      13            2257,269 
 1585,985      13            2258,69 
 1585,985      13            2260,039 
 1585,985      13            2261,413 
 1585,985      13            2262,835 
 1585,985      13            2264,288 
 1585,985      13            2265,717 
 1585,985      13            2267,067 
 1585,985      13            2268,474 
 1585,985      13            2269,916 
 1585,985      13            2271,325 
 1585,985      13            2272,682 
 1585,985      13            2274,134 
 1585,985      13            2275,554 
 1585,985      13            2276,916 
 1585,985      13            2278,282 
 1585,985      13            2279,777 
 1585,985      13            2281,244 
 1585,985      13            2282,625 
 1585,985      13            2284,034 
 1585,985      13            2285,322 
 1585,985      13            2286,63 
 1585,985      13            2287,96 
 1585,985      13            2289,26 
 1585,985      13            2290,606 
 1585,985      13            2291,914 
 1585,985      13            2293,278 
 1585,985      13            2294,63 
 1585,985      13            2296,047 
 1585,985      13            2297,416 
 1585,985      13            2298,773 
 1585,985      13            2300,115 
 1585,985      13            2301,498 
 1585,985      13            2302,796 
 1585,985      13            2304,148 
 1585,985      13            2305,514 
 1585,985      13            2306,92 
 1585,985      13            2308,304 
 1585,985      13            2309,615 
 1585,985      13            2311,046 
 1585,985      13            2312,452 
 1585,985      13            2313,889 
 1585,985      13            2315,233 
 1585,985      13            2316,648 
 1585,985      13            2318,115 
 1585,985      13            2319,514 
 1585,985      13            2320,909 
 1585,985      13            2322,298 
 1585,985      13            2323,751 
 1585,985      13            2325,186 
 1585,985      13            2326,621 
 1585,985      13            2328,099 
 1585,985      13            2329,492 
 1585,985      13            2330,996 
 1585,985      13            2332,492 
 1585,985      13            2334,001 
 1585,985      13            2335,563 
 1585,985      13            2337,13 
 1585,985      13            2338,708 
 1585,985      13            2340,34 
 1585,985      13            2342,181 
 1585,985      13            2343,856 
 1585,985      13            2345,755 
 1585,985      13            2347,903 
 1585,985      13            2349,344 
 1585,985      13            2350,744 
 1585,985      13            2352,114 
 1585,985      13            2353,467 
 1585,985      13            2354,807 
 1585,985      13            2356,233 
 1585,985      13            2357,483 
 1585,985      13            2358,829 
 1585,985      13            2360,126 
 1585,985      13            2361,494 
 1585,985      13            2362,849 
 1585,985      13            2364,179 
 1585,985      13            2365,496 
 1585,985      13            2366,967 
 1585,985      13            2368,278 
 1585,985      13            2369,567 
 1585,985      13            2370,974 
 1585,985      13            2372,478 
 1585,985      13            2373,898 
 1585,985      13            2375,295 
 1585,985      13            2376,541 
 1585,985      13            2377,894 
 1585,985      13            2379,333 
 1585,985      13            2380,838 
 1585,985      13            2382,25 
 1585,985      13            2383,617 
 1585,985      13            2385,025 
 1585,985      13            2386,394 
 1585,985      13            2387,738 
 1585,985      13            2389,099 
 1585,985      13            2390,445 
 1585,985      13            2391,804 
 1585,985      13            2393,219 
 1585,985      13            2394,682 
 1585,985      13            2396,001 
 1585,985      13            2397,42 
 1585,985      13            2398,822 
 1585,985      13            2400,24 
 1585,985      13            2401,59 
 1585,985      13            2402,958 
 1585,985      13            2404,356 
 1585,985      13            2405,795 
 1585,985      13            2407,195 
 1585,985      13            2408,655 
 1585,985      13            2410,028 
 1585,985      13            2411,456 
 1585,985      13            2412,796 
 1585,985      13            2414,17 
 1585,985      13            2415,525 
 1585,985      13            2416,932 
 1585,985      13            2418,251 
 1585,985      13            2419,548 
 1585,985      13            2420,902 
 1585,985      13            2422,253 
 1585,985      13            2423,726 
 1585,985      13            2425,047 
 1585,985      13            2426,512 
 1585,985      13            2427,874 
 1585,985      13            2429,177 
 1585,985      13            2430,537 
 1585,985      13            2431,817 
 1585,985      13            2433,179 
 1585,985      13            2434,552 
 1585,985      13            2435,907 
 1585,985      13            2437,251 
 1585,985      13            2438,635 
 1585,985      13            2439,987 
 1585,985      13            2441,345 
 1585,985      13            2442,642 
 1585,985      13            2443,945 
 1585,985      13            2445,293 
 1585,985      13            2446,717 
 1585,985      13            2448,128 
 1585,985      13            2449,608 
 1585,985      13            2450,954 
 1585,985      13            2452,389 
 1585,985      13            2453,74 
 1585,985      13            2455,028 
 1585,985      13            2456,38 
 1585,985      13            2457,851 
 1585,985      13            2459,206 
 1585,985      13            2460,561 
 1585,985      13            2461,849 
 1585,985      13            2463,231 
 1585,985      13            2464,744 
 1585,985      13            2466,186 
 1585,985      13            2467,472 
 1585,985      13            2468,903 
 1585,985      13            2470,36 
 1585,985      13            2471,764 
 1585,985      13            2473,133 
 1585,985      13            2474,539 
 1585,985      13            2475,907 
 1585,985      13            2477,259 
 1585,985      13            2478,692 
 1585,985      13            2480,036 
 1585,985      13            2481,407 
 1585,985      13            2482,753 
 1585,985      13            2484,179 
 1585,985      13            2485,604 
 1585,985      13            2486,918 
 1585,985      13            2488,317 
 1585,985      13            2489,628 
 1585,985      13            2491,043 
 1585,985      13            2492,391 
 1585,985      13            2493,809 
 1585,985      13            2495,128 
 1585,985      13            2496,483 
 1585,985      13            2497,835 
 1585,985      13            2499,157 
 1585,985      13            2500,521 
 1585,985      13            2501,929 
 1585,985      13            2503,358 
 1585,985      13            2504,731 
 1585,985      13            2506,202 
 1585,985      13            2507,575 
 1585,985      13            2509,032 
 1585,985      13            2510,374 
 1585,985      13            2511,692 
 1585,985      13            2513,101 
 1585,985      13            2514,508 
 1585,985      13            2515,862 
 1585,985      13            2517,213 
 1585,985      13            2518,597 
 1585,985      13            2520,079 
 1585,985      13            2521,418 
 1585,985      13            2522,96 
 1585,985      13            2524,34 
 1585,985      13            2525,623 
 1585,985      13            2526,981 
 1585,985      13            2528,268 
 1585,985      13            2529,695 
 1585,985      13            2530,994 
 1585,985      13            2532,445 
 1585,985      13            2533,885 
 1585,985      13            2535,13 
 1585,985      13            2536,471 
 1585,985      13            2537,896 
 1585,985      13            2539,315 
 1585,985      13            2540,664 
 1585,985      13            2542,023 
 1585,985      13            2543,369 
 1585,985      13            2544,615 
 1585,985      13            2545,943 
 1585,985      13            2547,297 
 1585,985      13            2548,682 
 1585,985      13            2550,032 
 1585,985      13            2551,427 
 1585,985      13            2552,791 
 1585,985      13            2554,179 
 1585,985      13            2555,537 
 1585,985      13            2556,903 
 1585,985      13            2558,317 
 1585,985      13            2559,719 
 1585,985      13            2561,048 
 1585,985      13            2562,423 
 1585,985      13            2563,858 
 1585,985      13            2565,211 
 1585,985      13            2566,624 
 1585,985      13            2567,945 
 1585,985      13            2569,364 
 1585,985      13            2570,729 
 1585,985      13            2572,092 
 1585,985      13            2573,403 
 1585,985      13            2574,798 
 1585,985      13            2576,15 
 1585,985      13            2577,443 
 1585,985      13            2578,809 
 1585,985      13            2580,166 
 1585,985      13            2581,585 
 1585,985      13            2583,043 
 1585,985      13            2584,461 
 1585,985      13            2585,76 
 1585,985      13            2587,11 
 1585,985      13            2588,494 
 1585,985      13            2589,952 
 1585,985      13            2591,302 
 1585,985      13            2592,655 
 1585,985      13            2593,98 
 1585,985      13            2595,392 
 1585,985      13            2596,733 
 1585,985      13            2598,162 
 1585,985      13            2599,552 
 1585,985      13            2600,927 
 1585,985      13            2602,289 
 1585,985      13            2603,621 
 1585,985      13            2604,934 
 1585,985      13            2606,266 
 1585,985      13            2607,576 
 1585,985      13            2608,972 
 1585,985      13            2610,277 
 1585,985      13            2611,625 
 1585,985      13            2612,967 
 1585,985      13            2614,318 
 1585,985      13            2615,738 
 1585,985      13            2617,086 
 1585,985      13            2618,396 
 1585,985      13            2619,782 
 1585,985      13            2621,075 
 1585,985      13            2622,418 
 1585,985      13            2623,729 
 1585,985      13            2625,07 
 1585,985      13            2626,431 
 1585,985      13            2627,74 
 1585,985      13            2629,106 
 1585,985      13            2630,443 
 1585,985      13            2631,86 
 1585,985      13            2633,195 
 1585,985      13            2634,454 
 1585,985      13            2635,802 
 1585,985      13            2637,168 
 1585,985      13            2638,532 
 1585,985      13            2640,014 
 1585,985      13            2641,432 
 1585,985      13            2642,84 
 1585,985      13            2644,146 
 1585,985      13            2645,492 
 1585,985      13            2646,796 
 1585,985      13            2648,152 
 1585,985      13            2649,554 
 1585,985      13            2650,949 
 1585,985      13            2652,394 
 1585,985      13            2653,802 
 1585,985      13            2655,175 
 1585,985      13            2656,644 
 1585,985      13            2658,012 
 1585,985      13            2659,441 
 1585,985      13            2660,851 
 1585,985      13            2662,222 
 1585,985      13            2663,635 
 1585,985      13            2664,98 
 1585,985      13            2666,36 
 1585,985      13            2667,704 
 1585,985      13            2669,065 
 1585,985      13            2670,42 
 1585,985      13            2671,769 
 1585,985      13            2673,139 
 1585,985      13            2674,443 
 1585,985      13            2675,918 
 1585,985      13            2677,338 
 1585,985      13            2678,71 
 1585,985      13            2680,03 
 1585,985      13            2681,374 
 1585,985      13            2682,69 
 1585,985      13            2684,103 
 1585,985      13            2685,456 
 1585,985      13            2686,768 
 1585,985      13            2688,182 
 1585,985      13            2689,512 
 1585,985      13            2690,825 
 1585,985      13            2692,237 
 1585,985      13            2693,538 
 1585,985      13            2694,869 
 1585,985      13            2696,175 
 1585,985      13            2697,588 
 1585,985      13            2699,019 
 1585,985      13            2700,414 
 1585,985      13            2701,717 
 1585,985      13            2703,148 
 1585,985      13            2704,548 
 1585,985      13            2705,838 
 1585,985      13            2707,179 
 1585,985      13            2708,492 
 1585,985      13            2709,869 
 1585,985      13            2711,287 
 1585,985      13            2712,642 
 1585,985      13            2714,039 
 1585,985      13            2715,422 
 1585,985      13            2716,777 
 1585,985      13            2718,141 
 1585,985      13            2719,432 
 1585,985      13            2720,894 
 1585,985      13            2722,133 
 1585,985      13            2723,494 
 1585,985      13            2724,831 
 1585,985      13            2726,188 
 1585,985      13            2727,606 
 1585,985      13            2728,963 
 1585,985      13            2730,277 
 1585,985      13            2731,697 
 1585,985      13            2733,103 
 1585,985      13            2734,476 
 1585,985      13            2735,82 
 1585,985      13            2737,128 
 1585,985      13            2738,507 
 1585,985      13            2739,905 
 1585,985      13            2741,346 
 1585,985      13            2742,699 
 1585,985      13            2744,032 
 1585,985      13            2745,434 
 1585,985      13            2746,856 
 1585,985      13            2748,268 
 1585,985      13            2749,682 
 1585,985      13            2750,992 
 1585,985      13            2752,338 
 1585,985      13            2753,735 
 1585,985      13            2755,097 
 1585,985      13            2756,521 
 1585,985      13            2757,931 
 1585,985      13            2759,231 
 1585,985      13            2760,635 
 1585,985      13            2761,983 
 1585,985      13            2763,296 
 1585,985      13            2764,648 
 1585,985      13            2766,052 
 1585,985      13            2767,338 
 1585,985      13            2768,715 
 1585,985      13            2770,037 
 1585,985      13            2771,438 
 1585,985      13            2772,791 
 1585,985      13            2774,173 
 1585,985      13            2775,47 
 1585,985      13            2776,846 
 1585,985      13            2778,192 
 1585,985      13            2779,61 
 1585,985      13            2780,98 
 1585,985      13            2782,331 
 1585,985      13            2783,795 
 1585,985      13            2785,11 
 1585,985      13            2786,512 
 1585,985      13            2787,88 
 1585,985      13            2789,249 
 1585,985      13            2790,664 
 1585,985      13            2792,072 
 1585,985      13            2793,385 
 1585,985      13            2794,742 
 1585,985      13            2796,092 
 1585,985      13            2797,454 
 1585,985      13            2798,817 
 1585,985      13            2800,201 
 1585,985      13            2801,554 
 1585,985      13            2802,903 
 1585,985      13            2804,34 
 1585,985      13            2805,699 
 1585,985      13            2807,007 
 1585,985      13            2808,36 
 1585,985      13            2809,815 
 1585,985      13            2811,179 
 1585,985      13            2812,53 
 1585,985      13            2813,825 
 1585,985      13            2815,125 
 1585,985      13            2816,47 
 1585,985      13            2817,896 
 1585,985      13            2819,282 
 1585,985      13            2820,663 
 1585,985      13            2822,043 
 1585,985      13            2823,509 
 1585,985      13            2824,804 
 1585,985      13            2826,125 
 1585,985      13            2827,541 
 1585,985      13            2828,88 
 1585,985      13            2830,268 
 1585,985      13            2831,541 
 1585,985      13            2832,921 
 1585,985      13            2834,375 
 1585,985      13            2835,769 
 1585,985      13            2837,275 
 1585,985      13            2838,657 
 1585,985      13            2840,123 
 1585,985      13            2841,476 
 1585,985      13            2842,86 
 1585,985      13            2844,199 
 1585,985      13            2845,579 
 1585,985      13            2846,922 
 1585,985      13            2848,235 
 1585,985      13            2849,664 
 1585,985      13            2851,014 
 1585,985      13            2852,427 
 1585,985      13            2853,773 
 1585,985      13            2855,204 
 1585,985      13            2856,617 
 1585,985      13            2857,994 
 1585,985      13            2859,32 
 1585,985      13            2860,648 
 1585,985      13            2862,028 
 1585,985      13            2863,483 
 1585,985      13            2864,875 
 1585,985      13            2866,311 
 1585,985      13            2867,724 
 1585,985      13            2869,173 
 1585,985      13            2870,577 
 1585,985      13            2871,867 
 1585,985      13            2873,162 
 1585,985      13            2874,53 
 1585,985      13            2875,916 
 1585,985      13            2877,278 
 1585,985      13            2878,648 
 1585,985      13            2880,059 
 1585,985      13            2881,474 
 1585,985      13            2882,876 
 1585,985      13            2884,331 
 1585,985      13            2885,701 
 1585,985      13            2887,161 
 1585,985      13            2888,517 
 1585,985      13            2889,863 
 1585,985      13            2891,224 
 1585,985      13            2892,615 
 1585,985      13            2894,028 
 1585,985      13            2895,398 
 1585,985      13            2896,791 
 1585,985      13            2898,237 
 1585,985      13            2899,684 
 1585,985      13            2900,992 
 1585,985      13            2902,342 
 1585,985      13            2903,7 
 1585,985      13            2905,139 
 1585,985      13            2906,597 
 1585,985      13            2907,972 
 1585,985      13            2909,376 
 1585,985      13            2910,758 
 1585,985      13            2912,146 
 1585,985      13            2913,472 
 1585,985      13            2914,994 
 1585,985      13            2916,316 
 1585,985      13            2917,715 
 1585,985      13            2919,036 
 1585,985      13            2920,354 
 1585,985      13            2921,753 
 1585,985      13            2923,166 
 1585,985      13            2924,568 
 1585,985      13            2925,936 
 1585,985      13            2927,356 
 1585,985      13            2928,766 
 1585,985      13            2930,192 
 1585,985      13            2931,528 
 1585,985      13            2932,82 
 1585,985      13            2934,182 
 1585,985      13            2935,606 
 1585,985      13            2936,965 
 1585,985      13            2938,369 
 1585,985      13            2939,713 
 1585,985      13            2941,132 
 1585,985      13            2942,51 
 1585,985      13            2943,922 
 1585,985      13            2945,28 
 1585,985      13            2946,661 
 1585,985      13            2948,115 
 1585,985      13            2949,57 
 1585,985      13            2951 
 1585,985      13            2952,34 
 1585,985      13            2953,771 
 1585,985      13            2955,092 
 1585,985      13            2956,418 
 1585,985      13            2957,8 
 1585,985      13            2959,347 
 1585,985      13            2960,751 
 1585,985      13            2962,152 
 1585,985      13            2963,576 
 1585,985      13            2964,963 
 1585,985      13            2966,311 
 1585,985      13            2967,76 
 1585,985      13            2969,146 
 1585,985      13            2970,581 
 1585,985      13            2972,027 
 1585,985      13            2973,394 
 1585,985      13            2974,782 
 1585,985      13            2976,117 
 1585,985      13            2977,572 
 1585,985      13            2978,961 
 1585,985      13            2980,342 
 1585,985      13            2981,791 
 1585,985      13            2983,177 
 1585,985      13            2984,635 
 1585,985      13            2986,03 
 1585,985      13            2987,49 
 1585,985      13            2988,947 
 1585,985      13            2990,331 
 1585,985      13            2991,69 
 1585,985      13            2993,008 
 1585,985      13            2994,414 
 1585,985      13            2995,847 
 1585,985      13            2997,244 
 1585,985      13            2998,677 
 1585,985      13            3000,074 
 1585,985      13            3001,392 
 1585,985      13            3002,777 
 1585,985      13            3004,153 
 1585,985      13            3005,483 
 1585,985      13            3006,791 
 1585,985      13            3008,164 
 1585,985      13            3009,512 
 1585,985      13            3010,871 
 1585,985      13            3012,289 
 1585,985      13            3013,574 
 1585,985      13            3015,052 
 1585,985      13            3016,398 
 1585,985      13            3017,818 
 1585,985      13            3019,168 
 1585,985      13            3020,666 
 1585,985      13            3022,117 
 1585,985      13            3023,581 
 1585,985      13            3024,971 
 1585,985      13            3026,333 
 1585,985      13            3027,679 
 1585,985      13            3029,003 
 1585,985      13            3030,311 
 1585,985      13            3031,735 
 1585,985      13            3033,045 
 1585,985      13            3034,463 
 1585,985      13            3035,757 
 1585,985      13            3037,19 
 1585,985      13            3038,672 
 1585,985      13            3040,186 
 1585,985      13            3041,69 
 1585,985      13            3043,148 
 1585,985      13            3044,447 
 1585,985      13            3045,824 
 1585,985      13            3047,248 
 1585,985      13            3048,65 
 1585,985      13            3050,027 
 1585,985      13            3051,501 
 1585,985      13            3052,865 
 1585,985      13            3054,378 
 1585,985      13            3055,813 
 1585,985      13            3057,224 
 1585,985      13            3058,603 
 1585,985      13            3059,947 
 1585,985      13            3061,338 
 1585,985      13            3062,697 
 1585,985      13            3064,043 
 1585,985      13            3065,454 
 1585,985      13            3066,838 
 1585,985      13            3068,257 
 1585,985      13            3069,623 
 1585,985      13            3070,992 
 1585,985      13            3072,44 
 1585,985      13            3073,847 
 1585,985      13            3075,244 
 1585,985      13            3076,641 
 1585,985      13            3078,106 
 1585,985      13            3079,543 
 1585,985      13            3080,954 
 1585,985      13            3082,396 
 1585,985      13            3083,737 
 1585,985      13            3085,166 
 1585,985      13            3086,541 
 1585,985      13            3088,001 
 1585,985      13            3089,409 
 1585,985      13            3091,048 
 1585,985      13            3092,606 
 1585,985      13            3094,083 
 1585,985      13            3095,557 
 1585,985      13            3097,041 
 1585,985      13            3098,545 
 1585,985      13            3099,961 
 1585,985      13            3101,452 
 1585,985      13            3102,856 
 1585,985      13            3104,432 
 1585,985      13            3105,914 
 1585,985      13            3107,291 
 1585,985      13            3108,713 
 1585,985      13            3110,144 
 1585,985      13            3111,53 
 1585,985      13            3112,894 
 1585,985      13            3114,293 
 1585,985      13            3115,827 
 1585,985      13            3117,322 
 1585,985      13            3118,878 
 1585,985      13            3120,389 
 1585,985      13            3122,163 
 1585,985      13            3123,856 
 1585,985      13            3125,465 
 1585,985      13            3127,193 
 1585,985      13            3128,789 
 1585,985      13            3130,273 
 1585,985      13            3131,867 
 1585,985      13            3133,532 
 1585,985      13            3135,139 
 1585,985      13            3136,686 
 1585,985      13            3138,367 
 1585,985      13            3139,972 
 1585,985      13            3141,606 
 1585,985      13            3143,278 
 1585,985      13            3144,811 
 1585,985      13            3146,354 
 1585,985      13            3148,016 
 1585,985      13            3149,492 
 1585,985      13            3150,864 
 1585,985      13            3152,264 
 1585,985      13            3153,661 
 1585,985      13            3154,99 
 1585,985      13            3156,418 
 1585,985      13            3157,88 
 1585,985      13            3159,44 
 1585,985      13            3160,84 
 1585,985      13            3162,191 
 1585,985      13            3163,59 
 1585,985      13            3164,981 
 1585,985      13            3166,394 
 1585,985      13            3167,782 
 1585,985      13            3169,195 
 1585,985      13            3170,659 
 1585,985      13            3172,117 
 1585,985      13            3173,471 
 1585,985      13            3174,869 
 1585,985      13            3176,284 
 1585,985      13            3177,775 
 1585,985      13            3179,181 
 1585,985      13            3180,541 
 1585,985      13            3182,014 
 1585,985      13            3183,429 
 1585,985      13            3184,804 
 1585,985      13            3186,365 
 1585,985      13            3187,817 
 1585,985      13            3189,577 
 1585,985      13            3191,208 
 1585,985      13            3192,664 
 1585,985      13            3194,423 
 1585,985      13            3196,222 
 1585,985      13            3197,619 
 1585,985      13            3199,008 
 1585,985      13            3200,327 
 1585,985      13            3201,71 
 1585,985      13            3203,162 
 1585,985      13            3204,541 
 1585,985      13            3206,104 
 1585,985      13            3207,634 
 1585,985      13            3209,009 
 1585,985      13            3210,392 
 1585,985      13            3211,8 
 1585,985      13            3213,088 
 1585,985      13            3214,485 
 1585,985      13            3215,822 
 1585,985      13            3217,204 
 1585,985      13            3218,804 
 1585,985      13            3220,135 
 1585,985      13            3221,541 
 1585,985      13            3222,938 
 1585,985      13            3224,3 
 1585,985      13            3225,619 
 1585,985      13            3227,054 
 1585,985      13            3228,355 
 1585,985      13            3229,773 
 1585,985      13            3231,215 
 1585,985      13            3232,563 
 1585,985      13            3233,869 
 1585,985      13            3235,184 
 1585,985      13            3236,565 
 1585,985      13            3238,001 
 1585,985      13            3239,445 
 1585,985      13            3240,927 
 1585,985      13            3242,409 
 1585,985      13            3243,869 
 1585,985      13            3245,251 
 1585,985      13            3246,688 
 1585,985      13            3248,135 
 1585,985      13            3249,476 
 1585,985      13            3250,856 
 1585,985      13            3252,213 
 1585,985      13            3253,682 
 1585,985      13            3255,077 
 1585,985      13            3256,525 
 1585,985      13            3258,056 
 1585,985      13            3260,045 
 1585,985      13            3261,445 
 1585,985      13            3262,851 
 1585,985      13            3264,175 
 1585,985      13            3265,532 
 1585,985      13            3267,046 
 1585,985      13            3268,46 
 1585,985      13            3269,802 
 1585,985      13            3271,222 
 1585,985      13            3272,634 
 1585,985      13            3274,001 
 1585,985      13            3275,351 
 1585,985      13            3276,715 
 1585,985      13            3278,206 
 1585,985      13            3279,61 
 1585,985      13            3280,996 
 1585,985      13            3282,378 
 1585,985      13            3283,829 
 1585,985      13            3285,24 
 1585,985      13            3286,543 
 1585,985      13            3287,326 
 1585,985      13            3288,046 
 1585,985      13            3288,755 
 1585,985      13            3289,498 
 1585,985      13            3290,202 
 1585,985      13            3290,947 
 1585,985      13            3291,653 
 1585,985      13            3292,329 
 1585,985      13            3293,003 
 1585,985      13            3293,704 
 1585,985      13            3294,429 
 1585,985      13            3295,105 
 1585,985      13            3295,826 
 1585,985      13            3296,517 
 1585,985      13            3297,25 
 1585,985      13            3297,916 
 1585,985      13            3298,586 
 1585,985      13            3299,413 
 1585,985      13            3300,115 
 1585,985      13            3300,844 
 1585,985      13            3301,512 
 1585,985      13            3302,204 
 1585,985      13            3302,898 
 1585,985      13            3303,592 
 1585,985      13            3304,28 
 1585,985      13            3304,931 
 1585,985      13            3305,577 
 1585,985      13            3306,271 
 1585,985      13            3306,985 
 1585,985      13            3307,722 
 1585,985      13            3308,403 
 1585,985      13            3309,097 
 1585,985      13            3309,778 
 1585,985      13            3310,438 
 1585,985      13            3311,081 
 1585,985      13            3311,717 
 1585,985      13            3312,389 
 1585,985      13            3313,063 
 1585,985      13            3313,719 
 1585,985      13            3314,405 
