Costo de la solución:
 874,149519978335 

1	1	117,928	163	0	1	51	20	66	65	71	35	9	81	33	50	0
1	2	117,549	178	0	52	7	19	11	64	49	36	47	48	82	18	0
1	3	115,185	196	0	72	75	56	23	67	39	25	55	4	54	26	0
1	4	118,605	190	0	61	16	86	38	44	14	43	15	42	87	13	0
1	5	68,412	106	0	53	40	21	73	74	22	41	57	2	58	0
1	6	90,255	169	0	12	80	68	24	29	34	78	79	3	77	76	28	0
1	7	92,043	113	0	89	60	83	8	46	45	17	84	5	99	96	6	0
1	8	95,71	155	0	31	88	62	63	90	32	10	30	70	69	27	0
1	9	58,458	188	0	94	59	93	85	91	100	37	98	92	97	95	0
1	10	0	0	0	0

Tiempo de ejecución:
 3322,5286875 
