Costo de la solución:
 1419,95312630502 

1	1	116,376	196	0	175	46	177	133	14	84	134	85	164	165	12	126	0
1	2	127,972	199	0	55	44	106	146	135	92	148	163	31	162	75	189	57	169	50	0
1	3	106,029	197	0	125	45	154	124	20	166	138	122	36	155	59	54	0
1	4	99,495	200	0	156	114	142	137	89	143	184	192	53	198	33	61	0
1	5	99,035	187	0	117	63	107	145	73	18	72	118	56	25	110	161	187	76	0
1	6	86,474	193	0	81	168	150	52	170	11	108	69	180	132	127	0
1	7	84,077	200	0	6	105	195	158	197	190	41	90	115	185	62	116	183	0
1	8	60,661	200	0	17	40	130	109	39	9	97	32	151	95	0
1	9	68,012	183	0	179	99	167	19	78	178	35	7	51	149	60	0
1	10	84,032	164	0	131	80	10	77	38	119	129	71	100	26	0
1	11	73,487	185	0	98	29	5	103	88	37	15	79	153	58	4	0
1	12	75,995	178	0	96	159	182	49	74	144	24	147	181	3	0
1	13	76,696	197	0	193	194	66	196	42	68	113	91	141	22	93	186	112	0
1	14	63,98	183	0	191	1	136	199	43	160	23	104	67	16	188	0
1	15	71,216	186	0	34	65	176	102	8	70	128	123	13	83	27	111	87	0
1	16	61,384	146	0	30	48	47	174	82	173	171	120	0
1	17	65,023	192	0	2	157	86	101	28	64	94	140	121	21	172	139	152	0
1	18	0	0	0	0
1	19	0	0	0	0
1	20	0	0	0	0

Tiempo de ejecución:
 332,818874999997 
