Costo de la solución:
 883,45485556594 

1	1	94,555	137	0	5	37	20	70	60	71	36	47	30	0
1	2	94,448	126	0	62	22	64	42	41	43	1	73	0
1	3	124,343	127	0	72	39	31	25	55	18	50	9	0
1	4	90,256	139	0	11	66	59	14	35	0
1	5	91,744	140	0	4	48	21	69	61	28	74	0
1	6	91,318	106	0	63	23	56	24	49	16	51	0
1	7	86,84	130	0	45	29	15	57	13	54	19	8	7	0
1	8	53,928	125	0	12	40	32	44	3	17	0
1	9	38,284	112	0	27	52	46	34	67	0
1	10	74,718	120	0	53	65	38	10	58	26	0
1	11	43,014	102	0	6	33	2	68	75	0
1	12	0	0	0	0

Tiempo de ejecución:
 111,080499999996 
