Costo de la solución:
 1291,00105044917 

1	1	118,898	200	0	60	8	28	70	121	115	36	20	131	2	100	0
1	2	118,182	198	0	78	11	51	101	3	116	31	82	140	113	26	61	7	69	0
1	3	105,542	198	0	38	62	50	129	29	128	84	85	35	59	80	120	1	119	32	77	0
1	4	163,177	195	0	48	114	99	43	86	96	95	134	55	4	147	44	107	123	71	90	0
1	5	107,317	196	0	5	49	105	75	117	73	125	124	15	52	63	12	0
1	6	94,126	195	0	103	108	37	137	42	64	88	40	66	135	149	56	0
1	7	103,658	200	0	27	81	138	57	14	25	67	13	136	111	143	0
1	8	119,934	197	0	127	53	83	22	112	23	97	24	58	133	110	18	139	0
1	9	104,939	200	0	122	106	89	39	54	104	130	118	79	21	16	126	0
1	10	69,494	176	0	47	146	109	148	141	41	94	19	150	87	142	145	0
1	11	127,883	187	0	144	17	92	93	65	45	91	72	33	10	30	74	34	9	76	0
1	12	57,847	93	0	68	132	98	6	102	46	0
1	13	0	0	0	0
1	14	0	0	0	0

Tiempo de ejecución:
 114,610406250002 
