Costo de la solución:
 1104,84515036863 

1	1	119,33	196	0	101	3	116	115	36	121	59	29	129	53	127	126	11	0
1	2	132,675	197	0	46	102	98	24	96	97	86	43	99	114	113	26	140	120	1	119	77	0
1	3	107,906	200	0	122	125	106	73	117	89	39	75	105	104	9	38	0
1	4	94,312	184	0	56	146	143	141	41	94	19	40	88	64	150	87	142	145	17	0
1	5	92,686	200	0	100	2	83	131	20	35	85	84	128	16	62	78	0
1	6	71,937	197	0	68	132	58	14	133	134	55	18	47	12	0
1	7	0	0	0	0
1	8	87,515	199	0	144	4	149	109	147	92	42	93	65	107	44	137	37	63	0
1	9	81,948	189	0	27	81	60	8	82	31	28	70	80	22	51	32	0
1	10	77,22	144	0	138	48	112	61	7	69	23	57	6	139	0
1	11	89,622	190	0	148	135	111	66	136	13	67	95	25	110	0
1	12	85,085	197	0	50	130	118	21	79	74	34	30	54	10	49	76	5	0
1	13	64,604	142	0	108	52	15	45	91	72	33	124	123	71	90	103	0
1	14	0	0	0	0

Tiempo de ejecución:
 41,1726249999992 
