Costo de la solución:
 910,177174124057 

1	1	105,564	132	0	37	20	70	60	71	69	36	47	48	68	0
1	2	78,633	139	0	73	1	22	62	28	74	2	75	0
1	3	44,961	81	0	40	32	17	0
1	4	99,017	136	0	7	14	59	19	54	8	52	0
1	5	76,997	120	0	6	33	63	56	23	16	51	0
1	6	116,719	130	0	12	39	31	25	55	18	50	44	0
1	7	69,397	136	0	27	13	57	15	5	29	45	4	0
1	8	107,134	138	0	49	24	3	9	72	10	58	26	0
1	9	79,513	139	0	38	65	66	11	53	35	0
1	10	108,615	137	0	43	41	42	64	61	21	30	0
1	11	23,621	76	0	34	46	67	0
1	12	0	0	0	0

Tiempo de ejecución:
 26,4244062500002 
