Costo de la solución:
 1646,86313535437 

1	1	204,955	135	0	53	58	60	63	66	64	62	61	65	59	0
1	2	103,526	108	0	105	107	69	70	67	116	100	99	101	102	0
1	3	187,153	124	0	109	37	44	46	49	50	51	45	43	40	0
1	4	189,392	89	0	16	19	22	24	27	30	33	34	36	29	0
1	5	190,228	102	0	104	68	79	80	56	55	57	54	52	98	0
1	6	177,385	95	0	21	26	28	32	35	31	25	23	20	17	0
1	7	173,743	125	0	110	39	42	48	47	41	38	115	97	94	0
1	8	117,488	137	0	114	18	118	108	8	12	13	14	6	83	113	112	0
1	9	36,065	125	0	95	96	93	90	91	92	89	85	86	111	87	0
1	10	128,757	146	0	106	103	73	76	77	78	75	72	74	71	120	0
1	11	113,627	146	0	117	2	1	3	4	5	10	11	15	9	7	84	0
1	12	24,54	43	0	119	81	82	88	0
1	13	0	0	0	0

Tiempo de ejecución:
 152,854562499997 
