Costo de la solución:
 1233,22049023732 

1	1	109,044	112	0	11	128	84	35	85	36	115	121	101	0
1	2	116,185	92	0	27	61	114	99	43	86	96	58	0
1	3	85,298	175	0	132	98	24	97	69	7	23	57	6	102	46	0
1	4	93,921	177	0	10	54	39	89	117	73	106	122	90	103	0
1	5	98,753	155	0	147	87	150	94	19	64	88	40	136	111	0
1	6	47,934	199	0	56	146	4	149	143	135	109	145	144	12	0
1	7	55,288	128	0	47	110	18	55	134	133	139	0
1	8	0	0	0	0
1	9	92,351	188	0	100	2	83	131	20	59	3	116	28	70	0
1	10	84,926	165	0	138	48	112	26	113	140	82	31	8	60	81	0
1	11	78,139	135	0	63	17	137	92	42	93	65	107	44	37	108	0
1	12	53,592	85	0	77	119	1	120	80	22	51	32	0
1	13	79,59	141	0	104	30	75	105	130	50	118	16	126	78	0
1	14	73,339	154	0	52	15	45	91	72	33	125	124	123	71	49	76	0
1	15	85,998	161	0	142	148	141	41	66	13	67	95	25	14	68	0
1	16	78,856	168	0	127	53	129	29	21	79	74	34	9	62	38	5	0

Tiempo de ejecución:
 3361,40371875 
