Iteraciones:   251 

Costo         Vehículos     Tiempo [seg]
 976,032       13            2,767 
 973,235       13            5,034 
 973,235       13            7,254 
 973,235       13            8,802 
 973,235       13            10,021 
 973,235       13            11,21 
 964,176       13            12,288 
 964,176       13            13,445 
 964,176       13            14,743 
 964,176       13            15,728 
 964,176       13            16,979 
 964,176       13            18,542 
 964,176       13            20,215 
 964,176       13            21,513 
 964,176       13            22,654 
 964,176       13            24,093 
 964,176       13            25,234 
 964,176       13            26,594 
 962,414       13            27,658 
 962,414       13            29,284 
 957,567       13            30,253 
 957,567       13            31,269 
 957,567       13            32,536 
 957,567       13            33,693 
 957,567       13            34,771 
 957,567       13            35,835 
 957,567       13            37,164 
 957,567       13            38,508 
 957,567       13            39,712 
 957,567       13            40,9 
 957,567       13            41,776 
 957,567       13            42,589 
 957,567       13            43,386 
 957,567       13            44,387 
 957,567       13            45,278 
 957,567       13            46,201 
 956,763       13            47,279 
 953,028       13            48,217 
 942,921       13            49,14 
 942,921       13            50,172 
 942,921       13            51,188 
 942,921       13            52,361 
 942,921       13            53,549 
 942,921       13            54,471 
 942,921       13            55,347 
 942,921       13            56,551 
 942,921       13            57,802 
 942,921       13            58,896 
 942,921       13            59,85 
 942,921       13            60,663 
 942,921       13            61,992 
 939,438       13            63,133 
 939,438       13            64,493 
 939,438       13            65,775 
 934,827       13            67,057 
 934,827       13            68,261 
 934,827       13            69,246 
 934,827       13            70,403 
 934,827       13            71,904 
 934,827       13            73,124 
 934,827       13            74,343 
 934,827       13            75,453 
 934,827       13            76,548 
 934,827       13            77,627 
 934,827       13            78,94 
 934,827       13            80,16 
 934,827       13            81,097 
 934,827       13            82,411 
 934,827       13            83,864 
 934,827       13            84,834 
 934,827       13            86,162 
 934,827       13            87,319 
 934,827       13            88,46 
 934,827       13            89,789 
 934,827       13            90,868 
 934,827       13            92,009 
 934,827       13            93,259 
 934,827       13            94,526 
 934,827       13            95,51 
 934,827       13            96,48 
 934,827       13            97,402 
 934,827       13            98,356 
 934,827       13            99,841 
 934,827       13            100,966 
 934,827       13            101,967 
 934,827       13            103,483 
 934,827       13            104,624 
 934,827       13            105,531 
 934,827       13            106,61 
 934,827       13            107,688 
 934,827       13            108,658 
 934,827       13            109,783 
 934,827       13            110,659 
 934,827       13            112,144 
 934,827       13            112,972 
 934,827       13            114,254 
 934,827       13            115,161 
 934,827       13            116,005 
 934,827       13            117,303 
 934,827       13            118,491 
 934,827       13            119,21 
 934,827       13            120,383 
 934,827       13            121,758 
 934,827       13            122,806 
 934,827       13            123,978 
 934,827       13            124,901 
 934,827       13            126,042 
 934,827       13            127,011 
 934,827       13            128,09 
 934,827       13            129,387 
 934,827       13            130,356 
 934,827       13            131,31 
 934,827       13            132,67 
 934,827       13            133,905 
 934,827       13            135,109 
 934,827       13            135,969 
 934,827       13            137,126 
 934,827       13            138,611 
 934,827       13            139,815 
 934,827       13            140,924 
 934,827       13            141,956 
 934,827       13            143,004 
 934,827       13            144,145 
 934,827       13            145,396 
 934,827       13            146,208 
 934,827       13            147,459 
 934,827       13            148,241 
 934,827       13            149,194 
 934,827       13            150,492 
 934,827       13            151,743 
 934,827       13            153,024 
 934,827       13            154,385 
 934,827       13            155,51 
 934,827       13            156,542 
 934,827       13            158,137 
 934,827       13            160,435 
 934,827       13            162,529 
 934,827       13            163,514 
 934,827       13            164,906 
 934,827       13            166,719 
 934,827       13            168,017 
 934,827       13            168,97 
 934,827       13            170,049 
 934,827       13            171,331 
 934,827       13            172,316 
 934,827       13            173,598 
 934,827       13            174,442 
 934,827       13            175,552 
 934,827       13            176,474 
 934,827       13            177,647 
 918,488       13            178,897 
 918,488       13            179,992 
 918,488       13            180,836 
 918,488       13            182,165 
 918,488       13            183,837 
 918,488       13            184,791 
 918,488       13            185,948 
 918,488       13            187,073 
 918,488       13            187,933 
 918,488       13            188,996 
 918,488       13            190,231 
 918,488       13            191,419 
 918,488       13            192,592 
 918,488       13            193,905 
 918,488       13            195,484 
 918,488       13            196,219 
 918,488       13            197,172 
 918,488       13            198,36 
 918,488       13            199,627 
 918,488       13            200,44 
 918,488       13            201,409 
 918,488       13            202,566 
 918,488       13            203,441 
 918,488       13            204,473 
 918,488       13            205,474 
 918,488       13            206,63 
 918,488       13            207,725 
 918,488       13            208,866 
 918,488       13            210,023 
 918,488       13            211,258 
 918,488       13            212,274 
 918,488       13            213,634 
 918,488       13            214,869 
 918,488       13            216,01 
 918,488       13            216,886 
 918,488       13            217,902 
 918,488       13            219,153 
 918,488       13            220,309 
 918,488       13            221,169 
 918,488       13            222,42 
 918,488       13            223,389 
 918,488       13            224,765 
 918,488       13            225,984 
 918,488       13            227,172 
 918,488       13            228,548 
 918,488       13            229,783 
 918,488       13            230,909 
 918,488       13            231,893 
 918,488       13            233,113 
 918,488       13            233,957 
 918,488       13            234,942 
 918,488       13            235,958 
 918,488       13            236,99 
 918,488       13            238,178 
 918,488       13            239,21 
 918,488       13            240,273 
 918,488       13            241,32 
 918,488       13            242,602 
 918,488       13            243,728 
 918,488       13            244,666 
 918,488       13            245,729 
 918,488       13            246,729 
 918,488       13            247,636 
 918,488       13            248,918 
 918,488       13            250,059 
 918,488       13            251,2 
 918,488       13            252,045 
 918,488       13            253,498 
 918,488       13            254,53 
 918,488       13            255,656 
 918,488       13            256,641 
 918,488       13            257,844 
 918,488       13            258,814 
 918,488       13            260,064 
 918,488       13            261,065 
 918,488       13            262,112 
 918,488       13            263,394 
 918,488       13            264,567 
 918,488       13            265,724 
 918,488       13            266,724 
 918,488       13            268,006 
 918,488       13            269,022 
 918,488       13            270,382 
 918,488       13            271,57 
 918,488       13            272,915 
 918,488       13            273,759 
 918,488       13            274,838 
 918,488       13            275,901 
 918,488       13            276,886 
 918,488       13            278,042 
 918,488       13            279,231 
 918,488       13            280,294 
 918,488       13            281,56 
 918,488       13            283,279 
 918,488       13            284,343 
 918,488       13            285,64 
 918,488       13            286,531 
 918,488       13            287,61 
 918,488       13            288,407 
 918,488       13            289,329 
 918,488       13            290,393 
