Costo de la solución:
 865,944505637569 

1	1	117,928	163	0	1	51	20	66	65	71	35	9	81	33	50	0
1	2	117,549	178	0	18	82	48	47	36	49	64	11	19	7	52	0
1	3	107,076	153	0	54	55	25	39	67	23	56	4	26	0
1	4	111,404	191	0	13	87	42	43	14	44	38	86	16	61	99	0
1	5	0	0	0	0
1	6	90,255	169	0	12	80	68	24	29	34	78	79	3	77	76	28	0
1	7	89,161	93	0	6	5	84	17	45	46	8	83	60	89	0
1	8	90,12	155	0	31	88	62	10	63	90	32	30	70	69	27	0
1	9	83,096	157	0	58	2	57	15	41	22	75	74	72	73	21	40	53	0
1	10	59,35	199	0	96	59	93	85	91	100	37	98	92	97	95	94	0

Tiempo de ejecución:
 3743,526875 
