Costo de la solución:
 1184,57581755814 

1	1	210,204	200	0	102	99	100	116	52	54	57	61	62	64	66	63	60	56	68	76	73	103	104	0
1	2	218,295	199	0	88	111	86	85	118	108	109	59	65	58	55	53	79	80	78	71	67	107	106	105	0
1	3	200,165	200	0	37	38	39	42	41	44	47	46	49	50	51	48	45	43	40	101	0
1	4	62,539	180	0	87	96	93	92	89	91	90	114	18	113	117	112	81	82	119	0
1	5	138,22	196	0	120	69	70	75	72	74	77	98	110	115	97	94	95	0
1	6	219,599	200	0	21	20	23	26	29	36	34	35	32	28	31	30	33	27	24	22	25	19	16	17	9	83	0
1	7	135,55	200	0	2	1	3	4	5	10	11	15	14	13	12	8	7	6	84	0
1	8	0	0	0	0

Tiempo de ejecución:
 2950,356125 
