Iteraciones:   2087 

Costo         Vehículos     Tiempo [seg]
 930,346       10            0,641 
 930,346       10            1,05 
 930,346       10            1,534 
 912,321       10            2,015 
 905,39        10            2,467 
 905,39        10            2,906 
 905,39        10            3,31 
 905,39        10            3,704 
 905,39        10            4,093 
 902,817       10            4,487 
 902,817       10            4,975 
 900,29        10            5,568 
 889,362       10            5,969 
 872,16        10            6,376 
 872,16        10            6,764 
 872,16        10            7,162 
 872,16        10            7,548 
 872,16        10            7,988 
 872,16        10            8,38 
 872,16        10            8,8 
 872,16        10            9,198 
 872,16        10            9,729 
 872,16        10            10,123 
 872,16        10            10,541 
 858,817       10            10,946 
 858,817       10            11,352 
 858,817       10            11,737 
 858,817       10            12,175 
 858,817       10            12,559 
 858,817       10            12,955 
 858,817       10            13,388 
 858,817       10            13,798 
 858,817       10            14,186 
 858,817       10            14,64 
 858,817       10            15,032 
 858,817       10            15,481 
 858,817       10            15,907 
 858,817       10            16,307 
 858,817       10            16,749 
 858,817       10            17,138 
 858,817       10            17,527 
 858,817       10            17,877 
 857,024       10            18,315 
 857,024       10            18,704 
 857,024       10            19,085 
 857,024       10            19,52 
 857,024       10            19,857 
 857,024       10            20,286 
 857,024       10            20,75 
 857,024       10            21,148 
 857,024       10            21,541 
 857,024       10            21,945 
 857,024       10            22,391 
 857,024       10            22,775 
 857,024       10            23,171 
 857,024       10            23,563 
 857,024       10            23,954 
 857,024       10            24,389 
 857,024       10            24,732 
 857,024       10            25,114 
 857,024       10            25,506 
 857,024       10            25,91 
 857,024       10            26,347 
 857,024       10            26,811 
 857,024       10            27,228 
 857,024       10            27,682 
 857,024       10            28,022 
 857,024       10            28,411 
 857,024       10            28,849 
 857,024       10            29,18 
 857,024       10            29,569 
 857,024       10            29,941 
 857,024       10            30,326 
 857,024       10            30,739 
 857,024       10            31,225 
 857,024       10            31,626 
 857,024       10            32,013 
 857,024       10            32,427 
 857,024       10            32,824 
 857,024       10            33,253 
 857,024       10            33,673 
 857,024       10            34,057 
 857,024       10            34,499 
 857,024       10            34,875 
 857,024       10            35,258 
 857,024       10            35,651 
 857,024       10            36,06 
 857,024       10            36,445 
 857,024       10            36,869 
 857,024       10            37,224 
 857,024       10            37,669 
 857,024       10            38,058 
 857,024       10            38,452 
 857,024       10            38,833 
 857,024       10            39,227 
 857,024       10            39,606 
 857,024       10            39,947 
 857,024       10            40,37 
 857,024       10            40,758 
 857,024       10            41,205 
 857,024       10            41,611 
 857,024       10            42,002 
 857,024       10            42,392 
 857,024       10            42,785 
 857,024       10            43,24 
 857,024       10            43,608 
 857,024       10            44,017 
 857,024       10            44,473 
 857,024       10            44,889 
 857,024       10            45,33 
 857,024       10            45,688 
 857,024       10            46,122 
 857,024       10            46,469 
 857,024       10            46,918 
 857,024       10            47,299 
 857,024       10            47,693 
 857,024       10            48,081 
 857,024       10            48,53 
 857,024       10            49,021 
 857,024       10            49,438 
 857,024       10            49,843 
 857,024       10            50,256 
 857,024       10            50,698 
 857,024       10            51,145 
 857,024       10            51,493 
 857,024       10            51,894 
 857,024       10            52,309 
 857,024       10            52,742 
 857,024       10            53,098 
 857,024       10            53,488 
 857,024       10            53,904 
 857,024       10            54,279 
 857,024       10            54,67 
 857,024       10            55,071 
 857,024       10            55,423 
 857,024       10            55,801 
 857,024       10            56,266 
 857,024       10            56,705 
 857,024       10            57,093 
 857,024       10            57,437 
 857,024       10            57,83 
 857,024       10            58,252 
 857,024       10            58,641 
 857,024       10            59,032 
 857,024       10            59,464 
 857,024       10            59,864 
 857,024       10            60,246 
 857,024       10            60,647 
 857,024       10            61,084 
 857,024       10            61,556 
 857,024       10            62,024 
 857,024       10            62,368 
 857,024       10            62,84 
 857,024       10            63,244 
 857,024       10            63,631 
 857,024       10            64,111 
 857,024       10            64,516 
 857,024       10            64,912 
 857,024       10            65,303 
 857,024       10            65,885 
 857,024       10            66,271 
 857,024       10            66,658 
 857,024       10            67,065 
 857,024       10            67,448 
 857,024       10            67,849 
 857,024       10            68,24 
 852,87        10            68,682 
 852,87        10            69,121 
 852,87        10            69,506 
 852,87        10            69,862 
 852,87        10            70,247 
 852,87        10            70,675 
 852,87        10            71,025 
 852,87        10            71,42 
 852,87        10            71,851 
 852,87        10            72,238 
 852,87        10            72,633 
 852,87        10            73,044 
 852,87        10            73,473 
 852,87        10            73,875 
 852,87        10            74,274 
 852,87        10            74,686 
 852,87        10            75,1 
 852,87        10            75,526 
 852,87        10            75,87 
 852,87        10            76,31 
 852,87        10            76,762 
 852,87        10            77,123 
 852,87        10            77,508 
 852,87        10            77,941 
 852,87        10            78,282 
 852,87        10            78,679 
 852,87        10            79,14 
 852,87        10            79,486 
 852,87        10            79,929 
 852,87        10            80,323 
 852,87        10            80,718 
 852,87        10            81,193 
 852,87        10            81,576 
 852,87        10            81,973 
 852,87        10            82,371 
 852,87        10            82,779 
 852,87        10            83,223 
 852,87        10            83,73 
 852,87        10            84,278 
 852,87        10            84,674 
 852,87        10            85,081 
 852,87        10            85,516 
 852,87        10            85,907 
 852,87        10            86,309 
 852,87        10            86,793 
 852,87        10            87,18 
 852,87        10            87,613 
 852,87        10            87,991 
 852,87        10            88,358 
 852,87        10            88,76 
 852,87        10            89,152 
 852,87        10            89,578 
 852,87        10            89,995 
 852,87        10            90,412 
 852,87        10            90,935 
 852,87        10            91,333 
 852,87        10            91,796 
 852,87        10            92,26 
 852,87        10            92,709 
 852,87        10            93,1 
 852,87        10            93,445 
 852,87        10            93,869 
 852,87        10            94,322 
 852,87        10            94,704 
 852,87        10            95,056 
 852,87        10            95,498 
 852,87        10            95,949 
 852,87        10            96,347 
 852,87        10            96,777 
 852,87        10            97,181 
 852,87        10            97,565 
 852,87        10            97,951 
 852,87        10            98,346 
 852,87        10            98,741 
 852,87        10            99,125 
 852,87        10            99,507 
 852,87        10            99,891 
 852,87        10            100,343 
 852,87        10            100,728 
 852,87        10            101,129 
 852,87        10            101,596 
 852,87        10            102,019 
 852,87        10            102,426 
 852,87        10            102,817 
 852,87        10            103,201 
 852,87        10            103,595 
 852,87        10            104,018 
 852,87        10            104,423 
 852,87        10            104,805 
 852,87        10            105,245 
 852,87        10            105,651 
 852,87        10            106,027 
 852,87        10            106,425 
 852,87        10            106,819 
 852,87        10            107,211 
 848,77        10            107,654 
 848,77        10            108,113 
 848,77        10            108,513 
 848,77        10            108,928 
 848,77        10            109,37 
 848,77        10            109,838 
 848,77        10            110,217 
 848,77        10            110,599 
 848,77        10            110,999 
 848,77        10            111,454 
 848,77        10            111,894 
 848,77        10            112,273 
 848,77        10            112,685 
 848,77        10            113,121 
 848,77        10            113,465 
 848,77        10            113,899 
 848,77        10            114,305 
 848,77        10            114,692 
 848,77        10            115,085 
 848,77        10            115,481 
 848,77        10            115,856 
 848,77        10            116,247 
 848,77        10            116,644 
 848,77        10            117,12 
 848,77        10            117,579 
 848,77        10            117,974 
 848,77        10            118,385 
 848,77        10            118,835 
 848,77        10            119,302 
 848,77        10            119,729 
 848,77        10            120,117 
 848,77        10            120,506 
 848,77        10            120,917 
 848,77        10            121,303 
 848,77        10            121,708 
 848,77        10            122,167 
 848,77        10            122,514 
 848,77        10            122,92 
 848,77        10            123,355 
 848,77        10            123,75 
 848,77        10            124,142 
 848,77        10            124,543 
 848,77        10            124,941 
 848,77        10            125,347 
 848,77        10            125,747 
 848,77        10            126,132 
 848,77        10            126,519 
 848,77        10            126,934 
 848,77        10            127,345 
 848,77        10            127,747 
 848,77        10            128,182 
 848,77        10            128,592 
 848,77        10            129,047 
 848,77        10            129,451 
 848,77        10            129,85 
 848,77        10            130,307 
 848,77        10            130,718 
 842,9         10            131,187 
 842,9         10            131,567 
 842,9         10            131,983 
 842,9         10            132,377 
 842,9         10            132,809 
 842,9         10            133,203 
 842,9         10            133,586 
 842,9         10            133,98 
 842,9         10            134,359 
 842,9         10            134,735 
 842,9         10            135,127 
 842,9         10            135,588 
 842,9         10            135,98 
 842,9         10            136,421 
 842,9         10            136,811 
 842,9         10            137,209 
 842,9         10            137,596 
 842,9         10            138,029 
 842,9         10            138,412 
 842,9         10            138,8 
 842,9         10            139,187 
 842,9         10            139,571 
 842,9         10            139,92 
 842,9         10            140,304 
 842,9         10            140,731 
 842,9         10            141,076 
 842,9         10            141,507 
 842,9         10            141,898 
 842,9         10            142,277 
 842,9         10            142,676 
 842,9         10            143,058 
 842,9         10            143,44 
 842,9         10            143,839 
 842,9         10            144,267 
 842,9         10            144,651 
 842,9         10            145,056 
 842,9         10            145,449 
 842,9         10            145,835 
 842,9         10            146,278 
 842,9         10            146,694 
 842,9         10            147,126 
 842,9         10            147,531 
 842,9         10            147,919 
 842,9         10            148,357 
 842,9         10            148,729 
 842,9         10            149,124 
 842,9         10            149,515 
 842,9         10            149,951 
 842,9         10            150,297 
 842,9         10            150,723 
 842,9         10            151,132 
 842,9         10            151,561 
 842,9         10            151,952 
 842,9         10            152,356 
 842,9         10            152,747 
 842,9         10            153,128 
 842,9         10            153,515 
 842,9         10            154,026 
 842,9         10            154,427 
 842,9         10            154,845 
 842,9         10            155,241 
 842,9         10            155,627 
 842,9         10            156,074 
 842,9         10            156,476 
 842,9         10            156,857 
 842,9         10            157,243 
 842,9         10            157,63 
 842,9         10            158,014 
 842,9         10            158,403 
 842,9         10            158,837 
 842,9         10            159,233 
 842,9         10            159,628 
 842,9         10            160,003 
 842,9         10            160,408 
 842,9         10            160,837 
 842,9         10            161,224 
 842,9         10            161,684 
 842,9         10            162,076 
 842,9         10            162,475 
 842,9         10            162,855 
 842,9         10            163,289 
 842,9         10            163,674 
 842,9         10            164,06 
 842,9         10            164,462 
 842,9         10            164,89 
 842,9         10            165,281 
 842,9         10            165,625 
 842,9         10            166,074 
 842,9         10            166,463 
 842,9         10            166,847 
 842,9         10            167,273 
 842,9         10            167,719 
 842,9         10            168,112 
 842,9         10            168,511 
 842,9         10            168,892 
 842,9         10            169,291 
 842,9         10            169,729 
 842,9         10            170,113 
 842,9         10            170,516 
 842,9         10            170,958 
 842,9         10            171,339 
 842,9         10            171,724 
 842,9         10            172,102 
 842,9         10            172,49 
 842,9         10            172,887 
 842,9         10            173,282 
 842,9         10            173,665 
 842,9         10            174,093 
 842,9         10            174,505 
 842,9         10            174,891 
 842,9         10            175,335 
 842,9         10            175,781 
 842,9         10            176,166 
 842,9         10            176,563 
 842,9         10            176,945 
 842,9         10            177,335 
 842,9         10            177,764 
 842,9         10            178,162 
 842,9         10            178,558 
 842,9         10            178,946 
 842,9         10            179,334 
 842,9         10            179,715 
 842,9         10            180,097 
 842,9         10            180,485 
 842,9         10            180,871 
 842,9         10            181,251 
 842,9         10            181,638 
 842,9         10            182,031 
 842,9         10            182,419 
 842,9         10            182,79 
 842,9         10            183,181 
 842,9         10            183,577 
 842,9         10            184,017 
 842,9         10            184,463 
 842,9         10            184,909 
 842,9         10            185,307 
 842,9         10            185,705 
 842,9         10            186,088 
 842,9         10            186,53 
 842,9         10            186,92 
 842,9         10            187,31 
 842,9         10            187,735 
 842,9         10            188,186 
 842,9         10            188,587 
 842,9         10            188,979 
 842,9         10            189,362 
 842,9         10            189,747 
 842,9         10            190,186 
 842,9         10            190,593 
 842,9         10            190,973 
 842,9         10            191,358 
 842,9         10            191,755 
 842,9         10            192,176 
 842,9         10            192,58 
 842,9         10            193,016 
 842,9         10            193,409 
 842,9         10            193,797 
 842,9         10            194,177 
 842,9         10            194,557 
 842,9         10            194,903 
 842,9         10            195,331 
 842,9         10            195,797 
 842,9         10            196,214 
 842,9         10            196,671 
 842,9         10            197,052 
 842,9         10            197,46 
 842,9         10            197,891 
 842,9         10            198,288 
 842,9         10            198,673 
 842,9         10            199,066 
 842,9         10            199,455 
 842,9         10            199,881 
 842,9         10            200,276 
 842,9         10            200,665 
 842,9         10            201,066 
 842,9         10            201,444 
 842,9         10            201,823 
 842,9         10            202,214 
 842,9         10            202,601 
 842,9         10            202,993 
 842,9         10            203,436 
 842,9         10            203,832 
 842,9         10            204,209 
 842,9         10            204,583 
 842,9         10            205,037 
 842,9         10            205,425 
 842,9         10            205,82 
 842,9         10            206,258 
 842,9         10            206,645 
 842,9         10            207,048 
 842,9         10            207,42 
 842,9         10            207,814 
 842,9         10            208,2 
 842,9         10            208,595 
 842,9         10            209,032 
 842,9         10            209,416 
 842,9         10            209,813 
 842,9         10            210,198 
 842,9         10            210,587 
 842,9         10            210,976 
 842,9         10            211,41 
 842,9         10            211,817 
 842,9         10            212,255 
 842,9         10            212,658 
 842,9         10            213,043 
 842,9         10            213,426 
 842,9         10            213,805 
 842,9         10            214,193 
 842,9         10            214,63 
 842,9         10            215,015 
 842,9         10            215,36 
 842,9         10            215,747 
 842,9         10            216,183 
 842,9         10            216,634 
 842,9         10            217,026 
 842,9         10            217,465 
 842,9         10            217,87 
 842,9         10            218,258 
 842,9         10            218,633 
 842,9         10            219,076 
 842,9         10            219,483 
 842,9         10            219,862 
 842,9         10            220,252 
 842,9         10            220,684 
 842,9         10            221,09 
 842,9         10            221,516 
 842,9         10            221,928 
 842,9         10            222,312 
 842,9         10            222,688 
 842,9         10            223,085 
 842,9         10            223,521 
 842,9         10            223,892 
 842,9         10            224,295 
 842,9         10            224,682 
 842,9         10            225,113 
 842,9         10            225,463 
 842,9         10            225,87 
 842,9         10            226,265 
 842,9         10            226,709 
 842,9         10            227,115 
 842,9         10            227,548 
 842,9         10            227,998 
 842,9         10            228,389 
 842,9         10            228,734 
 842,9         10            229,177 
 842,9         10            229,565 
 842,9         10            229,992 
 842,9         10            230,399 
 842,9         10            230,774 
 842,9         10            231,16 
 842,9         10            231,545 
 842,9         10            231,925 
 842,9         10            232,329 
 842,9         10            232,773 
 842,9         10            233,152 
 842,9         10            233,49 
 842,9         10            233,866 
 842,9         10            234,303 
 842,9         10            234,65 
 842,9         10            235,084 
 842,9         10            235,488 
 842,9         10            235,933 
 842,9         10            236,303 
 842,9         10            236,704 
 842,9         10            237,084 
 842,9         10            237,478 
 842,9         10            237,902 
 842,9         10            238,303 
 842,9         10            238,642 
 842,9         10            239,082 
 842,9         10            239,579 
 842,9         10            239,972 
 842,9         10            240,357 
 842,9         10            240,737 
 842,9         10            241,151 
 842,9         10            241,577 
 842,9         10            241,966 
 842,9         10            242,364 
 842,9         10            242,751 
 842,9         10            243,123 
 842,9         10            243,519 
 842,9         10            243,904 
 842,9         10            244,35 
 842,9         10            244,741 
 842,9         10            245,135 
 842,9         10            245,563 
 842,9         10            245,946 
 842,9         10            246,348 
 842,9         10            246,727 
 842,9         10            247,107 
 842,9         10            247,514 
 842,9         10            247,892 
 842,9         10            248,231 
 842,9         10            248,652 
 842,9         10            249,053 
 842,9         10            249,507 
 842,9         10            249,948 
 842,9         10            250,334 
 842,9         10            250,726 
 842,9         10            251,104 
 842,9         10            251,508 
 842,9         10            251,934 
 842,9         10            252,27 
 842,9         10            252,647 
 842,9         10            253,045 
 842,9         10            253,436 
 842,9         10            253,815 
 842,9         10            254,249 
 842,9         10            254,639 
 842,9         10            254,987 
 842,9         10            255,405 
 842,9         10            255,835 
 842,9         10            256,272 
 842,9         10            256,635 
 842,9         10            257,057 
 842,9         10            257,398 
 842,9         10            257,732 
 842,9         10            258,119 
 842,9         10            258,544 
 842,9         10            258,937 
 842,9         10            259,39 
 842,9         10            259,726 
 842,9         10            260,16 
 842,9         10            260,541 
 842,9         10            260,94 
 842,9         10            261,338 
 842,9         10            261,765 
 842,9         10            262,155 
 842,9         10            262,543 
 842,9         10            262,889 
 842,9         10            263,277 
 842,9         10            263,668 
 842,9         10            264,095 
 842,9         10            264,5 
 842,9         10            264,931 
 842,9         10            265,326 
 842,9         10            265,722 
 842,9         10            266,113 
 842,9         10            266,557 
 842,9         10            266,939 
 842,9         10            267,335 
 842,9         10            267,741 
 842,9         10            268,122 
 842,9         10            268,569 
 842,9         10            268,962 
 842,9         10            269,333 
 842,9         10            269,729 
 842,9         10            270,108 
 842,9         10            270,497 
 842,9         10            270,894 
 842,9         10            271,326 
 842,9         10            271,715 
 842,9         10            272,092 
 842,9         10            272,501 
 842,9         10            272,935 
 842,9         10            273,322 
 842,9         10            273,722 
 842,9         10            274,097 
 842,9         10            274,556 
 842,9         10            274,944 
 842,9         10            275,366 
 842,9         10            275,71 
 842,9         10            276,085 
 842,9         10            276,467 
 842,9         10            276,867 
 842,9         10            277,261 
 842,9         10            277,689 
 842,9         10            278,08 
 842,9         10            278,46 
 842,9         10            278,802 
 842,9         10            279,247 
 842,9         10            279,684 
 842,9         10            280,078 
 842,9         10            280,458 
 842,9         10            280,836 
 842,9         10            281,239 
 842,9         10            281,626 
 842,9         10            282,058 
 842,9         10            282,396 
 842,9         10            282,771 
 842,9         10            283,146 
 842,9         10            283,493 
 842,9         10            283,938 
 842,9         10            284,327 
 842,9         10            284,712 
 842,9         10            285,144 
 842,9         10            285,548 
 842,9         10            285,978 
 842,9         10            286,317 
 842,9         10            286,686 
 842,9         10            287,095 
 842,9         10            287,535 
 842,9         10            287,915 
 842,9         10            288,322 
 842,9         10            288,743 
 842,9         10            289,091 
 842,9         10            289,521 
 842,9         10            289,915 
 842,9         10            290,296 
 842,9         10            290,693 
 842,9         10            291,131 
 842,9         10            291,521 
 842,9         10            291,904 
 842,9         10            292,284 
 842,9         10            292,626 
 842,9         10            293,05 
 842,9         10            293,383 
 842,9         10            293,827 
 842,9         10            294,211 
 842,9         10            294,619 
 842,9         10            295,01 
 842,9         10            295,451 
 842,9         10            295,953 
 842,9         10            296,338 
 842,9         10            296,675 
 842,9         10            297,052 
 842,9         10            297,439 
 842,9         10            297,82 
 842,9         10            298,212 
 842,9         10            298,655 
 842,9         10            299,05 
 842,9         10            299,438 
 842,9         10            299,82 
 842,9         10            300,219 
 842,9         10            300,643 
 842,9         10            301,03 
 842,9         10            301,416 
 842,9         10            301,806 
 842,9         10            302,192 
 842,9         10            302,592 
 842,9         10            302,981 
 842,9         10            303,419 
 842,9         10            303,818 
 842,9         10            304,201 
 842,9         10            304,592 
 842,9         10            305,027 
 842,9         10            305,431 
 842,9         10            305,81 
 842,9         10            306,205 
 842,9         10            306,579 
 842,9         10            306,984 
 842,9         10            307,366 
 842,9         10            307,738 
 842,9         10            308,187 
 842,9         10            308,582 
 842,9         10            308,95 
 842,9         10            309,344 
 842,9         10            309,683 
 842,9         10            310,11 
 842,9         10            310,506 
 842,9         10            310,864 
 842,9         10            311,309 
 842,9         10            311,7 
 842,9         10            312,079 
 842,9         10            312,476 
 842,9         10            312,875 
 842,9         10            313,267 
 842,9         10            313,646 
 842,9         10            314,084 
 842,9         10            314,494 
 842,9         10            314,989 
 842,9         10            315,383 
 842,9         10            315,891 
 842,9         10            316,271 
 842,9         10            316,616 
 842,9         10            316,987 
 842,9         10            317,384 
 842,9         10            317,771 
 842,9         10            318,207 
 842,9         10            318,598 
 842,9         10            318,989 
 842,9         10            319,384 
 842,9         10            319,833 
 842,9         10            320,214 
 842,9         10            320,604 
 842,9         10            320,984 
 842,9         10            321,36 
 842,9         10            321,74 
 842,9         10            322,144 
 842,9         10            322,586 
 842,9         10            322,964 
 842,9         10            323,353 
 842,9         10            323,747 
 842,9         10            324,14 
 842,9         10            324,53 
 842,9         10            324,972 
 842,9         10            325,366 
 842,9         10            325,749 
 842,9         10            326,146 
 842,9         10            326,595 
 842,9         10            327,044 
 842,9         10            327,44 
 842,9         10            327,873 
 842,9         10            328,258 
 842,9         10            328,665 
 842,9         10            329,056 
 842,9         10            329,499 
 842,9         10            329,947 
 842,9         10            330,382 
 842,9         10            330,786 
 842,9         10            331,237 
 842,9         10            331,63 
 842,9         10            332,067 
 842,9         10            332,458 
 842,9         10            332,843 
 842,9         10            333,212 
 842,9         10            333,609 
 842,9         10            334,061 
 842,9         10            334,437 
 842,9         10            334,784 
 842,9         10            335,225 
 842,9         10            335,598 
 842,9         10            335,994 
 842,9         10            336,434 
 842,9         10            336,879 
 842,9         10            337,286 
 842,9         10            337,671 
 842,9         10            338,113 
 842,9         10            338,516 
 842,9         10            338,904 
 842,9         10            339,337 
 842,9         10            339,729 
 842,9         10            340,161 
 842,9         10            340,554 
 842,9         10            340,95 
 842,9         10            341,387 
 842,9         10            341,734 
 842,9         10            342,128 
 842,9         10            342,556 
 842,9         10            342,948 
 842,9         10            343,332 
 842,9         10            343,736 
 842,9         10            344,163 
 842,9         10            344,561 
 842,9         10            344,996 
 842,9         10            345,403 
 842,9         10            345,835 
 842,9         10            346,229 
 842,9         10            346,636 
 842,9         10            347,061 
 842,9         10            347,461 
 842,9         10            347,847 
 842,9         10            348,237 
 842,9         10            348,611 
 842,9         10            349,005 
 842,9         10            349,403 
 842,9         10            349,781 
 842,9         10            350,214 
 842,9         10            350,659 
 842,9         10            351,009 
 842,9         10            351,383 
 842,9         10            351,759 
 842,9         10            352,101 
 842,9         10            352,529 
 842,9         10            352,909 
 842,9         10            353,309 
 842,9         10            353,696 
 842,9         10            354,079 
 842,9         10            354,523 
 842,9         10            354,931 
 842,9         10            355,353 
 842,9         10            355,752 
 842,9         10            356,123 
 842,9         10            356,518 
 842,9         10            356,916 
 842,9         10            357,297 
 842,9         10            357,737 
 842,9         10            358,118 
 842,9         10            358,502 
 842,9         10            358,898 
 842,9         10            359,292 
 842,9         10            359,728 
 842,9         10            360,128 
 842,9         10            360,567 
 842,9         10            360,954 
 842,9         10            361,361 
 842,9         10            361,785 
 842,9         10            362,201 
 842,9         10            362,581 
 842,9         10            362,968 
 842,9         10            363,404 
 842,9         10            363,798 
 842,9         10            364,186 
 842,9         10            364,569 
 842,9         10            364,952 
 842,9         10            365,329 
 842,9         10            365,72 
 842,9         10            366,107 
 842,9         10            366,497 
 842,9         10            366,939 
 842,9         10            367,35 
 842,9         10            367,719 
 842,9         10            368,113 
 842,9         10            368,491 
 842,9         10            368,874 
 842,9         10            369,279 
 842,9         10            369,722 
 842,9         10            370,116 
 842,9         10            370,543 
 842,9         10            370,888 
 842,9         10            371,272 
 842,9         10            371,707 
 842,9         10            372,082 
 842,9         10            372,429 
 842,9         10            372,813 
 842,9         10            373,267 
 842,9         10            373,635 
 842,9         10            374,021 
 842,9         10            374,408 
 842,9         10            374,738 
 842,9         10            375,124 
 842,9         10            375,5 
 842,9         10            375,893 
 842,9         10            376,333 
 842,9         10            376,721 
 842,9         10            377,12 
 842,9         10            377,554 
 842,9         10            377,94 
 842,9         10            378,391 
 842,9         10            378,783 
 842,9         10            379,172 
 842,9         10            379,553 
 842,9         10            379,94 
 842,9         10            380,346 
 842,9         10            380,792 
 842,9         10            381,221 
 842,9         10            381,625 
 842,9         10            382,04 
 842,9         10            382,436 
 842,9         10            382,874 
 842,9         10            383,257 
 842,9         10            383,601 
 842,9         10            384,035 
 842,9         10            384,491 
 842,9         10            384,882 
 842,9         10            385,321 
 842,9         10            385,699 
 842,9         10            386,148 
 842,9         10            386,544 
 842,9         10            386,891 
 842,9         10            387,278 
 842,9         10            387,664 
 842,9         10            388,049 
 842,9         10            388,48 
 842,9         10            388,879 
 842,9         10            389,271 
 842,9         10            389,657 
 842,9         10            390,098 
 842,9         10            390,483 
 842,9         10            390,886 
 842,9         10            391,327 
 842,9         10            391,72 
 842,9         10            392,147 
 842,9         10            392,539 
 842,9         10            392,927 
 842,9         10            393,332 
 842,9         10            393,762 
 842,9         10            394,105 
 842,9         10            394,493 
 842,9         10            394,93 
 842,9         10            395,382 
 842,9         10            395,765 
 842,9         10            396,202 
 842,9         10            396,602 
 842,9         10            396,987 
 842,9         10            397,32 
 842,9         10            397,704 
 842,9         10            398,07 
 842,9         10            398,525 
 842,9         10            398,865 
 842,9         10            399,246 
 842,9         10            399,638 
 842,9         10            400,063 
 842,9         10            400,453 
 842,9         10            400,796 
 842,9         10            401,224 
 842,9         10            401,7 
 842,9         10            402,129 
 842,9         10            402,523 
 842,9         10            402,984 
 842,9         10            403,375 
 842,9         10            403,761 
 842,9         10            404,131 
 842,9         10            404,523 
 842,9         10            404,901 
 842,9         10            405,294 
 842,9         10            405,677 
 842,9         10            406,088 
 842,9         10            406,513 
 842,9         10            406,899 
 842,9         10            407,292 
 842,9         10            407,669 
 842,9         10            408,06 
 842,9         10            408,456 
 842,9         10            408,906 
 842,9         10            409,347 
 842,9         10            409,729 
 842,9         10            410,116 
 842,9         10            410,505 
 842,9         10            410,898 
 842,9         10            411,294 
 842,9         10            411,682 
 842,9         10            412,081 
 842,9         10            412,474 
 842,9         10            412,815 
 842,9         10            413,194 
 842,9         10            413,566 
 842,9         10            413,973 
 842,9         10            414,348 
 842,9         10            414,747 
 842,9         10            415,128 
 842,9         10            415,56 
 842,9         10            416,02 
 842,9         10            416,399 
 842,9         10            416,796 
 842,9         10            417,23 
 842,9         10            417,642 
 842,9         10            418,031 
 842,9         10            418,484 
 842,9         10            418,872 
 842,9         10            419,307 
 842,9         10            419,697 
 842,9         10            420,094 
 842,9         10            420,514 
 842,9         10            420,919 
 842,9         10            421,295 
 842,9         10            421,679 
 842,9         10            422,063 
 842,9         10            422,453 
 842,9         10            422,794 
 842,9         10            423,182 
 842,9         10            423,608 
 842,9         10            424,016 
 842,9         10            424,442 
 842,9         10            424,784 
 842,9         10            425,215 
 842,9         10            425,597 
 842,9         10            425,996 
 842,9         10            426,336 
 842,9         10            426,771 
 842,9         10            427,162 
 842,9         10            427,557 
 842,9         10            427,982 
 842,9         10            428,383 
 842,9         10            428,769 
 842,9         10            429,156 
 842,9         10            429,537 
 842,9         10            429,921 
 842,9         10            430,324 
 842,9         10            430,748 
 842,9         10            431,146 
 842,9         10            431,594 
 842,9         10            431,996 
 842,9         10            432,435 
 842,9         10            432,869 
 842,9         10            433,327 
 842,9         10            433,709 
 842,9         10            434,108 
 842,9         10            434,5 
 842,9         10            434,931 
 842,9         10            435,261 
 842,9         10            435,704 
 842,9         10            436,096 
 842,9         10            436,505 
 842,9         10            436,931 
 842,9         10            437,326 
 842,9         10            437,704 
 842,9         10            438,092 
 840,076       10            438,435 
 840,076       10            438,874 
 840,076       10            439,252 
 840,076       10            439,642 
 840,076       10            440,03 
 840,076       10            440,404 
 840,076       10            440,755 
 840,076       10            441,184 
 840,076       10            441,576 
 840,076       10            441,996 
 840,076       10            442,443 
 840,076       10            442,888 
 840,076       10            443,304 
 840,076       10            443,739 
 840,076       10            444,199 
 840,076       10            444,584 
 840,076       10            445,027 
 840,076       10            445,42 
 840,076       10            445,802 
 840,076       10            446,193 
 840,076       10            446,592 
 840,076       10            446,972 
 840,076       10            447,374 
 840,076       10            447,81 
 840,076       10            448,208 
 840,076       10            448,593 
 840,076       10            449,04 
 840,076       10            449,446 
 840,076       10            449,866 
 840,076       10            450,257 
 840,076       10            450,668 
 840,076       10            451,04 
 840,076       10            451,418 
 840,076       10            451,812 
 840,076       10            452,192 
 840,076       10            452,578 
 840,076       10            452,981 
 840,076       10            453,411 
 840,076       10            453,87 
 840,076       10            454,251 
 840,076       10            454,632 
 840,076       10            455,025 
 840,076       10            455,408 
 840,076       10            455,801 
 840,076       10            456,194 
 840,076       10            456,58 
 840,076       10            456,958 
 840,076       10            457,354 
 840,076       10            457,843 
 840,076       10            458,23 
 840,076       10            458,622 
 840,076       10            459,013 
 840,076       10            459,391 
 840,076       10            459,792 
 840,076       10            460,227 
 840,076       10            460,677 
 840,076       10            461,028 
 840,076       10            461,455 
 840,076       10            461,842 
 840,076       10            462,289 
 840,076       10            462,68 
 840,076       10            463,068 
 840,076       10            463,532 
 840,076       10            463,982 
 840,076       10            464,373 
 840,076       10            464,75 
 840,076       10            465,195 
 840,076       10            465,574 
 840,076       10            465,91 
 840,076       10            466,303 
 840,076       10            466,728 
 840,076       10            467,125 
 840,076       10            467,523 
 840,076       10            467,955 
 840,076       10            468,349 
 840,076       10            468,739 
 840,076       10            469,125 
 840,076       10            469,526 
 840,076       10            469,961 
 840,076       10            470,334 
 840,076       10            470,724 
 840,076       10            471,196 
 840,076       10            471,568 
 840,076       10            471,957 
 840,076       10            472,317 
 840,076       10            472,757 
 840,076       10            473,154 
 840,076       10            473,541 
 840,076       10            473,922 
 840,076       10            474,301 
 840,076       10            474,706 
 840,076       10            475,099 
 840,076       10            475,487 
 840,076       10            475,864 
 840,076       10            476,263 
 840,076       10            476,689 
 840,076       10            477,031 
 840,076       10            477,42 
 840,076       10            477,87 
 840,076       10            478,25 
 840,076       10            478,676 
 840,076       10            479,029 
 840,076       10            479,455 
 840,076       10            479,837 
 840,076       10            480,225 
 840,076       10            480,636 
 840,076       10            481,06 
 840,076       10            481,396 
 840,076       10            481,789 
 840,076       10            482,163 
 840,076       10            482,544 
 840,076       10            482,938 
 840,076       10            483,326 
 840,076       10            483,711 
 840,076       10            484,103 
 840,076       10            484,546 
 840,076       10            484,923 
 840,076       10            485,26 
 840,076       10            485,701 
 840,076       10            486,1 
 840,076       10            486,481 
 840,076       10            486,87 
 840,076       10            487,24 
 840,076       10            487,638 
 840,076       10            488,034 
 840,076       10            488,457 
 840,076       10            488,856 
 840,076       10            489,244 
 840,076       10            489,632 
 840,076       10            490,013 
 840,076       10            490,399 
 840,076       10            490,793 
 840,076       10            491,175 
 840,076       10            491,623 
 840,076       10            492,018 
 840,076       10            492,41 
 840,076       10            492,852 
 840,076       10            493,238 
 840,076       10            493,628 
 840,076       10            494,069 
 840,076       10            494,475 
 840,076       10            494,853 
 840,076       10            495,24 
 840,076       10            495,617 
 840,076       10            496,008 
 840,076       10            496,452 
 840,076       10            496,83 
 840,076       10            497,243 
 840,076       10            497,671 
 840,076       10            498,06 
 840,076       10            498,46 
 840,076       10            498,851 
 840,076       10            499,279 
 840,076       10            499,665 
 840,076       10            500,071 
 840,076       10            500,456 
 840,076       10            500,884 
 840,076       10            501,279 
 840,076       10            501,677 
 840,076       10            502,124 
 840,076       10            502,552 
 840,076       10            503,001 
 840,076       10            503,395 
 840,076       10            503,783 
 840,076       10            504,222 
 840,076       10            504,613 
 840,076       10            505,07 
 840,076       10            505,495 
 840,076       10            505,845 
 840,076       10            506,271 
 840,076       10            506,681 
 840,076       10            507,12 
 840,076       10            507,524 
 840,076       10            507,907 
 840,076       10            508,302 
 840,076       10            508,683 
 840,076       10            509,074 
 840,076       10            509,464 
 840,076       10            509,851 
 840,076       10            510,274 
 840,076       10            510,663 
 840,076       10            511,07 
 840,076       10            511,447 
 840,076       10            511,899 
 840,076       10            512,342 
 840,076       10            512,738 
 840,076       10            513,173 
 840,076       10            513,559 
 840,076       10            513,902 
 840,076       10            514,338 
 840,076       10            514,733 
 840,076       10            515,125 
 840,076       10            515,502 
 840,076       10            515,833 
 840,076       10            516,265 
 840,076       10            516,652 
 840,076       10            517,039 
 840,076       10            517,424 
 840,076       10            517,805 
 840,076       10            518,211 
 840,076       10            518,641 
 840,076       10            518,988 
 840,076       10            519,425 
 840,076       10            519,817 
 840,076       10            520,209 
 840,076       10            520,591 
 840,076       10            520,974 
 840,076       10            521,368 
 840,076       10            521,794 
 840,076       10            522,192 
 840,076       10            522,566 
 840,076       10            522,959 
 840,076       10            523,359 
 840,076       10            523,748 
 840,076       10            524,178 
 840,076       10            524,524 
 840,076       10            524,947 
 840,076       10            525,333 
 840,076       10            525,728 
 840,076       10            526,107 
 840,076       10            526,448 
 840,076       10            526,821 
 840,076       10            527,271 
 840,076       10            527,78 
 840,076       10            528,171 
 840,076       10            528,566 
 840,076       10            528,946 
 840,076       10            529,348 
 840,076       10            529,769 
 840,076       10            530,176 
 840,076       10            530,564 
 840,076       10            530,949 
 840,076       10            531,384 
 840,076       10            531,779 
 840,076       10            532,189 
 840,076       10            532,639 
 840,076       10            533,035 
 840,076       10            533,415 
 840,076       10            533,803 
 840,076       10            534,143 
 840,076       10            534,52 
 840,076       10            534,918 
 840,076       10            535,352 
 840,076       10            535,755 
 840,076       10            536,251 
 840,076       10            536,64 
 840,076       10            537,088 
 840,076       10            537,494 
 840,076       10            537,88 
 840,076       10            538,317 
 840,076       10            538,703 
 840,076       10            539,104 
 840,076       10            539,494 
 840,076       10            539,98 
 840,076       10            540,371 
 840,076       10            540,756 
 840,076       10            541,154 
 840,076       10            541,539 
 840,076       10            541,873 
 840,076       10            542,317 
 840,076       10            542,711 
 840,076       10            543,195 
 840,076       10            543,611 
 840,076       10            544,058 
 840,076       10            544,431 
 840,076       10            544,764 
 840,076       10            545,196 
 840,076       10            545,583 
 840,076       10            545,924 
 840,076       10            546,37 
 840,076       10            546,802 
 840,076       10            547,149 
 840,076       10            547,649 
 840,076       10            548,035 
 840,076       10            548,415 
 840,076       10            548,743 
 840,076       10            549,139 
 840,076       10            549,508 
 840,076       10            549,896 
 840,076       10            550,235 
 840,076       10            550,616 
 840,076       10            550,997 
 840,076       10            551,379 
 840,076       10            551,722 
 840,076       10            552,1 
 840,076       10            552,477 
 840,076       10            552,928 
 840,076       10            553,305 
 840,076       10            553,75 
 840,076       10            554,147 
 840,076       10            554,535 
 840,076       10            554,911 
 840,076       10            555,307 
 840,076       10            555,697 
 840,076       10            556,066 
 840,076       10            556,453 
 840,076       10            556,84 
 840,076       10            557,296 
 840,076       10            557,7 
 840,076       10            558,077 
 840,076       10            558,466 
 840,076       10            558,838 
 840,076       10            559,228 
 840,076       10            559,627 
 840,076       10            559,959 
 840,076       10            560,449 
 840,076       10            560,85 
 840,076       10            561,283 
 840,076       10            561,696 
 840,076       10            562,083 
 840,076       10            562,492 
 840,076       10            562,941 
 840,076       10            563,336 
 840,076       10            563,726 
 840,076       10            564,115 
 840,076       10            564,498 
 840,076       10            564,894 
 840,076       10            565,281 
 840,076       10            565,704 
 840,076       10            566,097 
 840,076       10            566,483 
 840,076       10            566,887 
 840,076       10            567,272 
 840,076       10            567,715 
 840,076       10            568,064 
 840,076       10            568,515 
 840,076       10            569,003 
 840,076       10            569,396 
 840,076       10            569,779 
 840,076       10            570,172 
 840,076       10            570,559 
 840,076       10            570,956 
 840,076       10            571,346 
 840,076       10            571,732 
 840,076       10            572,17 
 840,076       10            572,562 
 840,076       10            572,946 
 840,076       10            573,336 
 840,076       10            573,718 
 840,076       10            574,1 
 840,076       10            574,485 
 840,076       10            574,888 
 840,076       10            575,272 
 840,076       10            575,659 
 840,076       10            576,089 
 840,076       10            576,535 
 840,076       10            576,924 
 840,076       10            577,307 
 840,076       10            577,713 
 840,076       10            578,083 
 840,076       10            578,533 
 840,076       10            578,936 
 840,076       10            579,319 
 840,076       10            579,761 
 840,076       10            580,145 
 840,076       10            580,532 
 840,076       10            580,912 
 840,076       10            581,253 
 840,076       10            581,635 
 840,076       10            582,068 
 840,076       10            582,46 
 840,076       10            582,801 
 840,076       10            583,224 
 840,076       10            583,563 
 840,076       10            583,957 
 840,076       10            584,387 
 840,076       10            584,778 
 840,076       10            585,228 
 840,076       10            585,611 
 840,076       10            585,994 
 840,076       10            586,381 
 840,076       10            586,776 
 840,076       10            587,167 
 840,076       10            587,552 
 840,076       10            587,942 
 840,076       10            588,389 
 840,076       10            588,833 
 840,076       10            589,228 
 840,076       10            589,662 
 840,076       10            590,007 
 840,076       10            590,434 
 840,076       10            590,815 
 840,076       10            591,213 
 840,076       10            591,597 
 840,076       10            592,014 
 840,076       10            592,467 
 840,076       10            592,859 
 840,076       10            593,311 
 840,076       10            593,703 
 840,076       10            594,159 
 840,076       10            594,608 
 840,076       10            594,98 
 840,076       10            595,367 
 840,076       10            595,764 
 840,076       10            596,15 
 840,076       10            596,539 
 840,076       10            596,972 
 840,076       10            597,314 
 840,076       10            597,745 
 840,076       10            598,141 
 840,076       10            598,585 
 840,076       10            598,97 
 840,076       10            599,362 
 840,076       10            599,861 
 840,076       10            600,253 
 840,076       10            600,642 
 840,076       10            601,043 
 840,076       10            601,424 
 840,076       10            601,802 
 840,076       10            602,189 
 840,076       10            602,582 
 840,076       10            602,954 
 840,076       10            603,348 
 840,076       10            603,734 
 840,076       10            604,105 
 840,076       10            604,449 
 840,076       10            604,881 
 840,076       10            605,222 
 840,076       10            605,67 
 840,076       10            606,11 
 840,076       10            606,507 
 840,076       10            606,941 
 840,076       10            607,328 
 840,076       10            607,711 
 840,076       10            608,057 
 840,076       10            608,484 
 840,076       10            608,932 
 840,076       10            609,322 
 840,076       10            609,666 
 840,076       10            610,092 
 840,076       10            610,444 
 840,076       10            610,93 
 840,076       10            611,329 
 840,076       10            611,765 
 840,076       10            612,115 
 840,076       10            612,612 
 840,076       10            613,001 
 840,076       10            613,335 
 840,076       10            613,785 
 840,076       10            614,209 
 840,076       10            614,612 
 840,076       10            615,009 
 840,076       10            615,445 
 840,076       10            615,889 
 840,076       10            616,287 
 840,076       10            616,736 
 840,076       10            617,116 
 840,076       10            617,493 
 840,076       10            617,941 
 840,076       10            618,288 
 840,076       10            618,668 
 840,076       10            619,061 
 840,076       10            619,498 
 840,076       10            619,887 
 840,076       10            620,27 
 840,076       10            620,715 
 840,076       10            621,097 
 840,076       10            621,502 
 840,076       10            621,946 
 840,076       10            622,358 
 840,076       10            622,812 
 840,076       10            623,199 
 840,076       10            623,597 
 840,076       10            623,975 
 840,076       10            624,374 
 840,076       10            624,801 
 840,076       10            625,146 
 840,076       10            625,538 
 840,076       10            625,967 
 840,076       10            626,357 
 840,076       10            626,766 
 840,076       10            627,15 
 840,076       10            627,609 
 840,076       10            628,003 
 840,076       10            628,443 
 840,076       10            628,828 
 840,076       10            629,217 
 840,076       10            629,599 
 840,076       10            629,987 
 840,076       10            630,374 
 840,076       10            630,777 
 840,076       10            631,158 
 840,076       10            631,534 
 840,076       10            631,912 
 840,076       10            632,313 
 840,076       10            632,756 
 840,076       10            633,137 
 840,076       10            633,478 
 840,076       10            633,867 
 840,076       10            634,293 
 840,076       10            634,637 
 840,076       10            635,091 
 840,076       10            635,533 
 840,076       10            635,922 
 840,076       10            636,31 
 840,076       10            636,7 
 840,076       10            637,139 
 840,076       10            637,535 
 840,076       10            637,975 
 840,076       10            638,408 
 840,076       10            638,801 
 840,076       10            639,184 
 840,076       10            639,582 
 840,076       10            639,965 
 840,076       10            640,413 
 840,076       10            640,801 
 840,076       10            641,192 
 840,076       10            641,578 
 840,076       10            642,013 
 840,076       10            642,366 
 840,076       10            642,803 
 840,076       10            643,197 
 840,076       10            643,626 
 840,076       10            643,974 
 840,076       10            644,415 
 840,076       10            644,858 
 840,076       10            645,24 
 840,076       10            645,578 
 840,076       10            646,012 
 840,076       10            646,455 
 840,076       10            646,854 
 840,076       10            647,231 
 840,076       10            647,574 
 840,076       10            647,958 
 840,076       10            648,33 
 840,076       10            648,724 
 840,076       10            649,101 
 840,076       10            649,483 
 840,076       10            649,879 
 840,076       10            650,255 
 840,076       10            650,64 
 840,076       10            651,037 
 840,076       10            651,372 
 840,076       10            651,695 
 840,076       10            652,144 
 840,076       10            652,533 
 840,076       10            652,96 
 840,076       10            653,35 
 840,076       10            653,733 
 840,076       10            654,115 
 840,076       10            654,554 
 840,076       10            655 
 840,076       10            655,4 
 840,076       10            655,851 
 840,076       10            656,237 
 840,076       10            656,625 
 840,076       10            657,061 
 840,076       10            657,439 
 840,076       10            657,789 
 840,076       10            658,173 
 840,076       10            658,546 
 840,076       10            658,929 
 840,076       10            659,32 
 840,076       10            659,71 
 840,076       10            660,151 
 840,076       10            660,558 
 840,076       10            660,989 
 840,076       10            661,379 
 840,076       10            661,814 
 840,076       10            662,264 
 840,076       10            662,618 
 840,076       10            663 
 840,076       10            663,443 
 840,076       10            663,904 
 840,076       10            664,332 
 840,076       10            664,718 
 840,076       10            665,12 
 840,076       10            665,502 
 840,076       10            665,874 
 840,076       10            666,272 
 840,076       10            666,671 
 840,076       10            667,111 
 840,076       10            667,55 
 840,076       10            667,934 
 840,076       10            668,383 
 840,076       10            668,768 
 840,076       10            669,161 
 840,076       10            669,554 
 840,076       10            669,95 
 840,076       10            670,33 
 840,076       10            670,758 
 840,076       10            671,146 
 840,076       10            671,602 
 840,076       10            671,945 
 840,076       10            672,318 
 840,076       10            672,692 
 840,076       10            673,094 
 840,076       10            673,467 
 840,076       10            673,855 
 840,076       10            674,311 
 840,076       10            674,703 
 840,076       10            675,077 
 840,076       10            675,471 
 840,076       10            675,851 
 840,076       10            676,302 
 840,076       10            676,748 
 840,076       10            677,151 
 840,076       10            677,59 
 840,076       10            677,978 
 840,076       10            678,384 
 840,076       10            678,756 
 840,076       10            679,136 
 840,076       10            679,578 
 840,076       10            679,965 
 840,076       10            680,368 
 840,076       10            680,761 
 840,076       10            681,19 
 840,076       10            681,581 
 840,076       10            681,982 
 840,076       10            682,445 
 840,076       10            682,836 
 840,076       10            683,177 
 840,076       10            683,57 
 840,076       10            683,959 
 840,076       10            684,386 
 840,076       10            684,793 
 840,076       10            685,232 
 840,076       10            685,629 
 840,076       10            686,073 
 840,076       10            686,509 
 840,076       10            686,931 
 840,076       10            687,313 
 840,076       10            687,715 
 840,076       10            688,105 
 840,076       10            688,535 
 840,076       10            688,93 
 840,076       10            689,307 
 840,076       10            689,643 
 840,076       10            690,03 
 840,076       10            690,478 
 840,076       10            690,865 
 840,076       10            691,244 
 840,076       10            691,679 
 840,076       10            692,071 
 840,076       10            692,456 
 840,076       10            692,797 
 840,076       10            693,167 
 840,076       10            693,554 
 840,076       10            693,942 
 840,076       10            694,337 
 840,076       10            694,797 
 840,076       10            695,169 
 840,076       10            695,561 
 840,076       10            696 
 840,076       10            696,393 
 840,076       10            696,794 
 840,076       10            697,216 
 840,076       10            697,603 
 840,076       10            697,948 
 840,076       10            698,382 
 840,076       10            698,775 
 840,076       10            699,158 
 840,076       10            699,608 
 840,076       10            699,989 
 840,076       10            700,439 
 840,076       10            700,779 
 840,076       10            701,211 
 840,076       10            701,599 
 840,076       10            701,936 
 840,076       10            702,319 
 840,076       10            702,706 
 840,076       10            703,088 
 840,076       10            703,539 
 840,076       10            703,931 
 840,076       10            704,317 
 840,076       10            704,704 
 840,076       10            705,131 
 840,076       10            705,536 
 840,076       10            705,928 
 840,076       10            706,362 
 840,076       10            706,757 
 840,076       10            707,197 
 840,076       10            707,591 
 840,076       10            708,035 
 840,076       10            708,431 
 840,076       10            708,863 
 840,076       10            709,207 
 840,076       10            709,591 
 840,076       10            709,979 
 840,076       10            710,364 
 840,076       10            710,742 
 840,076       10            711,115 
 840,076       10            711,527 
 840,076       10            711,959 
 840,076       10            712,36 
 840,076       10            712,76 
 840,076       10            713,111 
 840,076       10            713,495 
 840,076       10            713,921 
 840,076       10            714,264 
 840,076       10            714,65 
 840,076       10            715,046 
 840,076       10            715,484 
 840,076       10            715,875 
 840,076       10            716,315 
 840,076       10            716,719 
 840,076       10            717,148 
 840,076       10            717,547 
 840,076       10            717,976 
 840,076       10            718,318 
 840,076       10            718,696 
 840,076       10            719,075 
 840,076       10            719,481 
 840,076       10            719,927 
 840,076       10            720,312 
 840,076       10            720,753 
 840,076       10            721,15 
 840,076       10            721,531 
 840,076       10            721,967 
 840,076       10            722,352 
 840,076       10            722,754 
 840,076       10            723,129 
 840,076       10            723,51 
 840,076       10            723,906 
 840,076       10            724,244 
 840,076       10            724,621 
 840,076       10            725,06 
 840,076       10            725,463 
 840,076       10            725,859 
 840,076       10            726,293 
 840,076       10            726,73 
 840,076       10            727,124 
 840,076       10            727,568 
 840,076       10            727,983 
 840,076       10            728,425 
 840,076       10            728,856 
 840,076       10            729,265 
 840,076       10            729,689 
 840,076       10            730,083 
 840,076       10            730,483 
 840,076       10            730,877 
 840,076       10            731,379 
 840,076       10            731,76 
 840,076       10            732,16 
 840,076       10            732,599 
 840,076       10            732,983 
 840,076       10            733,328 
 840,076       10            733,748 
 840,076       10            734,134 
 840,076       10            734,532 
 840,076       10            734,912 
 840,076       10            735,317 
 840,076       10            735,763 
 840,076       10            736,208 
 840,076       10            736,646 
 840,076       10            737,054 
 840,076       10            737,436 
 840,076       10            737,876 
 840,076       10            738,318 
 840,076       10            738,709 
 840,076       10            739,089 
 840,076       10            739,483 
 840,076       10            739,866 
 840,076       10            740,321 
 840,076       10            740,702 
 840,076       10            741,087 
 840,076       10            741,473 
 840,076       10            741,865 
 840,076       10            742,331 
 840,076       10            742,734 
 840,076       10            743,143 
 840,076       10            743,6 
 840,076       10            743,98 
 840,076       10            744,412 
 840,076       10            744,761 
 840,076       10            745,144 
 840,076       10            745,58 
 840,076       10            745,962 
 840,076       10            746,354 
 840,076       10            746,812 
 840,076       10            747,159 
 840,076       10            747,595 
 840,076       10            748,035 
 840,076       10            748,427 
 840,076       10            748,872 
 840,076       10            749,273 
 840,076       10            749,649 
 840,076       10            750,041 
 840,076       10            750,431 
 840,076       10            750,813 
 840,076       10            751,188 
 840,076       10            751,592 
 840,076       10            751,976 
 840,076       10            752,348 
 840,076       10            752,698 
 840,076       10            753,125 
 840,076       10            753,519 
 840,076       10            753,854 
 840,076       10            754,245 
 840,076       10            754,681 
 840,076       10            755,065 
 840,076       10            755,469 
 840,076       10            755,842 
 840,076       10            756,277 
 840,076       10            756,668 
 840,076       10            757 
 840,076       10            757,396 
 840,076       10            757,849 
 840,076       10            758,279 
 840,076       10            758,627 
 840,076       10            759,057 
 840,076       10            759,458 
 840,076       10            759,892 
 840,076       10            760,237 
 840,076       10            760,667 
 840,076       10            761,06 
 840,076       10            761,456 
 840,076       10            761,833 
 840,076       10            762,228 
 840,076       10            762,674 
 840,076       10            763,059 
 840,076       10            763,445 
 840,076       10            763,84 
 840,076       10            764,23 
 840,076       10            764,665 
 840,076       10            765,047 
 840,076       10            765,498 
 840,076       10            765,829 
 840,076       10            766,202 
 840,076       10            766,592 
 840,076       10            766,975 
 840,076       10            767,372 
 840,076       10            767,756 
 840,076       10            768,132 
 840,076       10            768,521 
 840,076       10            768,963 
 840,076       10            769,305 
 840,076       10            769,686 
 840,076       10            770,063 
 840,076       10            770,454 
 840,076       10            770,85 
 840,076       10            771,222 
 840,076       10            771,616 
 840,076       10            772,06 
 840,076       10            772,472 
 840,076       10            772,872 
 840,076       10            773,278 
 840,076       10            773,71 
 840,076       10            774,122 
 840,076       10            774,553 
 840,076       10            774,996 
 840,076       10            775,385 
 840,076       10            775,786 
 840,076       10            776,235 
 840,076       10            776,637 
 840,076       10            777,068 
 840,076       10            777,45 
 840,076       10            777,839 
 840,076       10            778,231 
 840,076       10            778,564 
 840,076       10            778,987 
 840,076       10            779,389 
 840,076       10            779,765 
 840,076       10            780,148 
 840,076       10            780,49 
 840,076       10            780,881 
 840,076       10            781,317 
 840,076       10            781,832 
 840,076       10            782,234 
 840,076       10            782,611 
 840,076       10            783,043 
 840,076       10            783,444 
 840,076       10            783,904 
 840,076       10            784,285 
 840,076       10            784,68 
 840,076       10            785,106 
 840,076       10            785,503 
 840,076       10            785,887 
 840,076       10            786,263 
 840,076       10            786,654 
 840,076       10            787,045 
 840,076       10            787,512 
 840,076       10            787,937 
 840,076       10            788,333 
 840,076       10            788,729 
 840,076       10            789,112 
 840,076       10            789,503 
 840,076       10            789,93 
 840,076       10            790,331 
 840,076       10            790,777 
 840,076       10            791,176 
 840,076       10            791,56 
 840,076       10            791,988 
 840,076       10            792,379 
 840,076       10            792,769 
 840,076       10            793,167 
 840,076       10            793,593 
 840,076       10            793,99 
 840,076       10            794,38 
 840,076       10            794,764 
 840,076       10            795,163 
 840,076       10            795,533 
 840,076       10            795,92 
 840,076       10            796,328 
 840,076       10            796,755 
 840,076       10            797,151 
 840,076       10            797,592 
 840,076       10            797,987 
 840,076       10            798,382 
 840,076       10            798,773 
 840,076       10            799,143 
 840,076       10            799,596 
 840,076       10            799,995 
 840,076       10            800,417 
 840,076       10            800,818 
 840,076       10            801,216 
 840,076       10            801,605 
 840,076       10            801,975 
 840,076       10            802,388 
 840,076       10            802,855 
 840,076       10            803,301 
 840,076       10            803,698 
 840,076       10            804,134 
 840,076       10            804,515 
 840,076       10            804,964 
 840,076       10            805,299 
 840,076       10            805,699 
 840,076       10            806,151 
 840,076       10            806,595 
 840,076       10            806,995 
 840,076       10            807,383 
 840,076       10            807,766 
 840,076       10            808,156 
 840,076       10            808,597 
 840,076       10            808,985 
 840,076       10            809,367 
 840,076       10            809,766 
 840,076       10            810,195 
 840,076       10            810,583 
 840,076       10            810,927 
 840,076       10            811,361 
 840,076       10            811,737 
 840,076       10            812,128 
 840,076       10            812,519 
 840,076       10            812,898 
 840,076       10            813,295 
 840,076       10            813,689 
 840,076       10            814,067 
 840,076       10            814,455 
 840,076       10            814,827 
 840,076       10            815,213 
 840,076       10            815,599 
 840,076       10            815,994 
 840,076       10            816,446 
 840,076       10            816,837 
 840,076       10            817,282 
 840,076       10            817,67 
 840,076       10            818,105 
 840,076       10            818,517 
 840,076       10            818,951 
 840,076       10            819,36 
 840,076       10            819,849 
 840,076       10            820,186 
 840,076       10            820,649 
 840,076       10            821,034 
 840,076       10            821,411 
 840,076       10            821,787 
 840,076       10            822,169 
 840,076       10            822,58 
 840,076       10            823,017 
 840,076       10            823,403 
 840,076       10            823,801 
 840,076       10            824,179 
 840,076       10            824,564 
 840,076       10            824,957 
 840,076       10            825,341 
 840,076       10            825,715 
 840,076       10            826,111 
 840,076       10            826,498 
 840,076       10            826,89 
 840,076       10            827,328 
 840,076       10            827,765 
 840,076       10            828,105 
 840,076       10            828,479 
 840,076       10            828,867 
 840,076       10            829,272 
 840,076       10            829,702 
 840,076       10            830,046 
 840,076       10            830,475 
 840,076       10            830,853 
 840,076       10            831,186 
 840,076       10            831,628 
 840,076       10            831,97 
 840,076       10            832,368 
 840,076       10            832,765 
 840,076       10            833,163 
 840,076       10            833,553 
 840,076       10            834 
 840,076       10            834,444 
 840,076       10            834,82 
 840,076       10            835,232 
 840,076       10            835,658 
 840,076       10            835,999 
 840,076       10            836,375 
 840,076       10            836,772 
 840,076       10            837,203 
 840,076       10            837,591 
 840,076       10            837,933 
 840,076       10            838,321 
 840,076       10            838,825 
 840,076       10            839,203 
