Costo de la solución:
 2846,60737064377 

1	1	205,211	140	0	53	79	67	73	72	81	20	40	70		0
1	2	261,413	140	0	78	91	55	56	8	77	60	71		0
1	3	300,275	170	0	83	17	21	58	6	51	74	76		0
1	4	314,684	120	0	10	11	94	61	87	1	54	80		0
1	5	227,321	160	0	88	100	38	23	5	45	44	75	92		0
1	6	247,192	180	0	49	63	66	2	68	35	98	93		0
1	7	223,408	150	0	19	27	31	24	4	29	90	97	16		0
1	8	260,384	160	0	47	95	42	28	26	85	84	39		0
1	9	217,783	160	0	9	46	64	50	22	7	37	13	14		0
1	10	226,738	160	0	62	82	65	86	30	18	15	3	12		0
1	11	229,48	140	0	48	41	69	32	25	99	52	89	96		0
1	12	132,713	130	0	57	59	34	33	43	36		0
1	13	0	0	0		0

Tiempo de ejecución:
 22,3750312499978 
