Costo de la solución:
 2888,07377174076 

1	1	415,035	200	0	52	26	4	12	99	80	11	66	100	64	77	54	70		0
1	2	291,869	200	0	21	17	57	68	24	6	2	88	71		0
1	3	265,882	200	0	76	74	79	78	87	29	45	33	94	83	73		0
1	4	361,127	200	0	75	69	96	56	59	15	85	61	50	81		0
1	5	320,239	200	0	89	53	90	7	55	91	22	27	58	13	51	60		0
1	6	270,925	200	0	38	25	9	43	42	72	82	16	92		0
1	7	316	200	0	86	1	47	63	67	10	84	40	3	35	5	93		0
1	8	217,156	200	0	95	97	46	31	36	30	18	32	39		0
1	9	393,781	190	0	23	41	98	65	37	19	48	20	49	8	44	34	28	14		0
1	10	36,055	20	0	62		0

Tiempo de ejecución:
 21,4691562500011 
