Costo de la solución:
 2086,27548424105 

1	1	167,554	109	0	27	34	81	84	5	65		0
1	2	153,939	98	0	63	31	66	40	11	69	64		0
1	3	158,85	128	0	95	59	62	90	36	32	49		0
1	4	159,363	120	0	26	13	72	21	76	80	67		0
1	5	152,424	120	0	37	28	85	43	50	16	38		0
1	6	159,699	83	0	33	1	39	55	30	35		0
1	7	162,409	63	0	12	44	60	6	70	71		0
1	8	128,1	133	0	22	89	61	91	100	96	99	92	75	23		0
1	9	127,976	153	0	8	52	17	87	98	93	83	47	48	46		0
1	10	158,328	109	0	78	79	3	77	82	7	86		0
1	11	140,289	131	0	56	53	58	94	68	41	4	25		0
1	12	154,823	64	0	51	97	42	88	24	29	9		0
1	13	139,075	89	0	18	15	54	74	73	2	57	14		0
1	14	123,44	58	0	10	45	20	19		0
1	15	0	0	0		0

Tiempo de ejecución:
 0,952250000002095 
